{
    "HF": -2.0404864896353656,
    "coordinates": [
        [
            0.0,
            0.0,
            0.0
        ],
        [
            1.4,
            0.0,
            0.0
        ],
        [
            2.8,
            0.0,
            0.0
        ],
        [
            4.2,
            0.0,
            0.0
        ]
    ],
    "elements": [
        "H",
        "H",
        "H",
        "H"
    ],
    "Enn": 1.6379294623714287,
    "S": [
        [
            0.9999999999999999,
            0.6848602514927513,
            0.0,
            0.0,
            0.0,
            0.16099442306576994,
            0.3453559469424035,
            0.0,
            -0.2092756254034664,
            0.0,
            0.0013223889202185074,
            0.044702375083929345,
            0.0,
            -0.0011781832211115114,
            0.0,
            5.486611652416393e-07,
            0.0015141265199115027,
            0.0,
            -1.1325557902521426e-07,
            0.0
        ],
        [
            0.6848602514927513,
            1.0000000000000002,
            0.0,
            0.0,
            0.0,
            0.34535594694240346,
            0.6524919281062077,
            0.0,
            -0.18336701123346172,
            0.0,
            0.04470237508392933,
            0.18125941489990915,
            0.0,
            -0.04089532561015764,
            0.0,
            0.0015141265199115027,
            0.021437606305259215,
            0.0,
            -0.0015847802253850262,
            0.0
        ],
        [
            0.0,
            0.0,
            1.0000000000000004,
            0.0,
            0.0,
            0.0,
            0.0,
            0.0785326477433081,
            0.0,
            0.0,
            0.0,
            0.0,
            3.803653611920932e-05,
            0.0,
            0.0,
            0.0,
            0.0,
            1.1361931331528756e-10,
            0.0,
            0.0
        ],
        [
            0.0,
            0.0,
            0.0,
            1.0000000000000004,
            0.0,
            0.20927562540346636,
            0.18336701123346175,
            0.0,
            -0.3210792924968597,
            0.0,
            0.001178183221111511,
            0.04089532561015765,
            0.0,
            -0.0007361563345093078,
            0.0,
            1.1325557902521425e-07,
            0.0015847802253850254,
            0.0,
            -5.089728847309015e-09,
            0.0
        ],
        [
            0.0,
            0.0,
            0.0,
            0.0,
            1.0000000000000004,
            0.0,
            0.0,
            0.0,
            0.0,
            0.0785326477433081,
            0.0,
            0.0,
            0.0,
            0.0,
            3.803653611920932e-05,
            0.0,
            0.0,
            0.0,
            0.0,
            1.1361931331528756e-10
        ],
        [
            0.16099442306576994,
            0.3453559469424035,
            0.0,
            0.2092756254034664,
            0.0,
            0.9999999999999999,
            0.6848602514927513,
            0.0,
            0.0,
            0.0,
            0.16099442306576994,
            0.3453559469424035,
            0.0,
            -0.2092756254034664,
            0.0,
            0.0013223889202185015,
            0.04470237508392924,
            0.0,
            -0.0011781832211115036,
            0.0
        ],
        [
            0.34535594694240346,
            0.6524919281062077,
            0.0,
            0.18336701123346172,
            0.0,
            0.6848602514927513,
            1.0000000000000002,
            0.0,
            0.0,
            0.0,
            0.34535594694240346,
            0.6524919281062077,
            0.0,
            -0.18336701123346172,
            0.0,
            0.04470237508392924,
            0.18125941489990896,
            0.0,
            -0.04089532561015762,
            0.0
        ],
        [
            0.0,
            0.0,
            0.0785326477433081,
            0.0,
            0.0,
            0.0,
            0.0,
            1.0000000000000004,
            0.0,
            0.0,
            0.0,
            0.0,
            0.0785326477433081,
            0.0,
            0.0,
            0.0,
            0.0,
            3.8036536119208984e-05,
            0.0,
            0.0
        ],
        [
            -0.20927562540346636,
            -0.1833670112334617,
            0.0,
            -0.3210792924968597,
            0.0,
            0.0,
            0.0,
            0.0,
            1.0000000000000004,
            0.0,
            0.2092756254034664,
            0.1833670112334617,
            0.0,
            -0.3210792924968597,
            0.0,
            0.001178183221111505,
            0.04089532561015759,
            0.0,
            -0.000736156334509302,
            0.0
        ],
        [
            0.0,
            0.0,
            0.0,
            0.0,
            0.0785326477433081,
            0.0,
            0.0,
            0.0,
            0.0,
            1.0000000000000004,
            0.0,
            0.0,
            0.0,
            0.0,
            0.0785326477433081,
            0.0,
            0.0,
            0.0,
            0.0,
            3.8036536119208984e-05
        ],
        [
            0.0013223889202185074,
            0.044702375083929345,
            0.0,
            0.0011781832211115114,
            0.0,
            0.16099442306576994,
            0.3453559469424035,
            0.0,
            0.2092756254034664,
            0.0,
            0.9999999999999999,
            0.6848602514927513,
            0.0,
            0.0,
            0.0,
            0.16099442306576955,
            0.3453559469424031,
            0.0,
            -0.20927562540346598,
            0.0
        ],
        [
            0.04470237508392933,
            0.18125941489990915,
            0.0,
            0.04089532561015764,
            0.0,
            0.34535594694240346,
            0.6524919281062077,
            0.0,
            0.18336701123346172,
            0.0,
            0.6848602514927513,
            1.0000000000000002,
            0.0,
            0.0,
            0.0,
            0.3453559469424031,
            0.6524919281062073,
            0.0,
            -0.18336701123346152,
            0.0
        ],
        [
            0.0,
            0.0,
            3.803653611920932e-05,
            0.0,
            0.0,
            0.0,
            0.0,
            0.0785326477433081,
            0.0,
            0.0,
            0.0,
            0.0,
            1.0000000000000004,
            0.0,
            0.0,
            0.0,
            0.0,
            0.07853264774330784,
            0.0,
            0.0
        ],
        [
            -0.001178183221111511,
            -0.04089532561015764,
            0.0,
            -0.0007361563345093078,
            0.0,
            -0.2092756254034664,
            -0.1833670112334617,
            0.0,
            -0.3210792924968597,
            0.0,
            0.0,
            0.0,
            0.0,
            1.0000000000000004,
            0.0,
            0.20927562540346586,
            0.1833670112334615,
            0.0,
            -0.3210792924968592,
            0.0
        ],
        [
            0.0,
            0.0,
            0.0,
            0.0,
            3.803653611920932e-05,
            0.0,
            0.0,
            0.0,
            0.0,
            0.0785326477433081,
            0.0,
            0.0,
            0.0,
            0.0,
            1.0000000000000004,
            0.0,
            0.0,
            0.0,
            0.0,
            0.07853264774330784
        ],
        [
            5.486611652416393e-07,
            0.0015141265199115027,
            0.0,
            1.1325557902521426e-07,
            0.0,
            0.0013223889202185015,
            0.04470237508392924,
            0.0,
            0.0011781832211115036,
            0.0,
            0.16099442306576955,
            0.3453559469424031,
            0.0,
            0.20927562540346598,
            0.0,
            0.9999999999999999,
            0.6848602514927513,
            0.0,
            0.0,
            0.0
        ],
        [
            0.0015141265199115027,
            0.021437606305259215,
            0.0,
            0.0015847802253850262,
            0.0,
            0.04470237508392924,
            0.18125941489990896,
            0.0,
            0.04089532561015762,
            0.0,
            0.3453559469424031,
            0.6524919281062073,
            0.0,
            0.18336701123346152,
            0.0,
            0.6848602514927513,
            1.0000000000000002,
            0.0,
            0.0,
            0.0
        ],
        [
            0.0,
            0.0,
            1.1361931331528756e-10,
            0.0,
            0.0,
            0.0,
            0.0,
            3.8036536119208984e-05,
            0.0,
            0.0,
            0.0,
            0.0,
            0.07853264774330784,
            0.0,
            0.0,
            0.0,
            0.0,
            1.0000000000000004,
            0.0,
            0.0
        ],
        [
            -1.1325557902521426e-07,
            -0.0015847802253850258,
            0.0,
            -5.089728847309015e-09,
            0.0,
            -0.001178183221111505,
            -0.04089532561015757,
            0.0,
            -0.000736156334509302,
            0.0,
            -0.20927562540346586,
            -0.1833670112334615,
            0.0,
            -0.3210792924968592,
            0.0,
            0.0,
            0.0,
            0.0,
            1.0000000000000004,
            0.0
        ],
        [
            0.0,
            0.0,
            0.0,
            0.0,
            1.1361931331528756e-10,
            0.0,
            0.0,
            0.0,
            0.0,
            3.8036536119208984e-05,
            0.0,
            0.0,
            0.0,
            0.0,
            0.07853264774330784,
            0.0,
            0.0,
            0.0,
            0.0,
            1.0000000000000004
        ]
    ],
    "h": [
        [
            -0.06351075446780952,
            -0.3451246625335559,
            -2.282526101239134e-18,
            -0.06181148146156849,
            5.518998326936163e-19,
            -0.28322260330962645,
            -0.30329498749305117,
            -4.956243880383153e-19,
            0.12276982424006172,
            -3.550828880195717e-19,
            -0.018615856873067042,
            -0.0851849362807477,
            1.3132749938883005e-19,
            0.03655113957558952,
            1.254917630277403e-19,
            0.01857024237848546,
            0.009523948068308977,
            5.278795105381846e-20,
            -0.0025161995054423887,
            5.295928181281736e-20
        ],
        [
            -0.3451246625335559,
            -0.2452226011849752,
            -1.0022621622034012e-18,
            -0.07648820561546876,
            2.127059286061789e-18,
            -0.3162517013551024,
            -0.28546276587971087,
            3.92723917890589e-20,
            0.05412797927905405,
            -9.253704766951128e-20,
            -0.06833260553851142,
            -0.1292151047327934,
            1.6789235493934032e-19,
            0.05952458941263617,
            1.621635104002065e-19,
            0.00952394806830896,
            -0.011726497005252474,
            5.611382617333372e-20,
            0.003437085920225006,
            5.98870678646294e-20
        ],
        [
            -2.282526101239134e-18,
            -1.0022621622034012e-18,
            1.4912090637372266,
            4.400589619652636e-19,
            -2.998067000319069e-33,
            3.514545718392105e-18,
            5.078096251633018e-18,
            -0.03010234545298568,
            3.4360216532596944e-18,
            -5.240671253691676e-34,
            1.0195147717290262e-17,
            1.1179244062956496e-17,
            -0.000627856492093698,
            4.356570011355488e-19,
            -1.826337080365707e-35,
            7.063808206237586e-18,
            9.080178836122749e-18,
            0.00016512279477029582,
            -2.304496290636897e-18,
            -5.15482950137081e-38
        ],
        [
            -0.06181148146156849,
            -0.07648820561546876,
            4.400589619652636e-19,
            1.446554620033647,
            1.3778179412691767e-18,
            -0.12294256678288507,
            -0.06307426362785334,
            2.4773123353357515e-19,
            -0.15725574074221982,
            2.862947062471732e-20,
            -0.016321929172817874,
            -0.04604808177741365,
            5.155218446777873e-20,
            0.017573472048588015,
            5.2331123485681247e-20,
            0.0025161995054423787,
            -0.0034370859202250163,
            1.286656328072722e-20,
            0.00018625578849782592,
            1.405458794971313e-20
        ],
        [
            5.518998326936163e-19,
            2.127059286061789e-18,
            -2.998067000319069e-33,
            1.3778179412691767e-18,
            1.4912090637372264,
            6.374381044588584e-18,
            7.807660972584453e-18,
            -4.380350264502835e-34,
            1.876052379819429e-18,
            -0.03010234545298565,
            9.638283490908685e-18,
            1.1232062513407381e-17,
            -1.4068090369245472e-35,
            -1.632068270032039e-19,
            -0.0006278564920936981,
            6.16285681039296e-18,
            8.14228023485686e-18,
            -8.585960046673493e-38,
            -2.0758587360887603e-18,
            0.00016512279477029582
        ],
        [
            -0.28322260330962645,
            -0.3162517013551024,
            3.514545718392105e-18,
            -0.12294256678288507,
            6.374381044588584e-18,
            -0.10030606942250908,
            -0.3904293329157519,
            1.4823795287627175e-18,
            0.02022755112882883,
            8.72405261694359e-19,
            -0.19969557669297733,
            -0.24935137881029779,
            1.999721848902847e-19,
            0.10610033149880571,
            2.029043956451213e-19,
            -0.018615856873067053,
            -0.06833260553851134,
            3.296113705406875e-20,
            0.016321929172817815,
            4.593535056369452e-20
        ],
        [
            -0.30329498749305117,
            -0.28546276587971087,
            5.078096251633018e-18,
            -0.06307426362785334,
            7.807660972584453e-18,
            -0.3904293329157519,
            -0.3226613942684451,
            1.9604109407852343e-18,
            0.02161938200631969,
            1.6244379801859768e-18,
            -0.24935137881029767,
            -0.2519553000653534,
            2.5973828979827722e-19,
            0.03517669009837246,
            2.1809492764976084e-19,
            -0.08518493628074761,
            -0.12921510473279346,
            4.878629475342286e-20,
            0.04604808177741363,
            5.6921026100668e-20
        ],
        [
            -4.956243880383153e-19,
            3.92723917890589e-20,
            -0.03010234545298568,
            2.4773123353357515e-19,
            -4.380350264502835e-34,
            1.4823795287627175e-18,
            1.9604109407852343e-18,
            1.4827522091903174,
            8.215629638004067e-19,
            -9.161823717871142e-35,
            3.3266772122986207e-18,
            3.531602254645631e-18,
            -0.02807735960779137,
            -7.510054122983892e-20,
            -5.731240701511272e-36,
            1.991346415353179e-18,
            2.627288467513235e-18,
            -0.0006278564920936967,
            -7.275186550287097e-19,
            -8.503606642663918e-39
        ],
        [
            0.12276982424006172,
            0.05412797927905405,
            3.4360216532596944e-18,
            -0.15725574074221982,
            1.876052379819429e-18,
            0.02022755112882883,
            0.02161938200631969,
            8.215629638004067e-19,
            1.396246176796185,
            1.2965373441115837e-18,
            -0.10610033149880616,
            -0.03517669009837224,
            6.087977051185224e-20,
            -0.16994423485032795,
            4.026911263219647e-20,
            -0.03655113957558951,
            -0.05952458941263608,
            -5.131077427224434e-21,
            0.017573472048587946,
            -2.4799882825896913e-21
        ],
        [
            -3.550828880195717e-19,
            -9.253704766951128e-20,
            -5.240671253691676e-34,
            2.862947062471732e-20,
            -0.03010234545298565,
            8.72405261694359e-19,
            1.6244379801859768e-18,
            -9.161823717871142e-35,
            1.2965373441115837e-18,
            1.4827522091903171,
            3.694922514436443e-18,
            3.709904105755272e-18,
            -5.5542165608262524e-36,
            -5.790725321051693e-20,
            -0.02807735960779137,
            2.205750375201971e-18,
            2.900068509764141e-18,
            -3.628960439039801e-38,
            -8.137483810761561e-19,
            -0.0006278564920936967
        ],
        [
            -0.018615856873067042,
            -0.06833260553851142,
            1.0195147717290262e-17,
            -0.016321929172817874,
            9.638283490908685e-18,
            -0.19969557669297733,
            -0.24935137881029767,
            3.3266772122986207e-18,
            -0.10610033149880616,
            3.694922514436443e-18,
            -0.10030606942250886,
            -0.39042933291575177,
            2.0595232694528827e-19,
            -0.020227551128828722,
            1.0058254922430702e-19,
            -0.28322260330962573,
            -0.31625170135510233,
            8.086491765717732e-21,
            0.12294256678288526,
            2.2539035199183187e-21
        ],
        [
            -0.0851849362807477,
            -0.1292151047327934,
            1.1179244062956496e-17,
            -0.04604808177741365,
            1.1232062513407381e-17,
            -0.24935137881029779,
            -0.2519553000653534,
            3.531602254645631e-18,
            -0.03517669009837224,
            3.709904105755272e-18,
            -0.39042933291575177,
            -0.32266139426844553,
            2.6962985925255913e-19,
            -0.02161938200631955,
            1.8150730897063689e-19,
            -0.3032949874930508,
            -0.285462765879711,
            1.9294326663003273e-20,
            0.06307426362785329,
            4.1912416505723534e-21
        ],
        [
            1.3132749938883005e-19,
            1.6789235493934032e-19,
            -0.000627856492093698,
            5.155218446777873e-20,
            -1.4068090369245472e-35,
            1.999721848902847e-19,
            2.5973828979827722e-19,
            -0.02807735960779137,
            6.087977051185224e-20,
            -5.5542165608262524e-36,
            2.0595232694528827e-19,
            2.6962985925255913e-19,
            1.482752209190317,
            3.0171451054317366e-20,
            2.6153745342260532e-36,
            1.613463568139681e-19,
            1.9469081387323265e-19,
            -0.030102345452985776,
            -6.473181386161149e-20,
            6.431927736089866e-38
        ],
        [
            0.03655113957558952,
            0.05952458941263617,
            4.356570011355488e-19,
            0.017573472048588015,
            -1.632068270032039e-19,
            0.10610033149880571,
            0.03517669009837246,
            -7.510054122983892e-20,
            -0.16994423485032795,
            -5.790725321051693e-20,
            -0.020227551128828722,
            -0.02161938200631955,
            3.0171451054317366e-20,
            1.3962461767961845,
            6.74176336125097e-20,
            -0.12276982424006155,
            -0.054127979279053884,
            -8.553995872706308e-21,
            -0.15725574074221865,
            -2.3878000243874787e-20
        ],
        [
            1.254917630277403e-19,
            1.621635104002065e-19,
            -1.826337080365707e-35,
            5.2331123485681247e-20,
            -0.0006278564920936981,
            2.029043956451213e-19,
            2.1809492764976084e-19,
            -5.731240701511272e-36,
            4.026911263219647e-20,
            -0.02807735960779137,
            1.0058254922430702e-19,
            1.8150730897063689e-19,
            2.6153745342260532e-36,
            6.74176336125097e-20,
            1.4827522091903167,
            1.6391949658649493e-19,
            1.65262786732255e-19,
            6.077628977663349e-38,
            -5.779662642872977e-20,
            -0.030102345452985776
        ],
        [
            0.01857024237848546,
            0.00952394806830896,
            7.063808206237586e-18,
            0.0025161995054423787,
            6.16285681039296e-18,
            -0.018615856873067053,
            -0.08518493628074761,
            1.991346415353179e-18,
            -0.03655113957558951,
            2.205750375201971e-18,
            -0.28322260330962573,
            -0.3032949874930508,
            1.613463568139681e-19,
            -0.12276982424006155,
            1.6391949658649493e-19,
            -0.06351075446780863,
            -0.3451246625335559,
            4.081325100687849e-21,
            0.06181148146156827,
            -3.6980191283418497e-20
        ],
        [
            0.009523948068308977,
            -0.011726497005252474,
            9.080178836122749e-18,
            -0.0034370859202250163,
            8.14228023485686e-18,
            -0.06833260553851134,
            -0.12921510473279346,
            2.627288467513235e-18,
            -0.05952458941263608,
            2.900068509764141e-18,
            -0.31625170135510233,
            -0.285462765879711,
            1.9469081387323265e-19,
            -0.054127979279053884,
            1.65262786732255e-19,
            -0.3451246625335559,
            -0.24522260118497496,
            7.041257769267284e-21,
            0.0764882056154686,
            -3.084479247541356e-20
        ],
        [
            5.278795105381846e-20,
            5.611382617333372e-20,
            0.00016512279477029582,
            1.286656328072722e-20,
            -8.585960046673493e-38,
            3.296113705406875e-20,
            4.878629475342286e-20,
            -0.0006278564920936967,
            -5.131077427224434e-21,
            -3.628960439039801e-38,
            8.086491765717732e-21,
            1.9294326663003273e-20,
            -0.030102345452985776,
            -8.553995872706308e-21,
            6.077628977663349e-38,
            4.081325100687849e-21,
            7.041257769267284e-21,
            1.4912090637372257,
            4.055358640873372e-21,
            2.967797619541482e-37
        ],
        [
            -0.0025161995054423887,
            0.003437085920225006,
            -2.304496290636897e-18,
            0.00018625578849782592,
            -2.0758587360887603e-18,
            0.016321929172817815,
            0.04604808177741363,
            -7.275186550287097e-19,
            0.017573472048587946,
            -8.137483810761561e-19,
            0.12294256678288526,
            0.06307426362785329,
            -6.473181386161149e-20,
            -0.15725574074221865,
            -5.779662642872977e-20,
            0.06181148146156827,
            0.0764882056154686,
            4.055358640873372e-21,
            1.446554620033647,
            1.189960780475349e-20
        ],
        [
            5.295928181281736e-20,
            5.98870678646294e-20,
            -5.15482950137081e-38,
            1.405458794971313e-20,
            0.00016512279477029582,
            4.593535056369452e-20,
            5.6921026100668e-20,
            -8.503606642663918e-39,
            -2.4799882825896913e-21,
            -0.0006278564920936967,
            2.2539035199183187e-21,
            4.1912416505723534e-21,
            6.431927736089866e-38,
            -2.3878000243874787e-20,
            -0.030102345452985776,
            -3.6980191283418497e-20,
            -3.084479247541356e-20,
            2.967797619541482e-37,
            1.189960780475349e-20,
            1.4912090637372255
        ]
    ]
}