{
    "HF": -2.005024699196124,
    "coordinates": [
        [
            0.0,
            0.0,
            0.0
        ],
        [
            1.5,
            0.0,
            0.0
        ],
        [
            3.0,
            0.0,
            0.0
        ],
        [
            4.5,
            0.0,
            0.0
        ]
    ],
    "elements": [
        "H",
        "H",
        "H",
        "H"
    ],
    "Enn": 1.52873416488,
    "S": [
        [
            0.9999999999999999,
            0.6848602514927513,
            0.0,
            0.0,
            0.0,
            0.12555625685452426,
            0.31213121703884816,
            0.0,
            -0.16545621891780188,
            0.0,
            0.0005247322196738468,
            0.02990649942494152,
            0.0,
            -0.00040247823683652387,
            0.0,
            6.909596874111341e-08,
            0.0006166204617508895,
            0.0,
            -9.274610897098788e-09,
            0.0
        ],
        [
            0.6848602514927513,
            1.0000000000000002,
            0.0,
            0.0,
            0.0,
            0.31213121703884816,
            0.6125475864917014,
            0.0,
            -0.1763188047230161,
            0.0,
            0.02990649942494154,
            0.14078595531747087,
            0.0,
            -0.028424557157340387,
            0.0,
            0.000616620461750889,
            0.012141112890847381,
            0.0,
            -0.0006412983127052166,
            0.0
        ],
        [
            0.0,
            0.0,
            1.0000000000000004,
            0.0,
            0.0,
            0.0,
            0.0,
            0.05389677453800268,
            0.0,
            0.0,
            0.0,
            0.0,
            8.438225014497445e-06,
            0.0,
            0.0,
            0.0,
            0.0,
            3.8376466065667445e-12,
            0.0,
            0.0
        ],
        [
            0.0,
            0.0,
            0.0,
            1.0000000000000004,
            0.0,
            0.16545621891780185,
            0.17631880472301592,
            0.0,
            -0.2609341890194054,
            0.0,
            0.0004024782368365238,
            0.028424557157340328,
            0.0,
            -0.00018872492879577535,
            0.0,
            9.274610897098754e-09,
            0.0006412983127052163,
            0.0,
            -1.979163526569112e-10,
            0.0
        ],
        [
            0.0,
            0.0,
            0.0,
            0.0,
            1.0000000000000004,
            0.0,
            0.0,
            0.0,
            0.0,
            0.05389677453800268,
            0.0,
            0.0,
            0.0,
            0.0,
            8.438225014497445e-06,
            0.0,
            0.0,
            0.0,
            0.0,
            3.8376466065667445e-12
        ],
        [
            0.12555625685452426,
            0.31213121703884816,
            0.0,
            0.16545621891780188,
            0.0,
            0.9999999999999999,
            0.6848602514927513,
            0.0,
            0.0,
            0.0,
            0.12555625685452426,
            0.31213121703884816,
            0.0,
            -0.1654562189178019,
            0.0,
            0.0005247322196738468,
            0.02990649942494152,
            0.0,
            -0.000402478236836524,
            0.0
        ],
        [
            0.31213121703884816,
            0.6125475864917014,
            0.0,
            0.1763188047230161,
            0.0,
            0.6848602514927513,
            1.0000000000000002,
            0.0,
            0.0,
            0.0,
            0.31213121703884816,
            0.6125475864917014,
            0.0,
            -0.17631880472301628,
            0.0,
            0.02990649942494154,
            0.14078595531747087,
            0.0,
            -0.028424557157340387,
            0.0
        ],
        [
            0.0,
            0.0,
            0.05389677453800268,
            0.0,
            0.0,
            0.0,
            0.0,
            1.0000000000000004,
            0.0,
            0.0,
            0.0,
            0.0,
            0.05389677453800268,
            0.0,
            0.0,
            0.0,
            0.0,
            8.438225014497445e-06,
            0.0,
            0.0
        ],
        [
            -0.16545621891780185,
            -0.17631880472301584,
            0.0,
            -0.2609341890194054,
            0.0,
            0.0,
            0.0,
            0.0,
            1.0000000000000004,
            0.0,
            0.16545621891780185,
            0.17631880472301584,
            0.0,
            -0.2609341890194054,
            0.0,
            0.0004024782368365238,
            0.02842455715734033,
            0.0,
            -0.00018872492879577535,
            0.0
        ],
        [
            0.0,
            0.0,
            0.0,
            0.0,
            0.05389677453800268,
            0.0,
            0.0,
            0.0,
            0.0,
            1.0000000000000004,
            0.0,
            0.0,
            0.0,
            0.0,
            0.05389677453800268,
            0.0,
            0.0,
            0.0,
            0.0,
            8.438225014497445e-06
        ],
        [
            0.0005247322196738468,
            0.02990649942494152,
            0.0,
            0.00040247823683652387,
            0.0,
            0.12555625685452426,
            0.31213121703884816,
            0.0,
            0.1654562189178019,
            0.0,
            0.9999999999999999,
            0.6848602514927513,
            0.0,
            0.0,
            0.0,
            0.12555625685452426,
            0.31213121703884816,
            0.0,
            -0.1654562189178019,
            0.0
        ],
        [
            0.02990649942494154,
            0.14078595531747087,
            0.0,
            0.028424557157340387,
            0.0,
            0.31213121703884816,
            0.6125475864917014,
            0.0,
            0.1763188047230161,
            0.0,
            0.6848602514927513,
            1.0000000000000002,
            0.0,
            0.0,
            0.0,
            0.31213121703884816,
            0.6125475864917014,
            0.0,
            -0.17631880472301628,
            0.0
        ],
        [
            0.0,
            0.0,
            8.438225014497445e-06,
            0.0,
            0.0,
            0.0,
            0.0,
            0.05389677453800268,
            0.0,
            0.0,
            0.0,
            0.0,
            1.0000000000000004,
            0.0,
            0.0,
            0.0,
            0.0,
            0.05389677453800268,
            0.0,
            0.0
        ],
        [
            -0.0004024782368365238,
            -0.028424557157340317,
            0.0,
            -0.00018872492879577535,
            0.0,
            -0.16545621891780177,
            -0.17631880472301584,
            0.0,
            -0.2609341890194054,
            0.0,
            0.0,
            0.0,
            0.0,
            1.0000000000000004,
            0.0,
            0.16545621891780177,
            0.17631880472301584,
            0.0,
            -0.2609341890194054,
            0.0
        ],
        [
            0.0,
            0.0,
            0.0,
            0.0,
            8.438225014497445e-06,
            0.0,
            0.0,
            0.0,
            0.0,
            0.05389677453800268,
            0.0,
            0.0,
            0.0,
            0.0,
            1.0000000000000004,
            0.0,
            0.0,
            0.0,
            0.0,
            0.05389677453800268
        ],
        [
            6.909596874111341e-08,
            0.0006166204617508895,
            0.0,
            9.274610897098788e-09,
            0.0,
            0.0005247322196738468,
            0.02990649942494152,
            0.0,
            0.000402478236836524,
            0.0,
            0.12555625685452426,
            0.31213121703884816,
            0.0,
            0.1654562189178019,
            0.0,
            0.9999999999999999,
            0.6848602514927513,
            0.0,
            0.0,
            0.0
        ],
        [
            0.000616620461750889,
            0.012141112890847381,
            0.0,
            0.0006412983127052166,
            0.0,
            0.02990649942494154,
            0.14078595531747087,
            0.0,
            0.028424557157340387,
            0.0,
            0.31213121703884816,
            0.6125475864917014,
            0.0,
            0.17631880472301628,
            0.0,
            0.6848602514927513,
            1.0000000000000002,
            0.0,
            0.0,
            0.0
        ],
        [
            0.0,
            0.0,
            3.8376466065667445e-12,
            0.0,
            0.0,
            0.0,
            0.0,
            8.438225014497445e-06,
            0.0,
            0.0,
            0.0,
            0.0,
            0.05389677453800268,
            0.0,
            0.0,
            0.0,
            0.0,
            1.0000000000000004,
            0.0,
            0.0
        ],
        [
            -9.274610897098755e-09,
            -0.0006412983127052165,
            0.0,
            -1.979163526569112e-10,
            0.0,
            -0.0004024782368365238,
            -0.028424557157340317,
            0.0,
            -0.00018872492879577535,
            0.0,
            -0.16545621891780177,
            -0.17631880472301623,
            0.0,
            -0.2609341890194054,
            0.0,
            0.0,
            0.0,
            0.0,
            1.0000000000000004,
            0.0
        ],
        [
            0.0,
            0.0,
            0.0,
            0.0,
            3.8376466065667445e-12,
            0.0,
            0.0,
            0.0,
            0.0,
            8.438225014497445e-06,
            0.0,
            0.0,
            0.0,
            0.0,
            0.05389677453800268,
            0.0,
            0.0,
            0.0,
            0.0,
            1.0000000000000004
        ]
    ],
    "h": [
        [
            -0.053434913598143785,
            -0.3345137215359958,
            -3.774599951712384e-21,
            -0.0475920815211931,
            -6.989601387654801e-18,
            -0.25191793462540063,
            -0.283793886919149,
            2.228104007491971e-19,
            0.12043156485009104,
            -3.907797564969714e-19,
            -0.012542523824604367,
            -0.06737673623305136,
            2.275687480449745e-20,
            0.026631250717405484,
            -6.491556982941749e-20,
            0.016640586356522682,
            0.011525381581078997,
            6.552486102546511e-22,
            -0.00233020168093194,
            -1.3264999699692182e-20
        ],
        [
            -0.3345137215359958,
            -0.23507901342186965,
            5.150859339161909e-22,
            -0.061950574054730784,
            -8.958990131054414e-18,
            -0.2930291734720885,
            -0.27220472035270765,
            1.881077147934913e-19,
            0.04639135065482408,
            1.6425715695658165e-19,
            -0.051247248656509405,
            -0.10955898392689205,
            1.4155118124846318e-20,
            0.04749417981646962,
            -5.99711533592765e-20,
            0.011525381581078971,
            -0.002937589574748427,
            -9.11966666660899e-22,
            0.0010637026707754054,
            -1.4625820766675072e-20
        ],
        [
            -3.774599951712384e-21,
            5.150859339161909e-22,
            1.487655296443004,
            -7.001119507767522e-22,
            4.262546579420374e-37,
            8.543292450568604e-21,
            4.3947946900530235e-21,
            -0.0362272127357923,
            -6.2805706042608435e-21,
            -3.233975306943829e-37,
            -5.150786875380616e-21,
            -2.6893806643809457e-21,
            -0.000310199151908072,
            3.059779179272323e-22,
            -6.959687708033925e-39,
            -2.3953710161971632e-21,
            -3.2688701821957278e-21,
            0.00012870602921060827,
            1.0625183263916908e-21,
            -2.043947459260818e-40
        ],
        [
            -0.0475920815211931,
            -0.061950574054730784,
            -7.001119507767522e-22,
            1.4551630381650538,
            -2.9268598847323715e-18,
            -0.12038363921566037,
            -0.052380092065820394,
            6.226977774490686e-20,
            -0.055397666438271986,
            2.3862483317201417e-19,
            -0.010250533262073456,
            -0.03617281783986563,
            4.211427300125125e-21,
            0.010676594886394282,
            -2.216393606806153e-20,
            0.0023302016809319194,
            -0.001063702670775418,
            -1.4927509202301783e-22,
            -3.2549639840607224e-05,
            -3.0674700519249935e-21
        ],
        [
            -6.989601387654801e-18,
            -8.958990131054414e-18,
            4.262546579420374e-37,
            -2.9268598847323715e-18,
            1.4876552964430039,
            -1.1116941033088317e-17,
            -1.2344349806439468e-17,
            -3.316077331670676e-35,
            2.2489785246821206e-18,
            -0.03622721273579227,
            -5.7661068133137365e-18,
            -8.408819664194412e-18,
            -2.1958921155365142e-36,
            1.2506116161983422e-18,
            -0.000310199151908072,
            -2.5550012392951502e-18,
            -3.878088052692483e-18,
            2.3560473719144764e-39,
            9.19418428125198e-19,
            0.00012870602921060827
        ],
        [
            -0.25191793462540063,
            -0.2930291734720885,
            8.543292450568604e-21,
            -0.12038363921566037,
            -1.1116941033088317e-17,
            -0.08120758856570576,
            -0.37179756616616344,
            -3.593528661904866e-20,
            0.01597425656478752,
            1.1214838830972604e-18,
            -0.17064229397697145,
            -0.22478084300606666,
            -2.8464098726714546e-20,
            0.10371659896428215,
            -1.6461901739141815e-20,
            -0.01254252382460451,
            -0.051247248656509536,
            -5.4710245625784386e-21,
            0.010250533262073487,
            -1.0386087383247223e-20
        ],
        [
            -0.283793886919149,
            -0.27220472035270765,
            4.3947946900530235e-21,
            -0.052380092065820394,
            -1.2344349806439468e-17,
            -0.37179756616616344,
            -0.30364470209107464,
            -1.6004202620473488e-19,
            0.019099953561555586,
            4.0537227161811705e-19,
            -0.22478084300606677,
            -0.23084422741672506,
            -3.228773500226874e-20,
            0.028843574667874156,
            4.125056327131892e-20,
            -0.06737673623305152,
            -0.10955898392689213,
            -5.486587126215663e-21,
            0.03617281783986591,
            -1.4159575548366798e-20
        ],
        [
            2.228104007491971e-19,
            1.881077147934913e-19,
            -0.0362272127357923,
            6.226977774490686e-20,
            -3.316077331670676e-35,
            -3.593528661904866e-20,
            -1.6004202620473488e-19,
            1.4831562619284149,
            -2.626143647826954e-19,
            -1.2143231215542264e-35,
            -6.936217769115129e-19,
            -6.863819020975895e-19,
            -0.03373992768585597,
            4.322213034251568e-21,
            -5.283199886352308e-37,
            -4.1311004175935357e-19,
            -5.476439355032855e-19,
            -0.00031019915190807476,
            1.402199464237784e-19,
            -4.0252748398174336e-38
        ],
        [
            0.12043156485009104,
            0.04639135065482408,
            -6.2805706042608435e-21,
            -0.055397666438271986,
            2.2489785246821206e-18,
            0.01597425656478752,
            0.019099953561555586,
            -2.626143647826954e-19,
            1.4200214645007958,
            -1.1722628199122377e-18,
            -0.10371659896428209,
            -0.02884357466787338,
            -3.63939532304865e-20,
            -0.06540984271004263,
            4.035042929626813e-20,
            -0.026631250717405505,
            -0.04749417981646953,
            -2.4855958637824197e-21,
            0.010676594886394313,
            -2.2660722057374307e-21
        ],
        [
            -3.907797564969714e-19,
            1.6425715695658165e-19,
            -3.233975306943829e-37,
            2.3862483317201417e-19,
            -0.03622721273579227,
            1.1214838830972604e-18,
            4.0537227161811705e-19,
            -1.2143231215542264e-35,
            -1.1722628199122377e-18,
            1.4831562619284147,
            -1.4115323852155384e-18,
            -1.120187792573713e-18,
            -1.0525084907674109e-36,
            5.500054342422344e-21,
            -0.033739927685855944,
            -8.271928505582957e-19,
            -1.09632653955102e-18,
            -1.256698876426397e-38,
            2.8517082013274755e-19,
            -0.00031019915190807476
        ],
        [
            -0.012542523824604367,
            -0.051247248656509405,
            -5.150786875380616e-21,
            -0.010250533262073456,
            -5.7661068133137365e-18,
            -0.17064229397697145,
            -0.22478084300606677,
            -6.936217769115129e-19,
            -0.10371659896428209,
            -1.4115323852155384e-18,
            -0.0812075885657062,
            -0.3717975661661641,
            -6.98691563237894e-20,
            -0.01597425656478771,
            2.026986846169721e-19,
            -0.2519179346254009,
            -0.29302917347208857,
            -3.7137275822075575e-21,
            0.12038363921566103,
            -3.541805433565919e-21
        ],
        [
            -0.06737673623305136,
            -0.10955898392689205,
            -2.6893806643809457e-21,
            -0.03617281783986563,
            -8.408819664194412e-18,
            -0.22478084300606666,
            -0.23084422741672506,
            -6.863819020975895e-19,
            -0.02884357466787338,
            -1.120187792573713e-18,
            -0.3717975661661641,
            -0.30364470209107464,
            -8.865622815423715e-20,
            -0.019099953561555756,
            1.5942160848592428e-19,
            -0.2837938869191492,
            -0.2722047203527083,
            1.2765874679233988e-22,
            0.052380092065821005,
            1.9443470424312163e-20
        ],
        [
            2.275687480449745e-20,
            1.4155118124846318e-20,
            -0.000310199151908072,
            4.211427300125125e-21,
            -2.1958921155365142e-36,
            -2.8464098726714546e-20,
            -3.228773500226874e-20,
            -0.03373992768585597,
            -3.63939532304865e-20,
            -1.0525084907674109e-36,
            -6.98691563237894e-20,
            -8.865622815423715e-20,
            1.4831562619284147,
            -2.953095783506665e-20,
            4.4023242223374905e-38,
            -8.756895458761507e-20,
            -9.340346846142047e-20,
            -0.03622721273579234,
            3.2488747579053397e-20,
            -8.205076459615619e-39
        ],
        [
            0.026631250717405484,
            0.04749417981646962,
            3.059779179272323e-22,
            0.010676594886394282,
            1.2506116161983422e-18,
            0.10371659896428215,
            0.028843574667874156,
            4.322213034251568e-21,
            -0.06540984271004263,
            5.500054342422344e-21,
            -0.01597425656478771,
            -0.019099953561555756,
            -2.953095783506665e-20,
            1.4200214645007962,
            -9.220028444509997e-20,
            -0.12043156485009082,
            -0.04639135065482308,
            3.915258065513098e-21,
            -0.05539766643827182,
            1.2144287393240813e-20
        ],
        [
            -6.491556982941749e-20,
            -5.99711533592765e-20,
            -6.959687708033925e-39,
            -2.216393606806153e-20,
            -0.000310199151908072,
            -1.6461901739141815e-20,
            4.125056327131892e-20,
            -5.283199886352308e-37,
            4.035042929626813e-20,
            -0.033739927685855944,
            2.026986846169721e-19,
            1.5942160848592428e-19,
            4.4023242223374905e-38,
            -9.220028444509997e-20,
            1.4831562619284144,
            -4.967198774736149e-20,
            1.3896338862597632e-20,
            -4.0173780745429915e-40,
            4.832755244165734e-21,
            -0.03622721273579231
        ],
        [
            0.016640586356522682,
            0.011525381581078971,
            -2.3953710161971632e-21,
            0.0023302016809319194,
            -2.5550012392951502e-18,
            -0.01254252382460451,
            -0.06737673623305152,
            -4.1311004175935357e-19,
            -0.026631250717405505,
            -8.271928505582957e-19,
            -0.2519179346254009,
            -0.2837938869191492,
            -8.756895458761507e-20,
            -0.12043156485009082,
            -4.967198774736149e-20,
            -0.05343491359814445,
            -0.33451372153599557,
            1.3498102576042065e-20,
            0.04759208152119292,
            7.052038468850605e-20
        ],
        [
            0.011525381581078997,
            -0.002937589574748427,
            -3.2688701821957278e-21,
            -0.001063702670775418,
            -3.878088052692483e-18,
            -0.051247248656509536,
            -0.10955898392689213,
            -5.476439355032855e-19,
            -0.04749417981646953,
            -1.09632653955102e-18,
            -0.29302917347208857,
            -0.2722047203527083,
            -9.340346846142047e-20,
            -0.04639135065482308,
            1.3896338862597632e-20,
            -0.33451372153599557,
            -0.23507901342186965,
            1.016754651179788e-20,
            0.0619505740547308,
            6.232779409664274e-20
        ],
        [
            6.552486102546511e-22,
            -9.11966666660899e-22,
            0.00012870602921060827,
            -1.4927509202301783e-22,
            2.3560473719144764e-39,
            -5.4710245625784386e-21,
            -5.486587126215663e-21,
            -0.00031019915190807476,
            -2.4855958637824197e-21,
            -1.256698876426397e-38,
            -3.7137275822075575e-21,
            1.2765874679233988e-22,
            -0.03622721273579234,
            3.915258065513098e-21,
            -4.0173780745429915e-40,
            1.3498102576042065e-20,
            1.016754651179788e-20,
            1.4876552964430023,
            -6.203742123942156e-21,
            4.39261335000027e-39
        ],
        [
            -0.00233020168093194,
            0.0010637026707754054,
            1.0625183263916908e-21,
            -3.2549639840607224e-05,
            9.19418428125198e-19,
            0.010250533262073487,
            0.03617281783986591,
            1.402199464237784e-19,
            0.010676594886394313,
            2.8517082013274755e-19,
            0.12038363921566103,
            0.052380092065821005,
            3.2488747579053397e-20,
            -0.05539766643827182,
            4.832755244165734e-21,
            0.04759208152119292,
            0.0619505740547308,
            -6.203742123942156e-21,
            1.4551630381650515,
            -1.4204129797381724e-20
        ],
        [
            -1.3264999699692182e-20,
            -1.4625820766675072e-20,
            -2.043947459260818e-40,
            -3.0674700519249935e-21,
            0.00012870602921060827,
            -1.0386087383247223e-20,
            -1.4159575548366798e-20,
            -4.0252748398174336e-38,
            -2.2660722057374307e-21,
            -0.00031019915190807476,
            -3.541805433565919e-21,
            1.9443470424312163e-20,
            -8.205076459615619e-39,
            1.2144287393240813e-20,
            -0.03622721273579231,
            7.052038468850605e-20,
            6.232779409664274e-20,
            4.39261335000027e-39,
            -1.4204129797381724e-20,
            1.487655296443002
        ]
    ]
}