{
    "HF": -1.8482313619130264,
    "coordinates": [
        [
            0.0,
            0.0,
            0.0
        ],
        [
            2.0,
            0.0,
            0.0
        ],
        [
            4.0,
            0.0,
            0.0
        ],
        [
            6.0,
            0.0,
            0.0
        ]
    ],
    "elements": [
        "H",
        "H",
        "H",
        "H"
    ],
    "Enn": 1.14655062366,
    "S": [
        [
            0.9999999999999999,
            0.6848602514927513,
            0.0,
            0.0,
            0.0,
            0.02915955210954658,
            0.16965538024636875,
            0.0,
            -0.03745231479155643,
            0.0,
            2.017198394314069e-06,
            0.0026641625396760693,
            0.0,
            -5.427110253744595e-07,
            0.0,
            2.566953213126052e-13,
            2.7710324961049164e-06,
            0.0,
            -2.2561291051394387e-15,
            0.0
        ],
        [
            0.6848602514927513,
            1.0000000000000002,
            0.0,
            0.0,
            0.0,
            0.16965538024636875,
            0.4183906064901829,
            0.0,
            -0.12237772912422547,
            0.0,
            0.0026641625396760693,
            0.030642747430177416,
            0.0,
            -0.0027828674775050347,
            0.0,
            2.771032496104922e-06,
            0.00039285956237835993,
            0.0,
            -2.3998495562908165e-06,
            0.0
        ],
        [
            0.0,
            0.0,
            1.0000000000000004,
            0.0,
            0.0,
            0.0,
            0.0,
            0.0055590488427281854,
            0.0,
            0.0,
            0.0,
            0.0,
            9.549968945595543e-10,
            0.0,
            0.0,
            0.0,
            0.0,
            5.06995854794911e-21,
            0.0,
            0.0
        ],
        [
            0.0,
            0.0,
            0.0,
            1.0000000000000004,
            0.0,
            0.037452314791556425,
            0.12237772912422541,
            0.0,
            -0.0521697639313941,
            0.0,
            5.427110253744593e-07,
            0.0027828674775050356,
            0.0,
            -3.871426199170736e-08,
            0.0,
            2.2561291051394383e-15,
            2.3998495562908064e-06,
            0.0,
            -4.687780439803558e-19,
            0.0
        ],
        [
            0.0,
            0.0,
            0.0,
            0.0,
            1.0000000000000004,
            0.0,
            0.0,
            0.0,
            0.0,
            0.0055590488427281854,
            0.0,
            0.0,
            0.0,
            0.0,
            9.549968945595543e-10,
            0.0,
            0.0,
            0.0,
            0.0,
            5.06995854794911e-21
        ],
        [
            0.02915955210954658,
            0.16965538024636875,
            0.0,
            0.03745231479155643,
            0.0,
            0.9999999999999999,
            0.6848602514927513,
            0.0,
            0.0,
            0.0,
            0.02915955210954658,
            0.16965538024636875,
            0.0,
            -0.03745231479155642,
            0.0,
            2.017198394314069e-06,
            0.0026641625396760693,
            0.0,
            -5.427110253744593e-07,
            0.0
        ],
        [
            0.16965538024636875,
            0.4183906064901829,
            0.0,
            0.12237772912422547,
            0.0,
            0.6848602514927513,
            1.0000000000000002,
            0.0,
            0.0,
            0.0,
            0.16965538024636875,
            0.4183906064901829,
            0.0,
            -0.12237772912422537,
            0.0,
            0.0026641625396760693,
            0.030642747430177416,
            0.0,
            -0.0027828674775050325,
            0.0
        ],
        [
            0.0,
            0.0,
            0.0055590488427281854,
            0.0,
            0.0,
            0.0,
            0.0,
            1.0000000000000004,
            0.0,
            0.0,
            0.0,
            0.0,
            0.0055590488427281854,
            0.0,
            0.0,
            0.0,
            0.0,
            9.549968945595543e-10,
            0.0,
            0.0
        ],
        [
            -0.037452314791556425,
            -0.12237772912422537,
            0.0,
            -0.0521697639313941,
            0.0,
            0.0,
            0.0,
            0.0,
            1.0000000000000004,
            0.0,
            0.037452314791556425,
            0.12237772912422537,
            0.0,
            -0.0521697639313941,
            0.0,
            5.427110253744593e-07,
            0.0027828674775050343,
            0.0,
            -3.871426199170736e-08,
            0.0
        ],
        [
            0.0,
            0.0,
            0.0,
            0.0,
            0.0055590488427281854,
            0.0,
            0.0,
            0.0,
            0.0,
            1.0000000000000004,
            0.0,
            0.0,
            0.0,
            0.0,
            0.0055590488427281854,
            0.0,
            0.0,
            0.0,
            0.0,
            9.549968945595543e-10
        ],
        [
            2.017198394314069e-06,
            0.0026641625396760693,
            0.0,
            5.427110253744595e-07,
            0.0,
            0.02915955210954658,
            0.16965538024636875,
            0.0,
            0.03745231479155642,
            0.0,
            0.9999999999999999,
            0.6848602514927513,
            0.0,
            0.0,
            0.0,
            0.02915955210954658,
            0.16965538024636875,
            0.0,
            -0.03745231479155642,
            0.0
        ],
        [
            0.0026641625396760693,
            0.030642747430177416,
            0.0,
            0.0027828674775050347,
            0.0,
            0.16965538024636875,
            0.4183906064901829,
            0.0,
            0.12237772912422537,
            0.0,
            0.6848602514927513,
            1.0000000000000002,
            0.0,
            0.0,
            0.0,
            0.16965538024636875,
            0.4183906064901829,
            0.0,
            -0.12237772912422537,
            0.0
        ],
        [
            0.0,
            0.0,
            9.549968945595543e-10,
            0.0,
            0.0,
            0.0,
            0.0,
            0.0055590488427281854,
            0.0,
            0.0,
            0.0,
            0.0,
            1.0000000000000004,
            0.0,
            0.0,
            0.0,
            0.0,
            0.0055590488427281854,
            0.0,
            0.0
        ],
        [
            -5.427110253744593e-07,
            -0.0027828674775050343,
            0.0,
            -3.871426199170736e-08,
            0.0,
            -0.037452314791556425,
            -0.12237772912422537,
            0.0,
            -0.0521697639313941,
            0.0,
            0.0,
            0.0,
            0.0,
            1.0000000000000004,
            0.0,
            0.037452314791556425,
            0.12237772912422537,
            0.0,
            -0.0521697639313941,
            0.0
        ],
        [
            0.0,
            0.0,
            0.0,
            0.0,
            9.549968945595543e-10,
            0.0,
            0.0,
            0.0,
            0.0,
            0.0055590488427281854,
            0.0,
            0.0,
            0.0,
            0.0,
            1.0000000000000004,
            0.0,
            0.0,
            0.0,
            0.0,
            0.0055590488427281854
        ],
        [
            2.566953213126052e-13,
            2.7710324961049164e-06,
            0.0,
            2.2561291051394387e-15,
            0.0,
            2.017198394314069e-06,
            0.0026641625396760693,
            0.0,
            5.427110253744595e-07,
            0.0,
            0.02915955210954658,
            0.16965538024636875,
            0.0,
            0.03745231479155642,
            0.0,
            0.9999999999999999,
            0.6848602514927513,
            0.0,
            0.0,
            0.0
        ],
        [
            2.771032496104922e-06,
            0.00039285956237835993,
            0.0,
            2.3998495562908165e-06,
            0.0,
            0.0026641625396760693,
            0.030642747430177416,
            0.0,
            0.0027828674775050347,
            0.0,
            0.16965538024636875,
            0.4183906064901829,
            0.0,
            0.12237772912422537,
            0.0,
            0.6848602514927513,
            1.0000000000000002,
            0.0,
            0.0,
            0.0
        ],
        [
            0.0,
            0.0,
            5.06995854794911e-21,
            0.0,
            0.0,
            0.0,
            0.0,
            9.549968945595543e-10,
            0.0,
            0.0,
            0.0,
            0.0,
            0.0055590488427281854,
            0.0,
            0.0,
            0.0,
            0.0,
            1.0000000000000004,
            0.0,
            0.0
        ],
        [
            -2.2561291051394383e-15,
            -2.3998495562908055e-06,
            0.0,
            -4.687780439803558e-19,
            0.0,
            -5.427110253744593e-07,
            -0.0027828674775050343,
            0.0,
            -3.871426199170736e-08,
            0.0,
            -0.037452314791556425,
            -0.12237772912422537,
            0.0,
            -0.0521697639313941,
            0.0,
            0.0,
            0.0,
            0.0,
            1.0000000000000004,
            0.0
        ],
        [
            0.0,
            0.0,
            0.0,
            0.0,
            5.06995854794911e-21,
            0.0,
            0.0,
            0.0,
            0.0,
            9.549968945595543e-10,
            0.0,
            0.0,
            0.0,
            0.0,
            0.0055590488427281854,
            0.0,
            0.0,
            0.0,
            0.0,
            1.0000000000000004
        ]
    ],
    "h": [
        [
            -0.03218682970097797,
            -0.3022809917308086,
            3.7426774832651773e-19,
            -0.01213243382167143,
            -4.2012725961133814e-19,
            -0.14142739522833275,
            -0.20193004912242257,
            6.01172131020357e-20,
            0.07335557334546021,
            -4.755271611777224e-19,
            -0.002226265983311211,
            -0.021275202144415806,
            2.6657601084494076e-20,
            0.007852960666266694,
            -3.759053953274184e-20,
            0.009937253278371536,
            0.010460695935262299,
            7.860800174022675e-21,
            -0.0010987375493661444,
            -1.00070703649366e-20
        ],
        [
            -0.3022809917308086,
            -0.19137405298208865,
            7.96479234529159e-19,
            -0.02121410647301703,
            -9.557318144028529e-19,
            -0.20338062518586947,
            -0.20818397163031374,
            3.25921630049478e-20,
            0.032642447528028584,
            -5.048615685476075e-19,
            -0.01083750038321104,
            -0.04356347470864428,
            2.3100931855218267e-20,
            0.013740654405453395,
            -3.21834951784292e-20,
            0.010460695935262315,
            0.009818925150910967,
            7.158475512268173e-21,
            -0.0009265777513830567,
            -8.787688847193581e-21
        ],
        [
            3.7426774832651773e-19,
            7.96479234529159e-19,
            1.4714761940356058,
            3.104566352528168e-19,
            1.1284823949019965e-33,
            2.1524817132031193e-18,
            2.919316441506847e-18,
            -0.015811223962936213,
            1.7942576392477525e-19,
            -4.185462819997091e-35,
            3.42431090700239e-18,
            4.306746059289748e-18,
            -2.8523885333692115e-05,
            -9.457929213445082e-20,
            -7.029401398346354e-37,
            2.1686450454609952e-18,
            2.8941064990141968e-18,
            4.3030709068637844e-05,
            -4.0914949524811877e-19,
            -3.6088718154606323e-38
        ],
        [
            -0.01213243382167143,
            -0.02121410647301703,
            3.104566352528168e-19,
            1.4654212045943158,
            -3.722670013494982e-19,
            -0.07311378642835978,
            -0.033596346581590095,
            1.9004123120959954e-20,
            0.08112591134144494,
            -1.3649526229580146e-19,
            -0.0017642709862684617,
            -0.009214704827188178,
            5.594686291240787e-21,
            0.0018374291230661408,
            -7.837604093785854e-21,
            0.001098737549366145,
            0.0009265777513830536,
            1.123425029771406e-21,
            -0.0001111710867269562,
            -1.4242919601285622e-21
        ],
        [
            -4.2012725961133814e-19,
            -9.557318144028529e-19,
            1.1284823949019965e-33,
            -3.722670013494982e-19,
            1.4714761940356056,
            -2.7111133181175994e-18,
            -3.66289341175596e-18,
            -1.2566592635749686e-35,
            -2.2648619911407585e-19,
            -0.015811223962936213,
            -4.313246953374726e-18,
            -5.424681073058949e-18,
            -5.171552841629657e-37,
            1.1826499742328975e-19,
            -2.8523885333692115e-05,
            -2.732979989869655e-18,
            -3.646894278831557e-18,
            -6.093023031970435e-38,
            5.155091454536727e-19,
            4.3030709068637844e-05
        ],
        [
            -0.14142739522833275,
            -0.20338062518586947,
            2.1524817132031193e-18,
            -0.07311378642835978,
            -2.7111133181175994e-18,
            -0.03764318979742787,
            -0.3158445111437198,
            -1.0854566461628594e-19,
            0.0036593050900011782,
            -1.1648904296545537e-19,
            -0.07228195736356197,
            -0.135752935809406,
            -1.1694398721636621e-20,
            0.059396181585112326,
            2.4926246160783703e-20,
            -0.0022262659833112023,
            -0.010837500383211041,
            -1.1060899369408836e-21,
            0.0017642709862684617,
            3.531570348223289e-21
        ],
        [
            -0.20193004912242257,
            -0.20818397163031374,
            2.919316441506847e-18,
            -0.033596346581590095,
            -3.66289341175596e-18,
            -0.3158445111437198,
            -0.22444140714053273,
            -1.3202486151155328e-19,
            0.008418145804915069,
            -5.884080731316154e-20,
            -0.1357529358094059,
            -0.14820812025988228,
            -6.1695441114026814e-21,
            0.02034691662220961,
            2.406758376079403e-20,
            -0.02127520214441581,
            -0.04356347470864429,
            2.270871289328926e-22,
            0.009214704827188168,
            1.4966485017468012e-21
        ],
        [
            6.01172131020357e-20,
            3.25921630049478e-20,
            -0.015811223962936213,
            1.9004123120959954e-20,
            -1.2566592635749686e-35,
            -1.0854566461628594e-19,
            -1.3202486151155328e-19,
            1.4746628972034304,
            -1.6290651941784817e-20,
            -9.572478763314503e-37,
            -1.9507264485810653e-19,
            -2.310627195656457e-19,
            -0.013359165522099387,
            2.4039546520454176e-20,
            4.008000483458786e-38,
            -9.448316741308553e-20,
            -1.3102624063237026e-19,
            -2.852388533369203e-05,
            2.133294415978999e-20,
            1.558629121320499e-39
        ],
        [
            0.07335557334546021,
            0.032642447528028584,
            1.7942576392477525e-19,
            0.08112591134144494,
            -2.2648619911407585e-19,
            0.0036593050900011782,
            0.008418145804915069,
            -1.6290651941784817e-20,
            1.4614905086823622,
            1.992313375250544e-19,
            -0.05939618158511234,
            -0.020346916622209638,
            -5.881018150868643e-21,
            0.07431366352951044,
            1.5898924893018117e-20,
            -0.007852960666266706,
            -0.013740654405453417,
            -5.801489239761238e-22,
            0.001837429123066144,
            1.2001787050354333e-21
        ],
        [
            -4.755271611777224e-19,
            -5.048615685476075e-19,
            -4.185462819997091e-35,
            -1.3649526229580146e-19,
            -0.015811223962936213,
            -1.1648904296545537e-19,
            -5.884080731316154e-20,
            -9.572478763314503e-37,
            1.992313375250544e-19,
            1.4746628972034301,
            7.183233623126061e-19,
            7.720996460104891e-19,
            8.079519350280174e-38,
            -2.636276087013164e-20,
            -0.013359165522099387,
            4.194981557232613e-19,
            5.612674602795736e-19,
            7.740503671158353e-39,
            -8.926701828642988e-20,
            -2.852388533369203e-05
        ],
        [
            -0.002226265983311211,
            -0.01083750038321104,
            3.42431090700239e-18,
            -0.0017642709862684617,
            -4.313246953374726e-18,
            -0.07228195736356197,
            -0.1357529358094059,
            -1.9507264485810653e-19,
            -0.05939618158511234,
            7.183233623126061e-19,
            -0.03764318979742853,
            -0.3158445111437196,
            -9.049489181486732e-21,
            -0.0036593050900011227,
            4.305483714237425e-20,
            -0.14142739522833284,
            -0.20338062518586947,
            -2.645890513384259e-21,
            0.07311378642835982,
            2.477978409193947e-21
        ],
        [
            -0.021275202144415806,
            -0.04356347470864428,
            4.306746059289748e-18,
            -0.009214704827188178,
            -5.424681073058949e-18,
            -0.135752935809406,
            -0.14820812025988228,
            -2.310627195656457e-19,
            -0.020346916622209638,
            7.720996460104891e-19,
            -0.3158445111437196,
            -0.2244414071405323,
            -1.4648395726369646e-20,
            -0.008418145804914998,
            5.2162795427254704e-20,
            -0.20193004912242288,
            -0.2081839716303137,
            -3.002877018485193e-21,
            0.033596346581589984,
            3.8941083374545625e-21
        ],
        [
            2.6657601084494076e-20,
            2.3100931855218267e-20,
            -2.8523885333692115e-05,
            5.594686291240787e-21,
            -5.171552841629657e-37,
            -1.1694398721636621e-20,
            -6.1695441114026814e-21,
            -0.013359165522099387,
            -5.881018150868643e-21,
            8.079519350280174e-38,
            -9.049489181486732e-21,
            -1.4648395726369646e-20,
            1.47466289720343,
            -4.138227662625477e-21,
            -1.2547132854926016e-37,
            -1.1240801615861713e-20,
            -1.3511458432372344e-20,
            -0.015811223962936216,
            3.509238925293853e-21,
            -3.681331143517024e-41
        ],
        [
            0.007852960666266694,
            0.013740654405453395,
            -9.457929213445082e-20,
            0.0018374291230661408,
            1.1826499742328975e-19,
            0.059396181585112326,
            0.02034691662220961,
            2.4039546520454176e-20,
            0.07431366352951044,
            -2.636276087013164e-20,
            -0.0036593050900011227,
            -0.008418145804914998,
            -4.138227662625477e-21,
            1.4614905086823624,
            -3.4815997333493635e-21,
            -0.07335557334546008,
            -0.032642447528028515,
            -6.605900291529315e-22,
            0.08112591134144485,
            6.0796624104006525e-22
        ],
        [
            -3.759053953274184e-20,
            -3.21834951784292e-20,
            -7.029401398346354e-37,
            -7.837604093785854e-21,
            -2.8523885333692115e-05,
            2.4926246160783703e-20,
            2.406758376079403e-20,
            4.008000483458786e-38,
            1.5898924893018117e-20,
            -0.013359165522099387,
            4.305483714237425e-20,
            5.2162795427254704e-20,
            -1.2547132854926016e-37,
            -3.4815997333493635e-21,
            1.4746628972034297,
            2.0432782914714546e-20,
            2.816618669050532e-20,
            1.8052570993310109e-40,
            -6.206374335165045e-21,
            -0.015811223962936216
        ],
        [
            0.009937253278371536,
            0.010460695935262315,
            2.1686450454609952e-18,
            0.001098737549366145,
            -2.732979989869655e-18,
            -0.0022262659833112023,
            -0.02127520214441581,
            -9.448316741308553e-20,
            -0.007852960666266706,
            4.194981557232613e-19,
            -0.14142739522833284,
            -0.20193004912242288,
            -1.1240801615861713e-20,
            -0.07335557334546008,
            2.0432782914714546e-20,
            -0.03218682970097786,
            -0.3022809917308083,
            -1.179285506201965e-21,
            0.012132433821671479,
            3.487987361284736e-21
        ],
        [
            0.010460695935262299,
            0.009818925150910967,
            2.8941064990141968e-18,
            0.0009265777513830536,
            -3.646894278831557e-18,
            -0.010837500383211041,
            -0.04356347470864429,
            -1.3102624063237026e-19,
            -0.013740654405453417,
            5.612674602795736e-19,
            -0.20338062518586947,
            -0.2081839716303137,
            -1.3511458432372344e-20,
            -0.032642447528028515,
            2.816618669050532e-20,
            -0.3022809917308083,
            -0.19137405298208854,
            -1.8588110085552086e-21,
            0.021214106473017087,
            3.955349757563323e-21
        ],
        [
            7.860800174022675e-21,
            7.158475512268173e-21,
            4.3030709068637844e-05,
            1.123425029771406e-21,
            -6.093023031970435e-38,
            -1.1060899369408836e-21,
            2.270871289328926e-22,
            -2.852388533369203e-05,
            -5.801489239761238e-22,
            7.740503671158353e-39,
            -2.645890513384259e-21,
            -3.002877018485193e-21,
            -0.015811223962936216,
            -6.605900291529315e-22,
            1.8052570993310109e-40,
            -1.179285506201965e-21,
            -1.8588110085552086e-21,
            1.4714761940356065,
            -2.1111777428877678e-22,
            -1.5952732329013997e-38
        ],
        [
            -0.0010987375493661444,
            -0.0009265777513830567,
            -4.0914949524811877e-19,
            -0.0001111710867269562,
            5.155091454536727e-19,
            0.0017642709862684617,
            0.009214704827188168,
            2.133294415978999e-20,
            0.001837429123066144,
            -8.926701828642988e-20,
            0.07311378642835982,
            0.033596346581589984,
            3.509238925293853e-21,
            0.08112591134144485,
            -6.206374335165045e-21,
            0.012132433821671479,
            0.021214106473017087,
            -2.1111777428877678e-22,
            1.4654212045943165,
            -5.52904300945839e-23
        ],
        [
            -1.00070703649366e-20,
            -8.787688847193581e-21,
            -3.6088718154606323e-38,
            -1.4242919601285622e-21,
            4.3030709068637844e-05,
            3.531570348223289e-21,
            1.4966485017468012e-21,
            1.558629121320499e-39,
            1.2001787050354333e-21,
            -2.852388533369203e-05,
            2.477978409193947e-21,
            3.8941083374545625e-21,
            -3.681331143517024e-41,
            6.0796624104006525e-22,
            -0.015811223962936216,
            3.487987361284736e-21,
            3.955349757563323e-21,
            -1.5952732329013997e-38,
            -5.52904300945839e-23,
            1.4714761940356063
        ]
    ]
}