{
    "HF": -1.797667407136671,
    "coordinates": [
        [
            0.0,
            0.0,
            0.0
        ],
        [
            2.2,
            0.0,
            0.0
        ],
        [
            4.4,
            0.0,
            0.0
        ],
        [
            6.6,
            0.0,
            0.0
        ]
    ],
    "elements": [
        "H",
        "H",
        "H",
        "H"
    ],
    "Enn": 1.0423187487818184,
    "S": [
        [
            0.9999999999999999,
            0.6848602514927513,
            0.0,
            0.0,
            0.0,
            0.014702793563700698,
            0.12666746242990126,
            0.0,
            -0.017885311075022812,
            0.0,
            1.4005422032880246e-07,
            0.0008375379395929906,
            0.0,
            -2.1793928879962323e-08,
            0.0,
            6.35337555474836e-16,
            2.081276436375783e-07,
            0.0,
            -1.445768641172158e-18,
            0.0
        ],
        [
            0.6848602514927513,
            1.0000000000000002,
            0.0,
            0.0,
            0.0,
            0.1266674624299013,
            0.34842886781372484,
            0.0,
            -0.09840072199240384,
            0.0,
            0.0008375379395929914,
            0.014738609721982236,
            0.0,
            -0.0008739730676364558,
            0.0,
            2.081276436375783e-07,
            7.568802405896195e-05,
            0.0,
            -1.5729162177292959e-07,
            0.0
        ],
        [
            0.0,
            0.0,
            1.0000000000000004,
            0.0,
            0.0,
            0.0,
            0.0,
            0.0018683171170010855,
            0.0,
            0.0,
            0.0,
            0.0,
            1.218435014145907e-11,
            0.0,
            0.0,
            0.0,
            0.0,
            2.7736734815346404e-25,
            0.0,
            0.0
        ],
        [
            0.0,
            0.0,
            0.0,
            1.0000000000000004,
            0.0,
            0.017885311075022812,
            0.09840072199240381,
            0.0,
            -0.021607899020453347,
            0.0,
            2.179392887996232e-08,
            0.0008739730676364555,
            0.0,
            -6.002222585919777e-10,
            0.0,
            1.4457686411721577e-18,
            1.5729162177292945e-07,
            0.0,
            -3.1089803566908895e-23,
            0.0
        ],
        [
            0.0,
            0.0,
            0.0,
            0.0,
            1.0000000000000004,
            0.0,
            0.0,
            0.0,
            0.0,
            0.0018683171170010855,
            0.0,
            0.0,
            0.0,
            0.0,
            1.218435014145907e-11,
            0.0,
            0.0,
            0.0,
            0.0,
            2.7736734815346404e-25
        ],
        [
            0.014702793563700698,
            0.12666746242990126,
            0.0,
            0.017885311075022812,
            0.0,
            0.9999999999999999,
            0.6848602514927513,
            0.0,
            0.0,
            0.0,
            0.014702793563700698,
            0.12666746242990126,
            0.0,
            -0.01788531107502282,
            0.0,
            1.400542203288045e-07,
            0.0008375379395929956,
            0.0,
            -2.1793928879962624e-08,
            0.0
        ],
        [
            0.1266674624299013,
            0.34842886781372484,
            0.0,
            0.09840072199240384,
            0.0,
            0.6848602514927513,
            1.0000000000000002,
            0.0,
            0.0,
            0.0,
            0.1266674624299013,
            0.34842886781372484,
            0.0,
            -0.09840072199240377,
            0.0,
            0.0008375379395929956,
            0.01473860972198229,
            0.0,
            -0.0008739730676364598,
            0.0
        ],
        [
            0.0,
            0.0,
            0.0018683171170010855,
            0.0,
            0.0,
            0.0,
            0.0,
            1.0000000000000004,
            0.0,
            0.0,
            0.0,
            0.0,
            0.0018683171170010855,
            0.0,
            0.0,
            0.0,
            0.0,
            1.2184350141459285e-11,
            0.0,
            0.0
        ],
        [
            -0.01788531107502281,
            -0.09840072199240382,
            0.0,
            -0.021607899020453347,
            0.0,
            0.0,
            0.0,
            0.0,
            1.0000000000000004,
            0.0,
            0.01788531107502281,
            0.09840072199240375,
            0.0,
            -0.021607899020453347,
            0.0,
            2.1793928879962617e-08,
            0.0008739730676364594,
            0.0,
            -6.002222585919878e-10,
            0.0
        ],
        [
            0.0,
            0.0,
            0.0,
            0.0,
            0.0018683171170010855,
            0.0,
            0.0,
            0.0,
            0.0,
            1.0000000000000004,
            0.0,
            0.0,
            0.0,
            0.0,
            0.0018683171170010855,
            0.0,
            0.0,
            0.0,
            0.0,
            1.2184350141459285e-11
        ],
        [
            1.4005422032880246e-07,
            0.0008375379395929906,
            0.0,
            2.1793928879962323e-08,
            0.0,
            0.014702793563700698,
            0.12666746242990126,
            0.0,
            0.01788531107502282,
            0.0,
            0.9999999999999999,
            0.6848602514927513,
            0.0,
            0.0,
            0.0,
            0.014702793563700805,
            0.12666746242990162,
            0.0,
            -0.017885311075022933,
            0.0
        ],
        [
            0.0008375379395929914,
            0.014738609721982236,
            0.0,
            0.0008739730676364558,
            0.0,
            0.1266674624299013,
            0.34842886781372484,
            0.0,
            0.09840072199240377,
            0.0,
            0.6848602514927513,
            1.0000000000000002,
            0.0,
            0.0,
            0.0,
            0.12666746242990162,
            0.3484288678137256,
            0.0,
            -0.09840072199240404,
            0.0
        ],
        [
            0.0,
            0.0,
            1.218435014145907e-11,
            0.0,
            0.0,
            0.0,
            0.0,
            0.0018683171170010855,
            0.0,
            0.0,
            0.0,
            0.0,
            1.0000000000000004,
            0.0,
            0.0,
            0.0,
            0.0,
            0.0018683171170011037,
            0.0,
            0.0
        ],
        [
            -2.1793928879962316e-08,
            -0.0008739730676364557,
            0.0,
            -6.002222585919777e-10,
            0.0,
            -0.01788531107502281,
            -0.09840072199240375,
            0.0,
            -0.021607899020453347,
            0.0,
            0.0,
            0.0,
            0.0,
            1.0000000000000004,
            0.0,
            0.017885311075022933,
            0.09840072199240402,
            0.0,
            -0.021607899020453517,
            0.0
        ],
        [
            0.0,
            0.0,
            0.0,
            0.0,
            1.218435014145907e-11,
            0.0,
            0.0,
            0.0,
            0.0,
            0.0018683171170010855,
            0.0,
            0.0,
            0.0,
            0.0,
            1.0000000000000004,
            0.0,
            0.0,
            0.0,
            0.0,
            0.0018683171170011037
        ],
        [
            6.35337555474836e-16,
            2.081276436375783e-07,
            0.0,
            1.445768641172158e-18,
            0.0,
            1.400542203288045e-07,
            0.0008375379395929956,
            0.0,
            2.1793928879962624e-08,
            0.0,
            0.014702793563700805,
            0.12666746242990162,
            0.0,
            0.017885311075022933,
            0.0,
            0.9999999999999999,
            0.6848602514927513,
            0.0,
            0.0,
            0.0
        ],
        [
            2.081276436375783e-07,
            7.568802405896195e-05,
            0.0,
            1.5729162177292959e-07,
            0.0,
            0.0008375379395929956,
            0.01473860972198229,
            0.0,
            0.0008739730676364598,
            0.0,
            0.12666746242990162,
            0.3484288678137256,
            0.0,
            0.09840072199240404,
            0.0,
            0.6848602514927513,
            1.0000000000000002,
            0.0,
            0.0,
            0.0
        ],
        [
            0.0,
            0.0,
            2.7736734815346404e-25,
            0.0,
            0.0,
            0.0,
            0.0,
            1.2184350141459285e-11,
            0.0,
            0.0,
            0.0,
            0.0,
            0.0018683171170011037,
            0.0,
            0.0,
            0.0,
            0.0,
            1.0000000000000004,
            0.0,
            0.0
        ],
        [
            -1.4457686411721577e-18,
            -1.572916217729294e-07,
            0.0,
            -3.1089803566908895e-23,
            0.0,
            -2.179392887996261e-08,
            -0.0008739730676364594,
            0.0,
            -6.002222585919878e-10,
            0.0,
            -0.017885311075022933,
            -0.09840072199240402,
            0.0,
            -0.021607899020453517,
            0.0,
            0.0,
            0.0,
            0.0,
            1.0000000000000004,
            0.0
        ],
        [
            0.0,
            0.0,
            0.0,
            0.0,
            2.7736734815346404e-25,
            0.0,
            0.0,
            0.0,
            0.0,
            1.2184350141459285e-11,
            0.0,
            0.0,
            0.0,
            0.0,
            0.0018683171170011037,
            0.0,
            0.0,
            0.0,
            0.0,
            1.0000000000000004
        ]
    ],
    "h": [
        [
            -0.030044708182693225,
            -0.2954605387974888,
            7.538340576559628e-18,
            -0.006609243800106919,
            -9.006976214022608e-18,
            -0.1152901709619351,
            -0.1754721030264057,
            1.649400768568787e-19,
            0.05233656715572156,
            -2.2024072708377895e-19,
            -0.0010841862824377423,
            -0.014152752569576441,
            -1.5955375217272824e-20,
            0.005202764143166576,
            -6.3637683952540664e-21,
            0.008269228299057758,
            0.00902883227618668,
            -6.6173344183834446e-21,
            -0.0007777272978344103,
            3.490989510062643e-22
        ],
        [
            -0.2954605387974888,
            -0.17821058000658574,
            8.759195705928184e-18,
            -0.013745174969815144,
            -1.0791929592820566e-17,
            -0.17610537620553737,
            -0.1853721097460553,
            -1.2340137804344055e-21,
            0.03185039215944091,
            -3.630512179670627e-20,
            -0.005725790594388994,
            -0.02901739508294921,
            -1.518768348842088e-20,
            0.008287012105277805,
            -7.409851457485779e-21,
            0.00902883227618667,
            0.009353664904880807,
            -6.238720546407669e-21,
            -0.0007410053692835581,
            7.582588596943083e-23
        ],
        [
            7.538340576559628e-18,
            8.759195705928184e-18,
            1.4672391115375478,
            9.983928217721285e-19,
            1.0572922953090932e-33,
            5.214779729126494e-18,
            6.35228322776768e-18,
            -0.008478146938409686,
            -1.9235570700927475e-18,
            -2.578407554237969e-35,
            -2.417139599883085e-18,
            -2.1950024777731967e-18,
            -1.1793703579313817e-05,
            -2.9080726077349697e-19,
            -8.303888368902101e-38,
            -2.180106800719233e-18,
            -2.72801638876563e-18,
            2.961696631062579e-05,
            3.0204233336195378e-19,
            2.637402279484298e-38
        ],
        [
            -0.006609243800106919,
            -0.013745174969815144,
            9.983928217721285e-19,
            1.4645260271553187,
            -1.4076787740113764e-18,
            -0.052123292250202014,
            -0.0323190879600999,
            4.7755237167081914e-20,
            0.054861680277832364,
            -7.7896546832646e-20,
            -0.0010181773421993445,
            -0.005155011290098439,
            -3.0937403467727345e-21,
            0.0010202888009805241,
            -1.3558219488428737e-21,
            0.0007777272978344016,
            0.0007410053692835465,
            -8.753038941416379e-22,
            -7.531336433819025e-05,
            4.1902657012714886e-23
        ],
        [
            -9.006976214022608e-18,
            -1.0791929592820566e-17,
            1.0572922953090932e-33,
            -1.4076787740113764e-18,
            1.4672391115375474,
            -8.108028642987e-18,
            -1.0212707141942851e-17,
            1.5136512475012098e-36,
            2.078720561672312e-18,
            -0.008478146938409686,
            -8.834709319455583e-19,
            -2.0477410498611918e-18,
            -1.724368694384979e-39,
            4.468496270054869e-19,
            -1.1793703579313817e-05,
            1.6896498064694322e-19,
            7.339840339031072e-20,
            -2.6493788365649018e-39,
            1.5649698033819596e-20,
            2.961696631062579e-05
        ],
        [
            -0.1152901709619351,
            -0.17610537620553737,
            5.214779729126494e-18,
            -0.052123292250202014,
            -8.108028642987e-18,
            -0.032327623592011134,
            -0.3043620451264707,
            -7.265149090189835e-19,
            0.0015811752180246667,
            7.148623744338429e-19,
            -0.05017141790341045,
            -0.11017249121001786,
            -2.843250732767644e-21,
            0.039968295384212926,
            -1.3340958820494564e-20,
            -0.0010841862824377186,
            -0.005725790594388968,
            -2.7970491997423026e-22,
            0.001018177342199328,
            -1.844738705590575e-21
        ],
        [
            -0.1754721030264057,
            -0.1853721097460553,
            6.35228322776768e-18,
            -0.0323190879600999,
            -1.0212707141942851e-17,
            -0.3043620451264707,
            -0.20171215959775246,
            -6.497888017933674e-19,
            0.005797605303360109,
            4.960065717661173e-19,
            -0.11017249121001789,
            -0.12344275219640966,
            -2.1874092095839145e-20,
            0.02072822112439525,
            8.594228669207414e-21,
            -0.01415275256957642,
            -0.029017395082949204,
            -1.3943917500721605e-21,
            0.0051550112900984255,
            -1.5336656891708013e-21
        ],
        [
            1.649400768568787e-19,
            -1.2340137804344055e-21,
            -0.008478146938409686,
            4.7755237167081914e-20,
            1.5136512475012098e-36,
            -7.265149090189835e-19,
            -6.497888017933674e-19,
            1.470599840172208,
            2.782058122542465e-19,
            -2.8717025048622928e-36,
            -5.2447876382445873e-20,
            -1.3134286199116946e-19,
            -0.006436858296035915,
            4.677595271905191e-21,
            -2.5945401121691853e-39,
            -2.8477371758044114e-20,
            -3.789466826651072e-20,
            -1.179370357931354e-05,
            5.0320719115964526e-21,
            2.9488769695317133e-40
        ],
        [
            0.05233656715572156,
            0.03185039215944091,
            -1.9235570700927475e-18,
            0.054861680277832364,
            2.078720561672312e-18,
            0.0015811752180246667,
            0.005797605303360109,
            2.782058122542465e-19,
            1.4638486050857353,
            -4.2986074114139967e-19,
            -0.03996829538421284,
            -0.020728221124395235,
            -1.5798525396349547e-21,
            0.04919059770590986,
            -3.920377200438443e-21,
            -0.005202764143166564,
            -0.008287012105277785,
            3.934068257494472e-23,
            0.0010202888009805205,
            -3.035085974222474e-22
        ],
        [
            -2.2024072708377895e-19,
            -3.630512179670627e-20,
            -2.578407554237969e-35,
            -7.7896546832646e-20,
            -0.008478146938409686,
            7.148623744338429e-19,
            4.960065717661173e-19,
            -2.8717025048622928e-36,
            -4.2986074114139967e-19,
            1.4705998401722078,
            -5.095210433929159e-19,
            -5.127571369988723e-19,
            -5.30752775386994e-39,
            5.55328494661336e-20,
            -0.006436858296035915,
            -2.5430544619124923e-19,
            -3.430866930501728e-19,
            2.1499545341996873e-40,
            4.724351344767289e-20,
            -1.179370357931354e-05
        ],
        [
            -0.0010841862824377423,
            -0.005725790594388994,
            -2.417139599883085e-18,
            -0.0010181773421993445,
            -8.834709319455583e-19,
            -0.05017141790341045,
            -0.11017249121001789,
            -5.2447876382445873e-20,
            -0.03996829538421284,
            -5.095210433929159e-19,
            -0.032327623592010024,
            -0.3043620451264707,
            -9.115116962092503e-20,
            -0.0015811752180247014,
            1.2046539152925545e-19,
            -0.11529017096193529,
            -0.1761053762055374,
            -2.47260129438486e-22,
            0.05212329225020216,
            1.1982377335426852e-21
        ],
        [
            -0.014152752569576441,
            -0.02901739508294921,
            -2.1950024777731967e-18,
            -0.005155011290098439,
            -2.0477410498611918e-18,
            -0.11017249121001786,
            -0.12344275219640966,
            -1.3134286199116946e-19,
            -0.020728221124395235,
            -5.127571369988723e-19,
            -0.3043620451264707,
            -0.2017121595977529,
            -8.603177779231055e-20,
            -0.00579760530336015,
            1.0885353676927535e-19,
            -0.1754721030264059,
            -0.18537210974605542,
            -4.690706937398256e-21,
            0.03231908796009994,
            6.823411304760966e-21
        ],
        [
            -1.5955375217272824e-20,
            -1.518768348842088e-20,
            -1.1793703579313817e-05,
            -3.0937403467727345e-21,
            -1.724368694384979e-39,
            -2.843250732767644e-21,
            -2.1874092095839145e-20,
            -0.006436858296035915,
            -1.5798525396349547e-21,
            -5.30752775386994e-39,
            -9.115116962092503e-20,
            -8.603177779231055e-20,
            1.470599840172208,
            1.7708868107067026e-20,
            -6.807146067733834e-38,
            -1.213956526940026e-21,
            -1.2300141445997899e-20,
            -0.00847814693840973,
            5.124744992232496e-22,
            -3.4363135882224034e-41
        ],
        [
            0.005202764143166576,
            0.008287012105277805,
            -2.9080726077349697e-19,
            0.0010202888009805241,
            4.468496270054869e-19,
            0.039968295384212926,
            0.02072822112439525,
            4.677595271905191e-21,
            0.04919059770590986,
            5.55328494661336e-20,
            -0.0015811752180247014,
            -0.00579760530336015,
            1.7708868107067026e-20,
            1.4638486050857349,
            -2.8364657489052474e-20,
            -0.0523365671557217,
            -0.031850392159440896,
            -2.437717634521978e-22,
            0.0548616802778326,
            6.240325781762315e-22
        ],
        [
            -6.3637683952540664e-21,
            -7.409851457485779e-21,
            -8.303888368902101e-38,
            -1.3558219488428737e-21,
            -1.1793703579313817e-05,
            -1.3340958820494564e-20,
            8.594228669207414e-21,
            -2.5945401121691853e-39,
            -3.920377200438443e-21,
            -0.006436858296035915,
            1.2046539152925545e-19,
            1.0885353676927535e-19,
            -6.807146067733834e-38,
            -2.8364657489052474e-20,
            1.4705998401722078,
            -2.2523940396683303e-21,
            1.1568027901090271e-20,
            -4.009568028319208e-41,
            3.432831591984329e-22,
            -0.008478146938409733
        ],
        [
            0.008269228299057758,
            0.00902883227618667,
            -2.180106800719233e-18,
            0.0007777272978344016,
            1.6896498064694322e-19,
            -0.0010841862824377186,
            -0.01415275256957642,
            -2.8477371758044114e-20,
            -0.005202764143166564,
            -2.5430544619124923e-19,
            -0.11529017096193529,
            -0.1754721030264059,
            -1.213956526940026e-21,
            -0.0523365671557217,
            -2.2523940396683303e-21,
            -0.03004470818269267,
            -0.2954605387974893,
            -2.6376375753252603e-20,
            0.00660924380010694,
            3.505917297427865e-20
        ],
        [
            0.00902883227618668,
            0.009353664904880807,
            -2.72801638876563e-18,
            0.0007410053692835465,
            7.339840339031072e-20,
            -0.005725790594388968,
            -0.029017395082949204,
            -3.789466826651072e-20,
            -0.008287012105277785,
            -3.430866930501728e-19,
            -0.1761053762055374,
            -0.18537210974605542,
            -1.2300141445997899e-20,
            -0.031850392159440896,
            1.1568027901090271e-20,
            -0.2954605387974893,
            -0.17821058000658574,
            -2.4721070266946323e-20,
            0.013745174969815213,
            3.313943576860674e-20
        ],
        [
            -6.6173344183834446e-21,
            -6.238720546407669e-21,
            2.961696631062579e-05,
            -8.753038941416379e-22,
            -2.6493788365649018e-39,
            -2.7970491997423026e-22,
            -1.3943917500721605e-21,
            -1.179370357931354e-05,
            3.934068257494472e-23,
            2.1499545341996873e-40,
            -2.47260129438486e-22,
            -4.690706937398256e-21,
            -0.00847814693840973,
            -2.437717634521978e-22,
            -4.009568028319208e-41,
            -2.6376375753252603e-20,
            -2.4721070266946323e-20,
            1.4672391115375474,
            3.460239023730249e-21,
            -9.081869664525912e-39
        ],
        [
            -0.0007777272978344103,
            -0.0007410053692835581,
            3.0204233336195378e-19,
            -7.531336433819025e-05,
            1.5649698033819596e-20,
            0.001018177342199328,
            0.0051550112900984255,
            5.0320719115964526e-21,
            0.0010202888009805205,
            4.724351344767289e-20,
            0.05212329225020216,
            0.03231908796009994,
            5.124744992232496e-22,
            0.0548616802778326,
            3.432831591984329e-22,
            0.00660924380010694,
            0.013745174969815213,
            3.460239023730249e-21,
            1.4645260271553189,
            -4.857003259642488e-21
        ],
        [
            3.490989510062643e-22,
            7.582588596943083e-23,
            2.637402279484298e-38,
            4.1902657012714886e-23,
            2.961696631062579e-05,
            -1.844738705590575e-21,
            -1.5336656891708013e-21,
            2.9488769695317133e-40,
            -3.035085974222474e-22,
            -1.179370357931354e-05,
            1.1982377335426852e-21,
            6.823411304760966e-21,
            -3.4363135882224034e-41,
            6.240325781762315e-22,
            -0.008478146938409733,
            3.505917297427865e-20,
            3.313943576860674e-20,
            -9.081869664525912e-39,
            -4.857003259642488e-21,
            1.467239111537547
        ]
    ]
}