{
    "HF": -1.7216998815159927,
    "coordinates": [
        [
            0.0,
            0.0,
            0.0
        ],
        [
            0.5,
            0.0,
            0.0
        ],
        [
            1.0,
            0.0,
            0.0
        ],
        [
            1.5,
            0.0,
            0.0
        ]
    ],
    "elements": [
        "H",
        "H",
        "H",
        "H"
    ],
    "Enn": 4.58620249464,
    "S": [
        [
            0.9999999999999999,
            0.6848602514927513,
            0.0,
            0.0,
            0.0,
            0.76476472037793,
            0.627528249828236,
            0.0,
            -0.524043433465613,
            0.0,
            0.375128456639564,
            0.48284142031510635,
            0.0,
            -0.42735597148698057,
            0.0,
            0.12555625685452426,
            0.31213121703884816,
            0.0,
            -0.16545621891780188,
            0.0
        ],
        [
            0.6848602514927513,
            1.0000000000000002,
            0.0,
            0.0,
            0.0,
            0.627528249828236,
            0.9469975825030366,
            0.0,
            -0.12394167328309104,
            0.0,
            0.48284142031510635,
            0.8042581700033132,
            0.0,
            -0.18738393703621525,
            0.0,
            0.31213121703884816,
            0.6125475864917014,
            0.0,
            -0.1763188047230161,
            0.0
        ],
        [
            0.0,
            0.0,
            1.0000000000000004,
            0.0,
            0.0,
            0.0,
            0.0,
            0.7228738769808684,
            0.0,
            0.0,
            0.0,
            0.0,
            0.27305499308779035,
            0.0,
            0.0,
            0.0,
            0.0,
            0.05389677453800268,
            0.0,
            0.0
        ],
        [
            0.0,
            0.0,
            0.0,
            1.0000000000000004,
            0.0,
            0.5240434334656129,
            0.123941673283091,
            0.0,
            0.25369906978655304,
            0.0,
            0.42735597148698046,
            0.18738393703621514,
            0.0,
            -0.4358405850480331,
            0.0,
            0.16545621891780185,
            0.17631880472301592,
            0.0,
            -0.2609341890194054,
            0.0
        ],
        [
            0.0,
            0.0,
            0.0,
            0.0,
            1.0000000000000004,
            0.0,
            0.0,
            0.0,
            0.0,
            0.7228738769808684,
            0.0,
            0.0,
            0.0,
            0.0,
            0.27305499308779035,
            0.0,
            0.0,
            0.0,
            0.0,
            0.05389677453800268
        ],
        [
            0.76476472037793,
            0.627528249828236,
            0.0,
            0.524043433465613,
            0.0,
            0.9999999999999999,
            0.6848602514927513,
            0.0,
            0.0,
            0.0,
            0.76476472037793,
            0.627528249828236,
            0.0,
            -0.524043433465613,
            0.0,
            0.375128456639564,
            0.48284142031510635,
            0.0,
            -0.42735597148698046,
            0.0
        ],
        [
            0.627528249828236,
            0.9469975825030366,
            0.0,
            0.12394167328309104,
            0.0,
            0.6848602514927513,
            1.0000000000000002,
            0.0,
            0.0,
            0.0,
            0.627528249828236,
            0.9469975825030366,
            0.0,
            -0.12394167328309094,
            0.0,
            0.48284142031510635,
            0.8042581700033132,
            0.0,
            -0.1873839370362151,
            0.0
        ],
        [
            0.0,
            0.0,
            0.7228738769808684,
            0.0,
            0.0,
            0.0,
            0.0,
            1.0000000000000004,
            0.0,
            0.0,
            0.0,
            0.0,
            0.7228738769808684,
            0.0,
            0.0,
            0.0,
            0.0,
            0.27305499308779035,
            0.0,
            0.0
        ],
        [
            -0.5240434334656129,
            -0.12394167328309094,
            0.0,
            0.25369906978655304,
            0.0,
            0.0,
            0.0,
            0.0,
            1.0000000000000004,
            0.0,
            0.524043433465613,
            0.12394167328309094,
            0.0,
            0.25369906978655304,
            0.0,
            0.42735597148698046,
            0.18738393703621506,
            0.0,
            -0.4358405850480331,
            0.0
        ],
        [
            0.0,
            0.0,
            0.0,
            0.0,
            0.7228738769808684,
            0.0,
            0.0,
            0.0,
            0.0,
            1.0000000000000004,
            0.0,
            0.0,
            0.0,
            0.0,
            0.7228738769808684,
            0.0,
            0.0,
            0.0,
            0.0,
            0.27305499308779035
        ],
        [
            0.375128456639564,
            0.48284142031510635,
            0.0,
            0.42735597148698057,
            0.0,
            0.76476472037793,
            0.627528249828236,
            0.0,
            0.524043433465613,
            0.0,
            0.9999999999999999,
            0.6848602514927513,
            0.0,
            0.0,
            0.0,
            0.76476472037793,
            0.627528249828236,
            0.0,
            -0.524043433465613,
            0.0
        ],
        [
            0.48284142031510635,
            0.8042581700033132,
            0.0,
            0.18738393703621525,
            0.0,
            0.627528249828236,
            0.9469975825030366,
            0.0,
            0.12394167328309094,
            0.0,
            0.6848602514927513,
            1.0000000000000002,
            0.0,
            0.0,
            0.0,
            0.627528249828236,
            0.9469975825030366,
            0.0,
            -0.12394167328309094,
            0.0
        ],
        [
            0.0,
            0.0,
            0.27305499308779035,
            0.0,
            0.0,
            0.0,
            0.0,
            0.7228738769808684,
            0.0,
            0.0,
            0.0,
            0.0,
            1.0000000000000004,
            0.0,
            0.0,
            0.0,
            0.0,
            0.7228738769808684,
            0.0,
            0.0
        ],
        [
            -0.42735597148698046,
            -0.18738393703621506,
            0.0,
            -0.4358405850480331,
            0.0,
            -0.524043433465613,
            -0.12394167328309094,
            0.0,
            0.25369906978655304,
            0.0,
            0.0,
            0.0,
            0.0,
            1.0000000000000004,
            0.0,
            0.524043433465613,
            0.12394167328309094,
            0.0,
            0.25369906978655304,
            0.0
        ],
        [
            0.0,
            0.0,
            0.0,
            0.0,
            0.27305499308779035,
            0.0,
            0.0,
            0.0,
            0.0,
            0.7228738769808684,
            0.0,
            0.0,
            0.0,
            0.0,
            1.0000000000000004,
            0.0,
            0.0,
            0.0,
            0.0,
            0.7228738769808684
        ],
        [
            0.12555625685452426,
            0.31213121703884816,
            0.0,
            0.16545621891780188,
            0.0,
            0.375128456639564,
            0.48284142031510635,
            0.0,
            0.42735597148698057,
            0.0,
            0.76476472037793,
            0.627528249828236,
            0.0,
            0.524043433465613,
            0.0,
            0.9999999999999999,
            0.6848602514927513,
            0.0,
            0.0,
            0.0
        ],
        [
            0.31213121703884816,
            0.6125475864917014,
            0.0,
            0.1763188047230161,
            0.0,
            0.48284142031510635,
            0.8042581700033132,
            0.0,
            0.18738393703621525,
            0.0,
            0.627528249828236,
            0.9469975825030366,
            0.0,
            0.12394167328309094,
            0.0,
            0.6848602514927513,
            1.0000000000000002,
            0.0,
            0.0,
            0.0
        ],
        [
            0.0,
            0.0,
            0.05389677453800268,
            0.0,
            0.0,
            0.0,
            0.0,
            0.27305499308779035,
            0.0,
            0.0,
            0.0,
            0.0,
            0.7228738769808684,
            0.0,
            0.0,
            0.0,
            0.0,
            1.0000000000000004,
            0.0,
            0.0
        ],
        [
            -0.16545621891780185,
            -0.17631880472301584,
            0.0,
            -0.2609341890194054,
            0.0,
            -0.42735597148698046,
            -0.18738393703621506,
            0.0,
            -0.4358405850480331,
            0.0,
            -0.524043433465613,
            -0.12394167328309094,
            0.0,
            0.25369906978655304,
            0.0,
            0.0,
            0.0,
            0.0,
            1.0000000000000004,
            0.0
        ],
        [
            0.0,
            0.0,
            0.0,
            0.0,
            0.05389677453800268,
            0.0,
            0.0,
            0.0,
            0.0,
            0.27305499308779035,
            0.0,
            0.0,
            0.0,
            0.0,
            0.7228738769808684,
            0.0,
            0.0,
            0.0,
            0.0,
            1.0000000000000004
        ]
    ],
    "h": [
        [
            -0.5311528034985473,
            -0.5699614664706807,
            1.9743991736133774e-17,
            -0.476895718087917,
            1.0768529616085674e-17,
            -0.8259469369041277,
            -0.5727447723745138,
            1.579849983258771e-17,
            -0.08576245598961996,
            1.08563838013792e-17,
            -0.5999080353109392,
            -0.4894147772220869,
            5.647319430965681e-18,
            0.48607825907599755,
            5.9249120775921016e-18,
            -0.24993464768830392,
            -0.35026737445955547,
            -5.812644612673995e-20,
            0.365147033446351,
            1.5032963391008083e-18
        ],
        [
            -0.5699614664706807,
            -0.34312550590492097,
            1.9325383811932166e-19,
            -0.3528332468861596,
            -2.0895840718120236e-18,
            -0.6965215370262753,
            -0.38955810518521394,
            -2.9852825572943565e-18,
            0.02578283142627541,
            -2.2496363521999667e-18,
            -0.5757808138233632,
            -0.37692625711814354,
            -4.720517611488432e-18,
            0.2716752840485809,
            -1.9001189342221808e-18,
            -0.3502673744595557,
            -0.3125177549815292,
            -3.0999912580524107e-18,
            0.2951978704438884,
            -1.221711350311057e-18
        ],
        [
            1.9743991736133774e-17,
            1.9325383811932166e-19,
            1.415006750301954,
            -1.661774800316934e-17,
            -1.1605400768701083e-32,
            -8.269408520605854e-18,
            -1.2928718403246907e-17,
            0.7785058976459658,
            -4.8788616639332885e-17,
            -9.648535513562202e-33,
            -4.334698730071178e-17,
            -2.5218634685862808e-17,
            0.07895670734108107,
            -3.2390764721692404e-17,
            -4.811490902178878e-33,
            -5.037475746904237e-17,
            -3.182376916346581e-17,
            -0.05133188208947351,
            1.415475741847736e-17,
            -1.6249327304260002e-33
        ],
        [
            -0.476895718087917,
            -0.3528332468861596,
            -1.661774800316934e-17,
            0.9354444053746382,
            -1.3919048102675056e-17,
            -0.23399410314689173,
            -0.37232097393770364,
            -2.4717813798068435e-17,
            -0.18907005650518455,
            -1.657383179165985e-17,
            -0.4582658013032199,
            -0.35117386203702605,
            -1.3466075422980023e-17,
            -0.27628638629355695,
            -8.469433836893689e-18,
            -0.3651470334463514,
            -0.2951978704438871,
            -4.2222546551095376e-18,
            0.31863682675537963,
            -2.9999590275072672e-18
        ],
        [
            1.0768529616085674e-17,
            -2.0895840718120236e-18,
            -1.1605400768701083e-32,
            -1.3919048102675056e-17,
            1.4150067503019539,
            -1.0197828289350998e-17,
            -1.1607397521408567e-17,
            -9.265166808610438e-33,
            -3.519926053464559e-17,
            0.7785058976459658,
            -3.440066777091535e-17,
            -2.01866141313018e-17,
            -4.1498948551882694e-33,
            -2.096876574673399e-17,
            0.07895670734108107,
            -3.773132582626221e-17,
            -2.4411879066424955e-17,
            -1.0900409709117341e-33,
            1.2218165638576902e-17,
            -0.05133188208947348
        ],
        [
            -0.8259469369041277,
            -0.6965215370262753,
            -8.269408520605854e-18,
            -0.23399410314689173,
            -1.0197828289350998e-17,
            -0.8669099972820007,
            -0.7528524247375508,
            -1.5199127980075188e-17,
            -0.0459834674214816,
            -1.1043644413493317e-17,
            -0.8931398735561658,
            -0.707125593384256,
            -1.1551534399577037e-17,
            0.1446102761044239,
            -6.217480539001356e-18,
            -0.5999080353109401,
            -0.5757808138233638,
            -5.1710572185938525e-18,
            0.4582658013032199,
            -2.7624402529600215e-18
        ],
        [
            -0.5727447723745138,
            -0.38955810518521394,
            -1.2928718403246907e-17,
            -0.37232097393770364,
            -1.1607397521408567e-17,
            -0.7528524247375508,
            -0.44306568806129687,
            -1.6191150438642507e-17,
            -0.08695860059949223,
            -1.1777786162018927e-17,
            -0.7071255933842555,
            -0.43806514833246,
            -1.1960116939947154e-17,
            0.19953736314989576,
            -7.327290165973626e-18,
            -0.4894147772220878,
            -0.3769262571181424,
            -5.331690394247119e-18,
            0.35117386203702666,
            -3.1020911517661408e-18
        ],
        [
            1.579849983258771e-17,
            -2.9852825572943565e-18,
            0.7785058976459658,
            -2.4717813798068435e-17,
            -9.265166808610438e-33,
            -1.5199127980075188e-17,
            -1.6191150438642507e-17,
            1.2771370759960166,
            -4.8599559655556066e-17,
            -7.613922602238224e-33,
            -4.69833639064386e-17,
            -2.778995018425902e-17,
            0.7362757660345827,
            -2.5060715700802613e-17,
            -3.852980778618656e-33,
            -5.02493881052462e-17,
            -3.315948509186423e-17,
            0.07895670734108085,
            1.6822999501167138e-17,
            -1.3883822489830615e-33
        ],
        [
            -0.08576245598961996,
            0.02578283142627541,
            -4.8788616639332885e-17,
            -0.18907005650518455,
            -3.519926053464559e-17,
            -0.0459834674214816,
            -0.08695860059949223,
            -4.8599559655556066e-17,
            0.3526229208178777,
            -3.5301446124711176e-17,
            -0.14461027610442634,
            -0.199537363149897,
            -2.747393861036651e-17,
            -0.4854690061896235,
            -2.0470165021521812e-17,
            -0.4860782590759971,
            -0.271675284048581,
            -8.120484455815874e-18,
            -0.27628638629355584,
            -7.427562312177245e-18
        ],
        [
            1.08563838013792e-17,
            -2.2496363521999667e-18,
            -9.648535513562202e-33,
            -1.657383179165985e-17,
            0.7785058976459658,
            -1.1043644413493317e-17,
            -1.1777786162018927e-17,
            -7.613922602238224e-33,
            -3.5301446124711176e-17,
            1.2771370759960163,
            -3.477451066750943e-17,
            -2.030520022852682e-17,
            -3.4112696746218916e-33,
            -1.977127040573319e-17,
            0.7362757660345827,
            -3.780296635390955e-17,
            -2.4397537553626314e-17,
            -9.342970485254695e-34,
            1.2160762942751394e-17,
            0.07895670734108085
        ],
        [
            -0.5999080353109392,
            -0.5757808138233632,
            -4.334698730071178e-17,
            -0.4582658013032199,
            -3.440066777091535e-17,
            -0.8931398735561658,
            -0.7071255933842555,
            -4.69833639064386e-17,
            -0.14461027610442634,
            -3.477451066750943e-17,
            -0.8669099972820038,
            -0.7528524247375514,
            -2.8647927140543786e-17,
            0.045983467421480365,
            -2.0237690829009355e-17,
            -0.8259469369041297,
            -0.6965215370262748,
            -9.976358243368177e-18,
            0.23399410314689373,
            -7.613793322109853e-18
        ],
        [
            -0.4894147772220869,
            -0.37692625711814354,
            -2.5218634685862808e-17,
            -0.35117386203702605,
            -2.01866141313018e-17,
            -0.707125593384256,
            -0.43806514833246,
            -2.778995018425902e-17,
            -0.199537363149897,
            -2.030520022852682e-17,
            -0.7528524247375514,
            -0.4430656880612964,
            -1.7955773867372978e-17,
            0.08695860059949154,
            -1.224300817660047e-17,
            -0.5727447723745143,
            -0.3895581051852146,
            -6.94628842282237e-18,
            0.372320973937704,
            -4.70813636320711e-18
        ],
        [
            5.647319430965681e-18,
            -4.720517611488432e-18,
            0.07895670734108107,
            -1.3466075422980023e-17,
            -4.1498948551882694e-33,
            -1.1551534399577037e-17,
            -1.1960116939947154e-17,
            0.7362757660345827,
            -2.747393861036651e-17,
            -3.4112696746218916e-33,
            -2.8647927140543786e-17,
            -1.7955773867372978e-17,
            1.2771370759960148,
            -1.2251173563285428e-17,
            -1.6042321642448957e-33,
            -2.9317726716031805e-17,
            -2.0260688596350962e-17,
            0.7785058976459658,
            1.0612679806612097e-17,
            -5.524395461147472e-34
        ],
        [
            0.48607825907599755,
            0.2716752840485809,
            -3.2390764721692404e-17,
            -0.27628638629355695,
            -2.096876574673399e-17,
            0.1446102761044239,
            0.19953736314989576,
            -2.5060715700802613e-17,
            -0.4854690061896235,
            -1.977127040573319e-17,
            0.045983467421480365,
            0.08695860059949154,
            -1.2251173563285428e-17,
            0.3526229208178773,
            -1.2050512565711802e-17,
            0.08576245598962051,
            -0.025782831426275632,
            -2.7995629920658547e-18,
            -0.18907005650518433,
            -3.563433707425706e-18
        ],
        [
            5.9249120775921016e-18,
            -1.9001189342221808e-18,
            -4.811490902178878e-33,
            -8.469433836893689e-18,
            0.07895670734108107,
            -6.217480539001356e-18,
            -7.327290165973626e-18,
            -3.852980778618656e-33,
            -2.0470165021521812e-17,
            0.7362757660345827,
            -2.0237690829009355e-17,
            -1.224300817660047e-17,
            -1.6042321642448957e-33,
            -1.2050512565711802e-17,
            1.2771370759960146,
            -2.275425287827177e-17,
            -1.4652987364032563e-17,
            -3.7420179149628044e-34,
            5.983141855366091e-18,
            0.7785058976459658
        ],
        [
            -0.24993464768830392,
            -0.3502673744595557,
            -5.037475746904237e-17,
            -0.3651470334463514,
            -3.773132582626221e-17,
            -0.5999080353109401,
            -0.4894147772220878,
            -5.02493881052462e-17,
            -0.4860782590759971,
            -3.780296635390955e-17,
            -0.8259469369041297,
            -0.5727447723745143,
            -2.9317726716031805e-17,
            0.08576245598962051,
            -2.275425287827177e-17,
            -0.5311528034985504,
            -0.5699614664706809,
            -9.482429073408391e-18,
            0.47689571808791786,
            -8.024384593377007e-18
        ],
        [
            -0.35026737445955547,
            -0.3125177549815292,
            -3.182376916346581e-17,
            -0.2951978704438871,
            -2.4411879066424955e-17,
            -0.5757808138233638,
            -0.3769262571181424,
            -3.315948509186423e-17,
            -0.271675284048581,
            -2.4397537553626314e-17,
            -0.6965215370262748,
            -0.3895581051852146,
            -2.0260688596350962e-17,
            -0.025782831426275632,
            -1.4652987364032563e-17,
            -0.5699614664706809,
            -0.3431255059049205,
            -7.29144985310617e-18,
            0.35283324688615997,
            -5.411350362875304e-18
        ],
        [
            -5.812644612673995e-20,
            -3.0999912580524107e-18,
            -0.05133188208947351,
            -4.2222546551095376e-18,
            -1.0900409709117341e-33,
            -5.1710572185938525e-18,
            -5.331690394247119e-18,
            0.07895670734108085,
            -8.120484455815874e-18,
            -9.342970485254695e-34,
            -9.976358243368177e-18,
            -6.94628842282237e-18,
            0.7785058976459658,
            -2.7995629920658547e-18,
            -3.7420179149628044e-34,
            -9.482429073408391e-18,
            -7.29144985310617e-18,
            1.4150067503019546,
            3.9081788684348305e-18,
            -4.4640795881809184e-35
        ],
        [
            0.365147033446351,
            0.2951978704438884,
            1.415475741847736e-17,
            0.31863682675537963,
            1.2218165638576902e-17,
            0.4582658013032199,
            0.35117386203702666,
            1.6822999501167138e-17,
            -0.27628638629355584,
            1.2160762942751394e-17,
            0.23399410314689373,
            0.372320973937704,
            1.0612679806612097e-17,
            -0.18907005650518433,
            5.983141855366091e-18,
            0.47689571808791786,
            0.35283324688615997,
            3.9081788684348305e-18,
            0.9354444053746387,
            2.577153991994612e-18
        ],
        [
            1.5032963391008083e-18,
            -1.221711350311057e-18,
            -1.6249327304260002e-33,
            -2.9999590275072672e-18,
            -0.05133188208947348,
            -2.7624402529600215e-18,
            -3.1020911517661408e-18,
            -1.3883822489830615e-33,
            -7.427562312177245e-18,
            0.07895670734108085,
            -7.613793322109853e-18,
            -4.70813636320711e-18,
            -5.524395461147472e-34,
            -3.563433707425706e-18,
            0.7785058976459658,
            -8.024384593377007e-18,
            -5.411350362875304e-18,
            -4.4640795881809184e-35,
            2.577153991994612e-18,
            1.4150067503019543
        ]
    ]
}