{
    "HF": -1.7536793569236475,
    "coordinates": [
        [
            0.0,
            0.0,
            0.0
        ],
        [
            2.4,
            0.0,
            0.0
        ],
        [
            4.8,
            0.0,
            0.0
        ],
        [
            7.2,
            0.0,
            0.0
        ]
    ],
    "elements": [
        "H",
        "H",
        "H",
        "H"
    ],
    "Enn": 0.95545885305,
    "S": [
        [
            0.9999999999999999,
            0.6848602514927513,
            0.0,
            0.0,
            0.0,
            0.006992999248237895,
            0.09200396267659126,
            0.0,
            -0.007855598076560763,
            0.0,
            7.543222672631393e-09,
            0.00023628320842695666,
            0.0,
            -6.33259404970958e-10,
            0.0,
            8.87894273551803e-19,
            1.2240575471459192e-08,
            0.0,
            -4.520296038452451e-22,
            0.0
        ],
        [
            0.6848602514927513,
            1.0000000000000002,
            0.0,
            0.0,
            0.0,
            0.09200396267659126,
            0.2851530180903721,
            0.0,
            -0.07616026676502623,
            0.0,
            0.00023628320842695666,
            0.006611680979764237,
            0.0,
            -0.00024157559247100808,
            0.0,
            1.2240575471459192e-08,
            1.246527181537145e-05,
            0.0,
            -7.815713795899729e-09,
            0.0
        ],
        [
            0.0,
            0.0,
            1.0000000000000004,
            0.0,
            0.0,
            0.0,
            0.0,
            0.0005659795054888335,
            0.0,
            0.0,
            0.0,
            0.0,
            1.0261310316162752e-13,
            0.0,
            0.0,
            0.0,
            0.0,
            5.9594523043907376e-30,
            0.0,
            0.0
        ],
        [
            0.0,
            0.0,
            0.0,
            1.0000000000000004,
            0.0,
            0.007855598076560754,
            0.07616026676502616,
            0.0,
            -0.007897624466384381,
            0.0,
            6.332594049709555e-10,
            0.00024157559247100753,
            0.0,
            -6.035253438383109e-12,
            0.0,
            4.52029603845245e-22,
            7.81571379589975e-09,
            0.0,
            -7.960943205625317e-28,
            0.0
        ],
        [
            0.0,
            0.0,
            0.0,
            0.0,
            1.0000000000000004,
            0.0,
            0.0,
            0.0,
            0.0,
            0.0005659795054888335,
            0.0,
            0.0,
            0.0,
            0.0,
            1.0261310316162752e-13,
            0.0,
            0.0,
            0.0,
            0.0,
            5.9594523043907376e-30
        ],
        [
            0.006992999248237895,
            0.09200396267659126,
            0.0,
            0.007855598076560763,
            0.0,
            0.9999999999999999,
            0.6848602514927513,
            0.0,
            0.0,
            0.0,
            0.006992999248237895,
            0.09200396267659126,
            0.0,
            -0.007855598076560763,
            0.0,
            7.543222672631338e-09,
            0.00023628320842695625,
            0.0,
            -6.332594049709533e-10,
            0.0
        ],
        [
            0.09200396267659126,
            0.2851530180903721,
            0.0,
            0.07616026676502623,
            0.0,
            0.6848602514927513,
            1.0000000000000002,
            0.0,
            0.0,
            0.0,
            0.09200396267659126,
            0.2851530180903721,
            0.0,
            -0.07616026676502617,
            0.0,
            0.00023628320842695622,
            0.006611680979764226,
            0.0,
            -0.0002415755924710071,
            0.0
        ],
        [
            0.0,
            0.0,
            0.0005659795054888335,
            0.0,
            0.0,
            0.0,
            0.0,
            1.0000000000000004,
            0.0,
            0.0,
            0.0,
            0.0,
            0.0005659795054888335,
            0.0,
            0.0,
            0.0,
            0.0,
            1.0261310316162644e-13,
            0.0,
            0.0
        ],
        [
            -0.007855598076560754,
            -0.07616026676502613,
            0.0,
            -0.007897624466384381,
            0.0,
            0.0,
            0.0,
            0.0,
            1.0000000000000004,
            0.0,
            0.007855598076560754,
            0.07616026676502613,
            0.0,
            -0.007897624466384381,
            0.0,
            6.332594049709533e-10,
            0.0002415755924710072,
            0.0,
            -6.0352534383830465e-12,
            0.0
        ],
        [
            0.0,
            0.0,
            0.0,
            0.0,
            0.0005659795054888335,
            0.0,
            0.0,
            0.0,
            0.0,
            1.0000000000000004,
            0.0,
            0.0,
            0.0,
            0.0,
            0.0005659795054888335,
            0.0,
            0.0,
            0.0,
            0.0,
            1.0261310316162644e-13
        ],
        [
            7.543222672631393e-09,
            0.00023628320842695666,
            0.0,
            6.33259404970958e-10,
            0.0,
            0.006992999248237895,
            0.09200396267659126,
            0.0,
            0.007855598076560763,
            0.0,
            0.9999999999999999,
            0.6848602514927513,
            0.0,
            0.0,
            0.0,
            0.006992999248237875,
            0.09200396267659111,
            0.0,
            -0.007855598076560728,
            0.0
        ],
        [
            0.00023628320842695666,
            0.006611680979764237,
            0.0,
            0.00024157559247100808,
            0.0,
            0.09200396267659126,
            0.2851530180903721,
            0.0,
            0.07616026676502617,
            0.0,
            0.6848602514927513,
            1.0000000000000002,
            0.0,
            0.0,
            0.0,
            0.09200396267659108,
            0.2851530180903717,
            0.0,
            -0.07616026676502602,
            0.0
        ],
        [
            0.0,
            0.0,
            1.0261310316162752e-13,
            0.0,
            0.0,
            0.0,
            0.0,
            0.0005659795054888335,
            0.0,
            0.0,
            0.0,
            0.0,
            1.0000000000000004,
            0.0,
            0.0,
            0.0,
            0.0,
            0.0005659795054888299,
            0.0,
            0.0
        ],
        [
            -6.332594049709555e-10,
            -0.00024157559247100745,
            0.0,
            -6.035253438383109e-12,
            0.0,
            -0.007855598076560754,
            -0.07616026676502613,
            0.0,
            -0.007897624466384381,
            0.0,
            0.0,
            0.0,
            0.0,
            1.0000000000000004,
            0.0,
            0.00785559807656072,
            0.07616026676502599,
            0.0,
            -0.007897624466384338,
            0.0
        ],
        [
            0.0,
            0.0,
            0.0,
            0.0,
            1.0261310316162752e-13,
            0.0,
            0.0,
            0.0,
            0.0,
            0.0005659795054888335,
            0.0,
            0.0,
            0.0,
            0.0,
            1.0000000000000004,
            0.0,
            0.0,
            0.0,
            0.0,
            0.0005659795054888299
        ],
        [
            8.87894273551803e-19,
            1.2240575471459192e-08,
            0.0,
            4.520296038452451e-22,
            0.0,
            7.543222672631338e-09,
            0.00023628320842695625,
            0.0,
            6.332594049709534e-10,
            0.0,
            0.006992999248237875,
            0.09200396267659111,
            0.0,
            0.007855598076560728,
            0.0,
            0.9999999999999999,
            0.6848602514927513,
            0.0,
            0.0,
            0.0
        ],
        [
            1.2240575471459192e-08,
            1.246527181537145e-05,
            0.0,
            7.815713795899729e-09,
            0.0,
            0.00023628320842695622,
            0.006611680979764226,
            0.0,
            0.00024157559247100726,
            0.0,
            0.09200396267659108,
            0.2851530180903717,
            0.0,
            0.07616026676502602,
            0.0,
            0.6848602514927513,
            1.0000000000000002,
            0.0,
            0.0,
            0.0
        ],
        [
            0.0,
            0.0,
            5.9594523043907376e-30,
            0.0,
            0.0,
            0.0,
            0.0,
            1.0261310316162644e-13,
            0.0,
            0.0,
            0.0,
            0.0,
            0.0005659795054888299,
            0.0,
            0.0,
            0.0,
            0.0,
            1.0000000000000004,
            0.0,
            0.0
        ],
        [
            -4.52029603845245e-22,
            -7.815713795899747e-09,
            0.0,
            -7.960943205625317e-28,
            0.0,
            -6.332594049709533e-10,
            -0.00024157559247100705,
            0.0,
            -6.035253438383047e-12,
            0.0,
            -0.00785559807656072,
            -0.07616026676502599,
            0.0,
            -0.007897624466384338,
            0.0,
            0.0,
            0.0,
            0.0,
            1.0000000000000004,
            0.0
        ],
        [
            0.0,
            0.0,
            0.0,
            0.0,
            5.9594523043907376e-30,
            0.0,
            0.0,
            0.0,
            0.0,
            1.0261310316162644e-13,
            0.0,
            0.0,
            0.0,
            0.0,
            0.0005659795054888299,
            0.0,
            0.0,
            0.0,
            0.0,
            1.0000000000000004
        ]
    ],
    "h": [
        [
            -0.029271925750422367,
            -0.2905859122178486,
            5.597488197503379e-18,
            -0.003339171186335206,
            1.1569537103043642e-17,
            -0.09661701657720598,
            -0.15221897309305138,
            1.519626309721327e-19,
            0.035775978442114484,
            1.5606180051564298e-19,
            -0.0004265399295871108,
            -0.009767771134959852,
            1.5163349640952025e-20,
            0.003494212433743946,
            1.4723370271419882e-21,
            0.006939544289983688,
            0.007690454177708337,
            3.441987967737496e-21,
            -0.0005517306890218389,
            -1.5921954704551754e-21
        ],
        [
            -0.2905859122178486,
            -0.1675706229443622,
            6.7516136606970885e-18,
            -0.008868443454708753,
            1.356150074700434e-17,
            -0.15248206729816216,
            -0.16488591256866683,
            7.883646251105884e-20,
            0.030820916670804582,
            -2.6027889013504944e-20,
            -0.003031828769734623,
            -0.019117157085118637,
            1.399754918627565e-20,
            0.005104571988204312,
            8.554101318316661e-22,
            0.007690454177708339,
            0.008286869913278915,
            3.187757775184732e-21,
            -0.0005566518740952771,
            -1.53123621648077e-21
        ],
        [
            5.597488197503379e-18,
            6.7516136606970885e-18,
            1.46427095292893,
            7.900567453852976e-19,
            -1.2473442246319432e-33,
            5.641416664956908e-18,
            7.318981232008196e-18,
            -0.004469453575806984,
            -9.506977748860621e-19,
            2.3868043861803432e-35,
            2.7249398741280445e-18,
            3.797259940735129e-18,
            -4.168012633904488e-06,
            -2.673012569893216e-19,
            1.7241352509729573e-37,
            1.3885032869210205e-18,
            1.8396606571305224e-18,
            2.0919140200511856e-05,
            -1.956727955883751e-19,
            1.882165190843281e-38
        ],
        [
            -0.003339171186335206,
            -0.008868443454708753,
            7.900567453852976e-19,
            1.4633478114345317,
            1.3732243760993655e-18,
            -0.035613782427214434,
            -0.03104761538735501,
            4.846595485702321e-20,
            0.030531627299166746,
            5.418339164690327e-20,
            -0.0006096822274338842,
            -0.0029529958975676738,
            2.7618298564693733e-21,
            0.0005799593654027467,
            2.4511158671909415e-22,
            0.0005517306890218439,
            0.0005566518740952826,
            4.1683728662831436e-22,
            -4.986631743050306e-05,
            -1.9726353493851324e-22
        ],
        [
            1.1569537103043642e-17,
            1.356150074700434e-17,
            -1.2473442246319432e-33,
            1.3732243760993655e-18,
            1.4642709529289295,
            9.128826470643704e-18,
            1.1571458026882814e-17,
            -2.6516990913180208e-36,
            -2.175362090813574e-18,
            -0.004469453575806984,
            1.3386747090697108e-19,
            1.1172934568397065e-18,
            3.386417911805904e-38,
            -3.801973333901058e-19,
            -4.168012633904488e-06,
            -6.971119511815186e-19,
            -7.625992298842205e-19,
            8.060908605971461e-39,
            5.2319151786770055e-20,
            2.0919140200511856e-05
        ],
        [
            -0.09661701657720598,
            -0.15248206729816216,
            5.641416664956908e-18,
            -0.035613782427214434,
            9.128826470643704e-18,
            -0.029895466113612823,
            -0.2963736487219776,
            -4.128794310466049e-19,
            0.00038959751067604506,
            -1.0415968062898285e-18,
            -0.0348649142679956,
            -0.08841578374178936,
            -2.179824679852038e-21,
            0.024904936213946245,
            -8.805597117844014e-21,
            -0.00042653992958709803,
            -0.003031828769734608,
            -2.8115865262851675e-22,
            0.0006096822274338866,
            -8.345610417718853e-22
        ],
        [
            -0.15221897309305138,
            -0.16488591256866683,
            7.318981232008196e-18,
            -0.03104761538735501,
            1.1571458026882814e-17,
            -0.2963736487219776,
            -0.18387176904866098,
            -3.720831949236768e-19,
            0.003957561655862768,
            -1.0298566138636941e-18,
            -0.0884157837417896,
            -0.10232608742062538,
            -6.889915209209105e-21,
            0.02061492790687286,
            -2.119258222341091e-20,
            -0.009767771134959857,
            -0.019117157085118644,
            1.4953747356217227e-22,
            0.0029529958975676733,
            -1.137382585705567e-21
        ],
        [
            1.519626309721327e-19,
            7.883646251105884e-20,
            -0.004469453575806984,
            4.846595485702321e-20,
            -2.6516990913180208e-36,
            -4.128794310466049e-19,
            -3.720831949236768e-19,
            1.4672239422579498,
            1.4248575158127184e-19,
            1.0866813997895057e-36,
            -6.280117027783409e-20,
            -1.0024188287744879e-19,
            -0.002801863256508038,
            5.3266240174343795e-21,
            -4.942520687048549e-39,
            -3.3818008829064456e-20,
            -4.3922632181219575e-20,
            -4.1680126339044424e-06,
            5.1585607265552625e-21,
            -5.75463756357785e-40
        ],
        [
            0.035775978442114484,
            0.030820916670804582,
            -9.506977748860621e-19,
            0.030531627299166746,
            -2.175362090813574e-18,
            0.00038959751067604506,
            0.003957561655862768,
            1.4248575158127184e-19,
            1.4640399161420614,
            2.808559204048857e-19,
            -0.024904936213946238,
            -0.0206149279068729,
            -8.451599833839153e-22,
            0.026048500268010644,
            -3.775219109426593e-21,
            -0.003494212433743955,
            -0.005104571988204314,
            -4.609988117606155e-23,
            0.0005799593654027464,
            -2.1704295305911025e-22
        ],
        [
            1.5606180051564298e-19,
            -2.6027889013504944e-20,
            2.3868043861803432e-35,
            5.418339164690327e-20,
            -0.004469453575806984,
            -1.0415968062898285e-18,
            -1.0298566138636941e-18,
            1.0866813997895057e-36,
            2.808559204048857e-19,
            1.4672239422579496,
            -3.4050582806882795e-19,
            -4.744817574729864e-19,
            1.0498612475191658e-39,
            4.302807213732784e-20,
            -0.0028018632565080387,
            -1.6104915190266493e-19,
            -2.131755685985068e-19,
            8.360751142146325e-41,
            2.5505595642677178e-20,
            -4.1680126339044424e-06
        ],
        [
            -0.0004265399295871108,
            -0.003031828769734623,
            2.7249398741280445e-18,
            -0.0006096822274338842,
            1.3386747090697108e-19,
            -0.0348649142679956,
            -0.0884157837417896,
            -6.280117027783409e-20,
            -0.024904936213946238,
            -3.4050582806882795e-19,
            -0.0298954661136126,
            -0.2963736487219776,
            -5.1570563430564147e-20,
            -0.00038959751067593924,
            -1.0105057800641095e-19,
            -0.09661701657720595,
            -0.152482067298162,
            2.1118790199940298e-23,
            0.03561378242721435,
            -1.6418090308662778e-21
        ],
        [
            -0.009767771134959852,
            -0.019117157085118637,
            3.797259940735129e-18,
            -0.0029529958975676738,
            1.1172934568397065e-18,
            -0.08841578374178936,
            -0.10232608742062538,
            -1.0024188287744879e-19,
            -0.0206149279068729,
            -4.744817574729864e-19,
            -0.2963736487219776,
            -0.18387176904866087,
            -4.8573232437193545e-20,
            -0.003957561655862706,
            -9.800766108921642e-20,
            -0.15221897309305132,
            -0.1648859125686668,
            -1.8616686344368223e-21,
            0.031047615387354982,
            -5.63983546042609e-21
        ],
        [
            1.5163349640952025e-20,
            1.399754918627565e-20,
            -4.168012633904488e-06,
            2.7618298564693733e-21,
            3.386417911805904e-38,
            -2.179824679852038e-21,
            -6.889915209209105e-21,
            -0.002801863256508038,
            -8.451599833839153e-22,
            1.0498612475191658e-39,
            -5.1570563430564147e-20,
            -4.8573232437193545e-20,
            1.4672239422579505,
            9.644672710035262e-21,
            5.380892918645264e-38,
            4.250404027139718e-22,
            -3.978447715602351e-21,
            -0.004469453575806968,
            -6.101865812128513e-23,
            1.9624262782382884e-41
        ],
        [
            0.003494212433743946,
            0.005104571988204312,
            -2.673012569893216e-19,
            0.0005799593654027467,
            -3.801973333901058e-19,
            0.024904936213946245,
            0.02061492790687286,
            5.3266240174343795e-21,
            0.026048500268010644,
            4.302807213732784e-20,
            -0.00038959751067593924,
            -0.003957561655862706,
            9.644672710035262e-21,
            1.4640399161420616,
            1.3539337358123795e-20,
            -0.035775978442114414,
            -0.0308209166708045,
            -1.2577173553883845e-23,
            0.030531627299166624,
            -4.840518874723894e-22
        ],
        [
            1.4723370271419882e-21,
            8.554101318316661e-22,
            1.7241352509729573e-37,
            2.4511158671909415e-22,
            -4.168012633904488e-06,
            -8.805597117844014e-21,
            -2.119258222341091e-20,
            -4.942520687048549e-39,
            -3.775219109426593e-21,
            -0.0028018632565080387,
            -1.0105057800641095e-19,
            -9.800766108921642e-20,
            5.380892918645264e-38,
            1.3539337358123795e-20,
            1.4672239422579503,
            -6.604741107008316e-21,
            -1.6583630498511417e-20,
            1.8494937455030985e-41,
            1.6167178722685642e-21,
            -0.004469453575806968
        ],
        [
            0.006939544289983688,
            0.007690454177708339,
            1.3885032869210205e-18,
            0.0005517306890218439,
            -6.971119511815186e-19,
            -0.00042653992958709803,
            -0.009767771134959857,
            -3.3818008829064456e-20,
            -0.003494212433743955,
            -1.6104915190266493e-19,
            -0.09661701657720595,
            -0.15221897309305132,
            4.250404027139718e-22,
            -0.035775978442114414,
            -6.604741107008316e-21,
            -0.029271925750422367,
            -0.2905859122178488,
            -1.5142234469371088e-20,
            0.003339171186335088,
            -3.100066359480961e-20
        ],
        [
            0.007690454177708337,
            0.008286869913278915,
            1.8396606571305224e-18,
            0.0005566518740952826,
            -7.625992298842205e-19,
            -0.003031828769734608,
            -0.019117157085118644,
            -4.3922632181219575e-20,
            -0.005104571988204314,
            -2.131755685985068e-19,
            -0.152482067298162,
            -0.1648859125686668,
            -3.978447715602351e-21,
            -0.0308209166708045,
            -1.6583630498511417e-20,
            -0.2905859122178488,
            -0.1675706229443623,
            -1.4171650207691877e-20,
            0.008868443454708688,
            -2.9515514078985666e-20
        ],
        [
            3.441987967737496e-21,
            3.187757775184732e-21,
            2.0919140200511856e-05,
            4.1683728662831436e-22,
            8.060908605971461e-39,
            -2.8115865262851675e-22,
            1.4953747356217227e-22,
            -4.1680126339044424e-06,
            -4.609988117606155e-23,
            8.360751142146325e-41,
            2.1118790199940298e-23,
            -1.8616686344368223e-21,
            -0.004469453575806968,
            -1.2577173553883845e-23,
            1.8494937455030985e-41,
            -1.5142234469371088e-20,
            -1.4171650207691877e-20,
            1.4642709529289295,
            1.851161283201841e-21,
            6.995272382572239e-39
        ],
        [
            -0.0005517306890218389,
            -0.0005566518740952771,
            -1.956727955883751e-19,
            -4.986631743050306e-05,
            5.2319151786770055e-20,
            0.0006096822274338866,
            0.0029529958975676733,
            5.1585607265552625e-21,
            0.0005799593654027464,
            2.5505595642677178e-20,
            0.03561378242721435,
            0.031047615387354982,
            -6.101865812128513e-23,
            0.030531627299166624,
            1.6167178722685642e-21,
            0.003339171186335088,
            0.008868443454708688,
            1.851161283201841e-21,
            1.4633478114345315,
            3.496736714739437e-21
        ],
        [
            -1.5921954704551754e-21,
            -1.53123621648077e-21,
            1.882165190843281e-38,
            -1.9726353493851324e-22,
            2.0919140200511856e-05,
            -8.345610417718853e-22,
            -1.137382585705567e-21,
            -5.75463756357785e-40,
            -2.1704295305911025e-22,
            -4.1680126339044424e-06,
            -1.6418090308662778e-21,
            -5.63983546042609e-21,
            1.9624262782382884e-41,
            -4.840518874723894e-22,
            -0.004469453575806968,
            -3.100066359480961e-20,
            -2.9515514078985666e-20,
            6.995272382572239e-39,
            3.496736714739437e-21,
            1.4642709529289295
        ]
    ]
}