{
    "HF": -2.178536576938606,
    "coordinates": [
        [
            0.0,
            0.0,
            0.0
        ],
        [
            0.9,
            0.0,
            0.0
        ],
        [
            1.8,
            0.0,
            0.0
        ],
        [
            2.7,
            0.0,
            0.0
        ]
    ],
    "elements": [
        "H",
        "H",
        "H",
        "H"
    ],
    "Enn": 2.5478902748000007,
    "S": [
        [
            0.9999999999999999,
            0.6848602514927513,
            0.0,
            0.0,
            0.0,
            0.4462879121174718,
            0.5159769911967133,
            0.0,
            -0.47894101979401027,
            0.0,
            0.05459186262713134,
            0.22104805329171323,
            0.0,
            -0.0721782316226826,
            0.0,
            0.002051418101060292,
            0.05409549673888419,
            0.0,
            -0.001953683595156311,
            0.0
        ],
        [
            0.6848602514927513,
            1.0000000000000002,
            0.0,
            0.0,
            0.0,
            0.5159769911967133,
            0.838243780702534,
            0.0,
            -0.18103338278073813,
            0.0,
            0.22104805329171323,
            0.49372072671821526,
            0.0,
            -0.14624468474732574,
            0.0,
            0.05409549673888419,
            0.20433043474267154,
            0.0,
            -0.04841616616226552,
            0.0
        ],
        [
            0.0,
            0.0,
            1.0000000000000004,
            0.0,
            0.0,
            0.0,
            0.0,
            0.34943193986186244,
            0.0,
            0.0,
            0.0,
            0.0,
            0.014909064608637022,
            0.0,
            0.0,
            0.0,
            0.0,
            7.767180410119911e-05,
            0.0,
            0.0
        ],
        [
            0.0,
            0.0,
            0.0,
            1.0000000000000004,
            0.0,
            0.47894101979401016,
            0.18103338278073802,
            0.0,
            -0.38538602088409935,
            0.0,
            0.07217823162268258,
            0.14624468474732566,
            0.0,
            -0.11049960246031332,
            0.0,
            0.0019536835951563126,
            0.048416166162265475,
            0.0,
            -0.0013923475950326969,
            0.0
        ],
        [
            0.0,
            0.0,
            0.0,
            0.0,
            1.0000000000000004,
            0.0,
            0.0,
            0.0,
            0.0,
            0.34943193986186244,
            0.0,
            0.0,
            0.0,
            0.0,
            0.014909064608637022,
            0.0,
            0.0,
            0.0,
            0.0,
            7.767180410119911e-05
        ],
        [
            0.4462879121174718,
            0.5159769911967133,
            0.0,
            0.47894101979401027,
            0.0,
            0.9999999999999999,
            0.6848602514927513,
            0.0,
            0.0,
            0.0,
            0.4462879121174718,
            0.5159769911967133,
            0.0,
            -0.47894101979401044,
            0.0,
            0.05459186262713131,
            0.22104805329171312,
            0.0,
            -0.0721782316226825,
            0.0
        ],
        [
            0.5159769911967133,
            0.838243780702534,
            0.0,
            0.18103338278073813,
            0.0,
            0.6848602514927513,
            1.0000000000000002,
            0.0,
            0.0,
            0.0,
            0.5159769911967133,
            0.838243780702534,
            0.0,
            -0.18103338278073797,
            0.0,
            0.22104805329171312,
            0.49372072671821515,
            0.0,
            -0.14624468474732558,
            0.0
        ],
        [
            0.0,
            0.0,
            0.34943193986186244,
            0.0,
            0.0,
            0.0,
            0.0,
            1.0000000000000004,
            0.0,
            0.0,
            0.0,
            0.0,
            0.34943193986186244,
            0.0,
            0.0,
            0.0,
            0.0,
            0.014909064608636995,
            0.0,
            0.0
        ],
        [
            -0.47894101979401016,
            -0.18103338278073794,
            0.0,
            -0.38538602088409935,
            0.0,
            0.0,
            0.0,
            0.0,
            1.0000000000000004,
            0.0,
            0.4789410197940101,
            0.18103338278073794,
            0.0,
            -0.3853860208840991,
            0.0,
            0.0721782316226825,
            0.1462446847473257,
            0.0,
            -0.11049960246031314,
            0.0
        ],
        [
            0.0,
            0.0,
            0.0,
            0.0,
            0.34943193986186244,
            0.0,
            0.0,
            0.0,
            0.0,
            1.0000000000000004,
            0.0,
            0.0,
            0.0,
            0.0,
            0.34943193986186244,
            0.0,
            0.0,
            0.0,
            0.0,
            0.014909064608636995
        ],
        [
            0.05459186262713134,
            0.22104805329171323,
            0.0,
            0.0721782316226826,
            0.0,
            0.4462879121174718,
            0.5159769911967133,
            0.0,
            0.4789410197940101,
            0.0,
            0.9999999999999999,
            0.6848602514927513,
            0.0,
            0.0,
            0.0,
            0.44628791211747176,
            0.5159769911967133,
            0.0,
            -0.47894101979401016,
            0.0
        ],
        [
            0.22104805329171323,
            0.49372072671821526,
            0.0,
            0.14624468474732574,
            0.0,
            0.5159769911967133,
            0.838243780702534,
            0.0,
            0.18103338278073813,
            0.0,
            0.6848602514927513,
            1.0000000000000002,
            0.0,
            0.0,
            0.0,
            0.5159769911967133,
            0.838243780702534,
            0.0,
            -0.18103338278073797,
            0.0
        ],
        [
            0.0,
            0.0,
            0.014909064608637022,
            0.0,
            0.0,
            0.0,
            0.0,
            0.34943193986186244,
            0.0,
            0.0,
            0.0,
            0.0,
            1.0000000000000004,
            0.0,
            0.0,
            0.0,
            0.0,
            0.3494319398618622,
            0.0,
            0.0
        ],
        [
            -0.07217823162268258,
            -0.1462446847473256,
            0.0,
            -0.11049960246031332,
            0.0,
            -0.47894101979401016,
            -0.18103338278073794,
            0.0,
            -0.38538602088409935,
            0.0,
            0.0,
            0.0,
            0.0,
            1.0000000000000004,
            0.0,
            0.47894101979401016,
            0.18103338278073794,
            0.0,
            -0.3853860208840993,
            0.0
        ],
        [
            0.0,
            0.0,
            0.0,
            0.0,
            0.014909064608637022,
            0.0,
            0.0,
            0.0,
            0.0,
            0.34943193986186244,
            0.0,
            0.0,
            0.0,
            0.0,
            1.0000000000000004,
            0.0,
            0.0,
            0.0,
            0.0,
            0.3494319398618622
        ],
        [
            0.002051418101060292,
            0.05409549673888419,
            0.0,
            0.001953683595156311,
            0.0,
            0.05459186262713131,
            0.22104805329171312,
            0.0,
            0.0721782316226825,
            0.0,
            0.44628791211747176,
            0.5159769911967133,
            0.0,
            0.47894101979401016,
            0.0,
            0.9999999999999999,
            0.6848602514927513,
            0.0,
            0.0,
            0.0
        ],
        [
            0.05409549673888419,
            0.20433043474267154,
            0.0,
            0.04841616616226552,
            0.0,
            0.22104805329171312,
            0.49372072671821515,
            0.0,
            0.14624468474732571,
            0.0,
            0.5159769911967133,
            0.838243780702534,
            0.0,
            0.18103338278073797,
            0.0,
            0.6848602514927513,
            1.0000000000000002,
            0.0,
            0.0,
            0.0
        ],
        [
            0.0,
            0.0,
            7.767180410119911e-05,
            0.0,
            0.0,
            0.0,
            0.0,
            0.014909064608636995,
            0.0,
            0.0,
            0.0,
            0.0,
            0.3494319398618622,
            0.0,
            0.0,
            0.0,
            0.0,
            1.0000000000000004,
            0.0,
            0.0
        ],
        [
            -0.0019536835951563126,
            -0.04841616616226551,
            0.0,
            -0.0013923475950326969,
            0.0,
            -0.07217823162268247,
            -0.14624468474732555,
            0.0,
            -0.11049960246031314,
            0.0,
            -0.47894101979401016,
            -0.18103338278073794,
            0.0,
            -0.3853860208840993,
            0.0,
            0.0,
            0.0,
            0.0,
            1.0000000000000004,
            0.0
        ],
        [
            0.0,
            0.0,
            0.0,
            0.0,
            7.767180410119911e-05,
            0.0,
            0.0,
            0.0,
            0.0,
            0.014909064608636995,
            0.0,
            0.0,
            0.0,
            0.0,
            0.3494319398618622,
            0.0,
            0.0,
            0.0,
            0.0,
            1.0000000000000004
        ]
    ],
    "h": [
        [
            -0.19209163500135795,
            -0.4316278764971676,
            -3.301924890380156e-19,
            -0.2157744119727702,
            5.153732146256566e-18,
            -0.4971402910508369,
            -0.42053043599032724,
            -1.4896190520455163e-18,
            0.059804657942698625,
            3.5134689225022565e-18,
            -0.1482831158148198,
            -0.24440103296979335,
            -3.559510244523646e-19,
            0.21875207500144497,
            2.1172119496897873e-18,
            0.018847814263456653,
            -0.06725278777650665,
            4.9493398937324234e-20,
            0.0163456626428439,
            7.574474452386275e-19
        ],
        [
            -0.4316278764971676,
            -0.29675127730849216,
            -1.8113933602565688e-19,
            -0.2001538435156317,
            1.8396047838070736e-17,
            -0.4787646867895873,
            -0.34908076360910933,
            -6.650684645633011e-19,
            0.11078692328077203,
            9.395263469801434e-18,
            -0.24458344424084977,
            -0.2643166456832128,
            -8.147927664678097e-20,
            0.1571034298794611,
            2.3307554588642685e-18,
            -0.0672527877765066,
            -0.13146408895968037,
            5.251926986187596e-20,
            0.06808817538190484,
            7.931836957678787e-19
        ],
        [
            -3.301924890380156e-19,
            -1.8113933602565688e-19,
            1.4939804094835762,
            -9.432070751824268e-20,
            -3.4981492671706504e-34,
            -7.764545522492482e-20,
            9.371081612388388e-20,
            0.2316241462785098,
            5.039561857235184e-19,
            -1.9210214353431701e-34,
            6.580113668704978e-19,
            4.608598442753363e-19,
            -0.028673148212940192,
            2.469751489228974e-19,
            -2.416030790799579e-35,
            5.88375027471797e-19,
            5.504378220474137e-19,
            3.9484390625084474e-05,
            -2.7309504945217126e-19,
            -1.494696824541212e-36
        ],
        [
            -0.2157744119727702,
            -0.2001538435156317,
            -9.432070751824268e-20,
            1.2905237519602735,
            1.644345573868585e-17,
            -0.08114791144706068,
            -0.1836119627881841,
            -2.156037548791187e-19,
            -0.695759089537551,
            5.732046610167568e-18,
            -0.16059634834249154,
            -0.14130261311606274,
            -1.1871495756210917e-20,
            0.21173121177051446,
            1.7017005503735604e-18,
            -0.016345662642843983,
            -0.06808817538190487,
            3.5483617524382214e-20,
            0.02207910430110937,
            3.6307683392473127e-19
        ],
        [
            5.153732146256566e-18,
            1.8396047838070736e-17,
            -3.4981492671706504e-34,
            1.644345573868585e-17,
            1.493980409483576,
            4.511047453076084e-17,
            4.5156396020304004e-17,
            -1.175024455841386e-33,
            2.779956810175552e-17,
            0.2316241462785098,
            6.677205901062238e-17,
            6.090794830993816e-17,
            -2.922382616254358e-34,
            -1.949368536165154e-18,
            -0.028673148212940192,
            4.5657381301472517e-17,
            5.155828040052316e-17,
            1.9768397054634477e-35,
            -2.271676945314244e-17,
            3.9484390625084474e-05
        ],
        [
            -0.4971402910508369,
            -0.4787646867895873,
            -7.764545522492482e-20,
            -0.08114791144706068,
            4.511047453076084e-17,
            -0.3274873293814371,
            -0.5434894732769839,
            1.3864971021491118e-19,
            0.04448882971357868,
            1.986764084502686e-17,
            -0.42353072248512513,
            -0.43804308150865057,
            2.2933157487729843e-19,
            0.061799962261794184,
            2.928185763483739e-18,
            -0.14828311581481973,
            -0.24458344424084955,
            8.080064151901551e-20,
            0.1605963483424914,
            8.493536726815289e-19
        ],
        [
            -0.42053043599032724,
            -0.34908076360910933,
            9.371081612388388e-20,
            -0.1836119627881841,
            4.5156396020304004e-17,
            -0.5434894732769839,
            -0.4168013448385113,
            6.523424170482116e-19,
            0.01880603993273737,
            2.2533520424512326e-17,
            -0.4380430815086509,
            -0.37852252949076526,
            3.659621619208785e-19,
            0.10170810966253774,
            3.163811226429026e-18,
            -0.2444010329697931,
            -0.264316645683213,
            2.152172207061225e-20,
            0.14130261311606218,
            6.671737362821247e-19
        ],
        [
            -1.4896190520455163e-18,
            -6.650684645633011e-19,
            0.2316241462785098,
            -2.156037548791187e-19,
            -1.175024455841386e-33,
            1.3864971021491118e-19,
            6.523424170482116e-19,
            1.4379887893513275,
            2.2217430484597193e-18,
            -6.187988031181828e-34,
            3.0669891894770546e-18,
            2.196517111186441e-18,
            0.22677589729988745,
            8.968374095731303e-19,
            -7.961307641706895e-35,
            2.5413632572968775e-18,
            2.434488797583579e-18,
            -0.028673148212940168,
            -1.2622017297655886e-18,
            -6.242036340055715e-36
        ],
        [
            0.059804657942698625,
            0.11078692328077203,
            5.039561857235184e-19,
            -0.695759089537551,
            2.779956810175552e-17,
            0.04448882971357868,
            0.01880603993273737,
            2.2217430484597193e-18,
            1.0288624281602434,
            1.559624630068398e-17,
            -0.06179996226179296,
            -0.10170810966253696,
            7.042242649064884e-19,
            -0.780376132313049,
            -8.969835128447759e-19,
            -0.21875207500144442,
            -0.15710342987946055,
            -2.1349342337876092e-20,
            0.21173121177051443,
            -1.5565958474986528e-19
        ],
        [
            3.5134689225022565e-18,
            9.395263469801434e-18,
            -1.9210214353431701e-34,
            5.732046610167568e-18,
            0.2316241462785098,
            1.986764084502686e-17,
            2.2533520424512326e-17,
            -6.187988031181828e-34,
            1.559624630068398e-17,
            1.4379887893513272,
            3.7292036413612354e-17,
            3.184581900967334e-17,
            -1.674899477807916e-34,
            2.03247773632948e-18,
            0.22677589729988745,
            2.606714401012452e-17,
            2.80590986228728e-17,
            1.1104827268935227e-35,
            -1.3813902027229385e-17,
            -0.028673148212940168
        ],
        [
            -0.1482831158148198,
            -0.24458344424084977,
            6.580113668704978e-19,
            -0.16059634834249154,
            6.677205901062238e-17,
            -0.42353072248512513,
            -0.4380430815086509,
            3.0669891894770546e-18,
            -0.06179996226179296,
            3.7292036413612354e-17,
            -0.3274873293814371,
            -0.5434894732769842,
            1.0628622684120864e-18,
            -0.04448882971357852,
            3.1470442570757055e-18,
            -0.49714029105083707,
            -0.4787646867895877,
            -1.1746685481838076e-19,
            0.08114791144706013,
            -1.9198852790575928e-21
        ],
        [
            -0.24440103296979335,
            -0.2643166456832128,
            4.608598442753363e-19,
            -0.14130261311606274,
            6.090794830993816e-17,
            -0.43804308150865057,
            -0.37852252949076526,
            2.196517111186441e-18,
            -0.10170810966253696,
            3.184581900967334e-17,
            -0.5434894732769842,
            -0.41680134483851083,
            8.261356890314369e-19,
            -0.018806039932737342,
            3.527038745879301e-18,
            -0.4205304359903269,
            -0.34908076360910856,
            -7.060195893565558e-20,
            0.18361196278818415,
            1.4005617117680487e-20
        ],
        [
            -3.559510244523646e-19,
            -8.147927664678097e-20,
            -0.028673148212940192,
            -1.1871495756210917e-20,
            -2.922382616254358e-34,
            2.2933157487729843e-19,
            3.659621619208785e-19,
            0.22677589729988745,
            7.042242649064884e-19,
            -1.674899477807916e-34,
            1.0628622684120864e-18,
            8.261356890314369e-19,
            1.4379887893513277,
            2.721155013867824e-19,
            -1.1377419946448089e-35,
            8.926949352717113e-19,
            8.543366392077438e-19,
            0.23162414627850958,
            -4.447350000419585e-19,
            -3.4443324842045444e-37
        ],
        [
            0.21875207500144497,
            0.1571034298794611,
            2.469751489228974e-19,
            0.21173121177051446,
            -1.949368536165154e-18,
            0.061799962261794184,
            0.10170810966253774,
            8.968374095731303e-19,
            -0.780376132313049,
            2.03247773632948e-18,
            -0.04448882971357852,
            -0.018806039932737342,
            2.721155013867824e-19,
            1.0288624281602428,
            1.733688431349094e-18,
            -0.05980465794269918,
            -0.11078692328077169,
            -1.846212695406972e-19,
            -0.6957590895375494,
            -9.66761449635285e-19
        ],
        [
            2.1172119496897873e-18,
            2.3307554588642685e-18,
            -2.416030790799579e-35,
            1.7017005503735604e-18,
            -0.028673148212940192,
            2.928185763483739e-18,
            3.163811226429026e-18,
            -7.961307641706895e-35,
            -8.969835128447759e-19,
            0.22677589729988745,
            3.1470442570757055e-18,
            3.527038745879301e-18,
            -1.1377419946448089e-35,
            1.733688431349094e-18,
            1.4379887893513275,
            4.04159108250843e-18,
            3.3856891050530455e-18,
            4.3535673137576495e-36,
            -1.203018447133266e-18,
            0.23162414627850958
        ],
        [
            0.018847814263456653,
            -0.0672527877765066,
            5.88375027471797e-19,
            -0.016345662642843983,
            4.5657381301472517e-17,
            -0.14828311581481973,
            -0.2444010329697931,
            2.5413632572968775e-18,
            -0.21875207500144442,
            2.606714401012452e-17,
            -0.49714029105083707,
            -0.4205304359903269,
            8.926949352717113e-19,
            -0.05980465794269918,
            4.04159108250843e-18,
            -0.19209163500135795,
            -0.43162787649716794,
            -1.7363511155161622e-19,
            0.2157744119727702,
            -7.328689148583021e-19
        ],
        [
            -0.06725278777650665,
            -0.13146408895968037,
            5.504378220474137e-19,
            -0.06808817538190487,
            5.155828040052316e-17,
            -0.24458344424084955,
            -0.264316645683213,
            2.434488797583579e-18,
            -0.15710342987946055,
            2.80590986228728e-17,
            -0.4787646867895877,
            -0.34908076360910856,
            8.543366392077438e-19,
            -0.11078692328077169,
            3.3856891050530455e-18,
            -0.43162787649716794,
            -0.2967512773084917,
            -1.2496027780941147e-19,
            0.20015384351563145,
            -4.569730821912248e-19
        ],
        [
            4.9493398937324234e-20,
            5.251926986187596e-20,
            3.9484390625084474e-05,
            3.5483617524382214e-20,
            1.9768397054634477e-35,
            8.080064151901551e-20,
            2.152172207061225e-20,
            -0.028673148212940168,
            -2.1349342337876092e-20,
            1.1104827268935227e-35,
            -1.1746685481838076e-19,
            -7.060195893565558e-20,
            0.23162414627850958,
            -1.846212695406972e-19,
            4.3535673137576495e-36,
            -1.7363511155161622e-19,
            -1.2496027780941147e-19,
            1.4939804094835774,
            9.100074893728055e-20,
            2.2005268988027693e-36
        ],
        [
            0.0163456626428439,
            0.06808817538190484,
            -2.7309504945217126e-19,
            0.02207910430110937,
            -2.271676945314244e-17,
            0.1605963483424914,
            0.14130261311606218,
            -1.2622017297655886e-18,
            0.21173121177051443,
            -1.3813902027229385e-17,
            0.08114791144706013,
            0.18361196278818415,
            -4.447350000419585e-19,
            -0.6957590895375494,
            -1.203018447133266e-18,
            0.2157744119727702,
            0.20015384351563145,
            9.100074893728055e-20,
            1.2905237519602732,
            3.051428663293535e-19
        ],
        [
            7.574474452386275e-19,
            7.931836957678787e-19,
            -1.494696824541212e-36,
            3.6307683392473127e-19,
            3.9484390625084474e-05,
            8.493536726815289e-19,
            6.671737362821247e-19,
            -6.242036340055715e-36,
            -1.5565958474986528e-19,
            -0.028673148212940168,
            -1.9198852790575928e-21,
            1.4005617117680487e-20,
            -3.4443324842045444e-37,
            -9.66761449635285e-19,
            0.23162414627850958,
            -7.328689148583021e-19,
            -4.569730821912248e-19,
            2.2005268988027693e-36,
            3.051428663293535e-19,
            1.4939804094835771
        ]
    ]
}