{
    "HF": -2.110591034051109,
    "coordinates": [
        [
            0.0,
            0.0,
            0.0
        ],
        [
            1.2,
            0.0,
            0.0
        ],
        [
            2.4,
            0.0,
            0.0
        ],
        [
            3.6,
            0.0,
            0.0
        ]
    ],
    "elements": [
        "H",
        "H",
        "H",
        "H"
    ],
    "Enn": 1.9109177061,
    "S": [
        [
            0.9999999999999999,
            0.6848602514927513,
            0.0,
            0.0,
            0.0,
            0.25323302742229703,
            0.41407359428363033,
            0.0,
            -0.31363447714531073,
            0.0,
            0.006992999248237895,
            0.09200396267659126,
            0.0,
            -0.007855598076560763,
            0.0,
            2.2544190954142265e-05,
            0.007604015794880222,
            0.0,
            -9.761614101673427e-06,
            0.0
        ],
        [
            0.6848602514927513,
            1.0000000000000002,
            0.0,
            0.0,
            0.0,
            0.41407359428363033,
            0.7307511258578309,
            0.0,
            -0.19082040384404228,
            0.0,
            0.09200396267659126,
            0.2851530180903721,
            0.0,
            -0.07616026676502623,
            0.0,
            0.007604015794880222,
            0.059419013648835894,
            0.0,
            -0.007785308013405154,
            0.0
        ],
        [
            0.0,
            0.0,
            1.0000000000000004,
            0.0,
            0.0,
            0.0,
            0.0,
            0.1542411222033944,
            0.0,
            0.0,
            0.0,
            0.0,
            0.0005659795054888335,
            0.0,
            0.0,
            0.0,
            0.0,
            4.9408490648249275e-08,
            0.0,
            0.0
        ],
        [
            0.0,
            0.0,
            0.0,
            1.0000000000000004,
            0.0,
            0.3136344771453107,
            0.19082040384404214,
            0.0,
            -0.422385664564853,
            0.0,
            0.007855598076560754,
            0.07616026676502616,
            0.0,
            -0.007897624466384381,
            0.0,
            9.761614101673423e-06,
            0.007785308013405156,
            0.0,
            -1.6130037710830646e-06,
            0.0
        ],
        [
            0.0,
            0.0,
            0.0,
            0.0,
            1.0000000000000004,
            0.0,
            0.0,
            0.0,
            0.0,
            0.1542411222033944,
            0.0,
            0.0,
            0.0,
            0.0,
            0.0005659795054888335,
            0.0,
            0.0,
            0.0,
            0.0,
            4.9408490648249275e-08
        ],
        [
            0.25323302742229703,
            0.41407359428363033,
            0.0,
            0.31363447714531073,
            0.0,
            0.9999999999999999,
            0.6848602514927513,
            0.0,
            0.0,
            0.0,
            0.25323302742229703,
            0.41407359428363033,
            0.0,
            -0.31363447714531073,
            0.0,
            0.006992999248237881,
            0.0920039626765912,
            0.0,
            -0.007855598076560747,
            0.0
        ],
        [
            0.41407359428363033,
            0.7307511258578309,
            0.0,
            0.19082040384404228,
            0.0,
            0.6848602514927513,
            1.0000000000000002,
            0.0,
            0.0,
            0.0,
            0.41407359428363033,
            0.7307511258578309,
            0.0,
            -0.19082040384404217,
            0.0,
            0.0920039626765912,
            0.2851530180903719,
            0.0,
            -0.07616026676502613,
            0.0
        ],
        [
            0.0,
            0.0,
            0.1542411222033944,
            0.0,
            0.0,
            0.0,
            0.0,
            1.0000000000000004,
            0.0,
            0.0,
            0.0,
            0.0,
            0.1542411222033944,
            0.0,
            0.0,
            0.0,
            0.0,
            0.000565979505488832,
            0.0,
            0.0
        ],
        [
            -0.31363447714531073,
            -0.19082040384404209,
            0.0,
            -0.422385664564853,
            0.0,
            0.0,
            0.0,
            0.0,
            1.0000000000000004,
            0.0,
            0.31363447714531073,
            0.19082040384404209,
            0.0,
            -0.422385664564853,
            0.0,
            0.007855598076560747,
            0.07616026676502616,
            0.0,
            -0.007897624466384362,
            0.0
        ],
        [
            0.0,
            0.0,
            0.0,
            0.0,
            0.1542411222033944,
            0.0,
            0.0,
            0.0,
            0.0,
            1.0000000000000004,
            0.0,
            0.0,
            0.0,
            0.0,
            0.1542411222033944,
            0.0,
            0.0,
            0.0,
            0.0,
            0.000565979505488832
        ],
        [
            0.006992999248237895,
            0.09200396267659126,
            0.0,
            0.007855598076560763,
            0.0,
            0.25323302742229703,
            0.41407359428363033,
            0.0,
            0.31363447714531073,
            0.0,
            0.9999999999999999,
            0.6848602514927513,
            0.0,
            0.0,
            0.0,
            0.25323302742229686,
            0.4140735942836303,
            0.0,
            -0.31363447714531045,
            0.0
        ],
        [
            0.09200396267659126,
            0.2851530180903721,
            0.0,
            0.07616026676502623,
            0.0,
            0.41407359428363033,
            0.7307511258578309,
            0.0,
            0.19082040384404217,
            0.0,
            0.6848602514927513,
            1.0000000000000002,
            0.0,
            0.0,
            0.0,
            0.4140735942836302,
            0.7307511258578306,
            0.0,
            -0.19082040384404206,
            0.0
        ],
        [
            0.0,
            0.0,
            0.0005659795054888335,
            0.0,
            0.0,
            0.0,
            0.0,
            0.1542411222033944,
            0.0,
            0.0,
            0.0,
            0.0,
            1.0000000000000004,
            0.0,
            0.0,
            0.0,
            0.0,
            0.1542411222033942,
            0.0,
            0.0
        ],
        [
            -0.007855598076560754,
            -0.07616026676502613,
            0.0,
            -0.007897624466384381,
            0.0,
            -0.31363447714531073,
            -0.19082040384404209,
            0.0,
            -0.422385664564853,
            0.0,
            0.0,
            0.0,
            0.0,
            1.0000000000000004,
            0.0,
            0.31363447714531034,
            0.190820403844042,
            0.0,
            -0.4223856645648529,
            0.0
        ],
        [
            0.0,
            0.0,
            0.0,
            0.0,
            0.0005659795054888335,
            0.0,
            0.0,
            0.0,
            0.0,
            0.1542411222033944,
            0.0,
            0.0,
            0.0,
            0.0,
            1.0000000000000004,
            0.0,
            0.0,
            0.0,
            0.0,
            0.1542411222033942
        ],
        [
            2.2544190954142265e-05,
            0.007604015794880222,
            0.0,
            9.761614101673427e-06,
            0.0,
            0.006992999248237881,
            0.0920039626765912,
            0.0,
            0.00785559807656075,
            0.0,
            0.25323302742229686,
            0.4140735942836303,
            0.0,
            0.31363447714531045,
            0.0,
            0.9999999999999999,
            0.6848602514927513,
            0.0,
            0.0,
            0.0
        ],
        [
            0.007604015794880222,
            0.059419013648835894,
            0.0,
            0.007785308013405154,
            0.0,
            0.0920039626765912,
            0.2851530180903719,
            0.0,
            0.07616026676502619,
            0.0,
            0.4140735942836302,
            0.7307511258578306,
            0.0,
            0.19082040384404206,
            0.0,
            0.6848602514927513,
            1.0000000000000002,
            0.0,
            0.0,
            0.0
        ],
        [
            0.0,
            0.0,
            4.9408490648249275e-08,
            0.0,
            0.0,
            0.0,
            0.0,
            0.000565979505488832,
            0.0,
            0.0,
            0.0,
            0.0,
            0.1542411222033942,
            0.0,
            0.0,
            0.0,
            0.0,
            1.0000000000000004,
            0.0,
            0.0
        ],
        [
            -9.761614101673423e-06,
            -0.0077853080134051515,
            0.0,
            -1.6130037710830646e-06,
            0.0,
            -0.007855598076560747,
            -0.07616026676502612,
            0.0,
            -0.007897624466384364,
            0.0,
            -0.31363447714531034,
            -0.190820403844042,
            0.0,
            -0.4223856645648529,
            0.0,
            0.0,
            0.0,
            0.0,
            1.0000000000000004,
            0.0
        ],
        [
            0.0,
            0.0,
            0.0,
            0.0,
            4.9408490648249275e-08,
            0.0,
            0.0,
            0.0,
            0.0,
            0.000565979505488832,
            0.0,
            0.0,
            0.0,
            0.0,
            0.1542411222033942,
            0.0,
            0.0,
            0.0,
            0.0,
            1.0000000000000004
        ]
    ],
    "h": [
        [
            -0.09528484354752531,
            -0.3724243386030158,
            3.434657957114275e-20,
            -0.10351505092909653,
            1.6082398943214013e-17,
            -0.3562025571393518,
            -0.3459498127581458,
            2.0102332940782657e-19,
            0.11381511311307557,
            4.19411723185074e-18,
            -0.04299694706737382,
            -0.13363449833316132,
            4.8652804856899844e-20,
            0.07512063592975199,
            2.1074260990315387e-19,
            0.022719552960242667,
            -0.0024030475748940093,
            1.2988023926676565e-20,
            -0.0019864629255804244,
            -2.0839464677177577e-20
        ],
        [
            -0.3724243386030158,
            -0.26601224613567487,
            2.8357078260804585e-19,
            -0.11532352856004084,
            1.7775859477898455e-17,
            -0.3706697511144493,
            -0.3116877698132039,
            3.6706754534243064e-19,
            0.07626315044774848,
            1.9002338946574488e-18,
            -0.1174578882989334,
            -0.176115746295953,
            1.1388232677201814e-19,
            0.09073599545702679,
            -2.33905928399175e-20,
            -0.002403047574894006,
            -0.04196128982954708,
            2.2002465764307213e-20,
            0.014918985727381831,
            -2.6849603668006478e-20
        ],
        [
            3.434657957114275e-20,
            2.8357078260804585e-19,
            1.4968290582446857,
            1.6161924743219628e-19,
            -7.635854740875419e-35,
            9.003221888831156e-19,
            9.286160732867243e-19,
            0.01665266444382335,
            3.3816430808337353e-19,
            -3.192266778651989e-37,
            1.1306571681551855e-18,
            1.2431932866001586e-18,
            -0.0033213436189868423,
            -9.312689829288504e-20,
            4.807821279914979e-37,
            6.79533095773347e-19,
            8.906891150836559e-19,
            0.00027533231244831867,
            -2.8283815390385714e-19,
            -1.5320932461469166e-37
        ],
        [
            -0.10351505092909653,
            -0.11532352856004084,
            1.6161924743219628e-19,
            1.4130659718137428,
            7.202941965512158e-18,
            -0.11564216148243711,
            -0.09686178962366482,
            1.3826265698735648e-19,
            -0.4211132339651098,
            -1.3955654331734661e-18,
            -0.04397761310176444,
            -0.07280342515058111,
            6.327305381627108e-20,
            0.056354454875512806,
            7.493897631025586e-20,
            0.00198646292558048,
            -0.014918985727381765,
            7.317803264639051e-21,
            0.0016376648373324226,
            -6.919351187899713e-21
        ],
        [
            1.6082398943214013e-17,
            1.7775859477898455e-17,
            -7.635854740875419e-35,
            7.202941965512158e-18,
            1.4968290582446855,
            2.1031767518626136e-17,
            1.9069862435685056e-17,
            -5.105153239667249e-35,
            -7.57069825365003e-18,
            0.016652664443823406,
            3.8550940722537e-18,
            8.480586550280295e-18,
            -4.724980298437216e-36,
            -5.175879999557625e-18,
            -0.0033213436189868427,
            -1.3942335574871346e-18,
            4.348913857898018e-19,
            -4.283168391874284e-37,
            -1.238419143324351e-19,
            0.00027533231244831867
        ],
        [
            -0.3562025571393518,
            -0.3706697511144493,
            9.003221888831156e-19,
            -0.11564216148243711,
            2.1031767518626136e-17,
            -0.15845377771964575,
            -0.4386299832827423,
            7.728878585193867e-19,
            0.030612053539426816,
            -2.4819768394149336e-18,
            -0.269964154460917,
            -0.3094081839992353,
            2.744208006518248e-19,
            0.09867884330763443,
            -4.661567291022983e-19,
            -0.04299694706737371,
            -0.11745788829893329,
            3.7652476250731043e-20,
            0.04397761310176444,
            -2.0854307913393683e-20
        ],
        [
            -0.3459498127581458,
            -0.3116877698132039,
            9.286160732867243e-19,
            -0.09686178962366482,
            1.9069862435685056e-17,
            -0.4386299832827423,
            -0.36202853645748756,
            1.1651776042518844e-18,
            0.025529838912885437,
            -1.114234635319994e-18,
            -0.3094081839992354,
            -0.29952595745025445,
            2.4469634293147894e-19,
            0.055265851964791224,
            -7.720144379060668e-19,
            -0.13363449833316127,
            -0.1761157462959529,
            2.3665580236257506e-20,
            0.07280342515058108,
            -6.415660096419797e-20
        ],
        [
            2.0102332940782657e-19,
            3.6706754534243064e-19,
            0.01665266444382335,
            1.3826265698735648e-19,
            -5.105153239667249e-35,
            7.728878585193867e-19,
            1.1651776042518844e-18,
            1.476004135266748,
            6.646525832172281e-19,
            1.0528975390984912e-35,
            2.0970414886975706e-18,
            1.944070705722589e-18,
            0.017030154187146568,
            -3.2691145781895195e-20,
            1.1828549456440721e-36,
            1.2172597436652267e-18,
            1.5446687093758326e-18,
            -0.0033213436189868354,
            -5.6533295255642745e-19,
            -2.7752711497137052e-37
        ],
        [
            0.11381511311307557,
            0.07626315044774848,
            3.3816430808337353e-19,
            -0.4211132339651098,
            -7.57069825365003e-18,
            0.030612053539426816,
            0.025529838912885437,
            6.646525832172281e-19,
            1.3126662404759868,
            3.777812806701793e-19,
            -0.09867884330763393,
            -0.05526585196479106,
            4.3613878133950116e-20,
            -0.44707601995470503,
            -8.075125704014437e-19,
            -0.0751206359297519,
            -0.09073599545702682,
            1.2506916668598735e-20,
            0.056354454875512765,
            9.074677180766851e-21
        ],
        [
            4.19411723185074e-18,
            1.9002338946574488e-18,
            -3.192266778651989e-37,
            -1.3955654331734661e-18,
            0.016652664443823406,
            -2.4819768394149336e-18,
            -1.114234635319994e-18,
            1.0528975390984912e-35,
            3.777812806701793e-19,
            1.4760041352667477,
            -1.2440612456676541e-18,
            -1.9694762956135582e-18,
            2.9453430685299552e-36,
            -2.4598990143258057e-19,
            0.017030154187146623,
            -1.1643227424280856e-18,
            -1.3750397459900126e-18,
            -5.805014632094268e-38,
            3.5584676982214334e-19,
            -0.0033213436189868345
        ],
        [
            -0.04299694706737382,
            -0.1174578882989334,
            1.1306571681551855e-18,
            -0.04397761310176444,
            3.8550940722537e-18,
            -0.269964154460917,
            -0.3094081839992354,
            2.0970414886975706e-18,
            -0.09867884330763393,
            -1.2440612456676541e-18,
            -0.1584537777196453,
            -0.43862998328274205,
            2.422701156680216e-19,
            -0.030612053539426663,
            -1.3805923085125421e-18,
            -0.3562025571393517,
            -0.3706697511144493,
            -1.5132472807142105e-20,
            0.11564216148243767,
            -8.418444525223242e-20
        ],
        [
            -0.13363449833316132,
            -0.176115746295953,
            1.2431932866001586e-18,
            -0.07280342515058111,
            8.480586550280295e-18,
            -0.3094081839992353,
            -0.29952595745025445,
            1.944070705722589e-18,
            -0.05526585196479106,
            -1.9694762956135582e-18,
            -0.43862998328274205,
            -0.3620285364574882,
            3.33612570093141e-19,
            -0.02552983891288533,
            -1.2480615098620904e-18,
            -0.34594981275814507,
            -0.3116877698132038,
            -4.393809805332802e-20,
            0.09686178962366462,
            -2.0922085633147993e-19
        ],
        [
            4.8652804856899844e-20,
            1.1388232677201814e-19,
            -0.0033213436189868423,
            6.327305381627108e-20,
            -4.724980298437216e-36,
            2.744208006518248e-19,
            2.4469634293147894e-19,
            0.017030154187146568,
            4.3613878133950116e-20,
            2.9453430685299552e-36,
            2.422701156680216e-19,
            3.33612570093141e-19,
            1.4760041352667481,
            1.7164174573467752e-19,
            -1.0048035486458472e-37,
            3.980567299058774e-19,
            3.561749984533552e-19,
            0.016652664443823045,
            -1.4653542686868183e-19,
            -1.1572047247253872e-37
        ],
        [
            0.07512063592975199,
            0.09073599545702679,
            -9.312689829288504e-20,
            0.056354454875512806,
            -5.175879999557625e-18,
            0.09867884330763443,
            0.055265851964791224,
            -3.2691145781895195e-20,
            -0.44707601995470503,
            -2.4598990143258057e-19,
            -0.030612053539426663,
            -0.02552983891288533,
            1.7164174573467752e-19,
            1.312666240475988,
            4.724936450508897e-19,
            -0.11381511311307552,
            -0.07626315044774784,
            -8.223448943953964e-20,
            -0.421113233965109,
            -1.3000732066634416e-19
        ],
        [
            2.1074260990315387e-19,
            -2.33905928399175e-20,
            4.807821279914979e-37,
            7.493897631025586e-20,
            -0.0033213436189868427,
            -4.661567291022983e-19,
            -7.720144379060668e-19,
            1.1828549456440721e-36,
            -8.075125704014437e-19,
            0.017030154187146623,
            -1.3805923085125421e-18,
            -1.2480615098620904e-18,
            -1.0048035486458472e-37,
            4.724936450508897e-19,
            1.476004135266748,
            -2.1602845071976175e-19,
            -6.340361783794908e-19,
            -1.1170257454464763e-38,
            2.3252974550207125e-19,
            0.016652664443823073
        ],
        [
            0.022719552960242667,
            -0.002403047574894006,
            6.79533095773347e-19,
            0.00198646292558048,
            -1.3942335574871346e-18,
            -0.04299694706737371,
            -0.13363449833316127,
            1.2172597436652267e-18,
            -0.0751206359297519,
            -1.1643227424280856e-18,
            -0.3562025571393517,
            -0.34594981275814507,
            3.980567299058774e-19,
            -0.11381511311307552,
            -2.1602845071976175e-19,
            -0.09528484354752575,
            -0.3724243386030156,
            -1.2547646971089735e-19,
            0.10351505092909627,
            -3.4424499803498875e-19
        ],
        [
            -0.0024030475748940093,
            -0.04196128982954708,
            8.906891150836559e-19,
            -0.014918985727381765,
            4.348913857898018e-19,
            -0.11745788829893329,
            -0.1761157462959529,
            1.5446687093758326e-18,
            -0.09073599545702682,
            -1.3750397459900126e-18,
            -0.3706697511144493,
            -0.3116877698132038,
            3.561749984533552e-19,
            -0.07626315044774784,
            -6.340361783794908e-19,
            -0.3724243386030156,
            -0.2660122461356751,
            -1.0009173383815422e-19,
            0.11532352856004062,
            -3.1449005730883786e-19
        ],
        [
            1.2988023926676565e-20,
            2.2002465764307213e-20,
            0.00027533231244831867,
            7.317803264639051e-21,
            -4.283168391874284e-37,
            3.7652476250731043e-20,
            2.3665580236257506e-20,
            -0.0033213436189868354,
            1.2506916668598735e-20,
            -5.805014632094268e-38,
            -1.5132472807142105e-20,
            -4.393809805332802e-20,
            0.016652664443823045,
            -8.223448943953964e-20,
            -1.1170257454464763e-38,
            -1.2547646971089735e-19,
            -1.0009173383815422e-19,
            1.4968290582446846,
            5.068190329562131e-20,
            -6.533487868007848e-40
        ],
        [
            -0.0019864629255804244,
            0.014918985727381831,
            -2.8283815390385714e-19,
            0.0016376648373324226,
            -1.238419143324351e-19,
            0.04397761310176444,
            0.07280342515058108,
            -5.6533295255642745e-19,
            0.056354454875512765,
            3.5584676982214334e-19,
            0.11564216148243767,
            0.09686178962366462,
            -1.4653542686868183e-19,
            -0.421113233965109,
            2.3252974550207125e-19,
            0.10351505092909627,
            0.11532352856004062,
            5.068190329562131e-20,
            1.4130659718137428,
            8.395184178624862e-20
        ],
        [
            -2.0839464677177577e-20,
            -2.6849603668006478e-20,
            -1.5320932461469166e-37,
            -6.919351187899713e-21,
            0.00027533231244831867,
            -2.0854307913393683e-20,
            -6.415660096419797e-20,
            -2.7752711497137052e-37,
            9.074677180766851e-21,
            -0.0033213436189868345,
            -8.418444525223242e-20,
            -2.0922085633147993e-19,
            -1.1572047247253872e-37,
            -1.3000732066634416e-19,
            0.016652664443823073,
            -3.4424499803498875e-19,
            -3.1449005730883786e-19,
            -6.533487868007848e-40,
            8.395184178624862e-20,
            1.4968290582446844
        ]
    ]
}