{
    "HF": 0.6685803486561266,
    "coordinates": [
        [
            0.0,
            0.0,
            0.0
        ],
        [
            0.3,
            0.0,
            0.0
        ],
        [
            0.6,
            0.0,
            0.0
        ],
        [
            0.9,
            0.0,
            0.0
        ],
        [
            1.2,
            0.0,
            0.0
        ],
        [
            1.5,
            0.0,
            0.0
        ]
    ],
    "elements": [
        "H",
        "H",
        "H",
        "H",
        "H",
        "H"
    ],
    "Enn": 15.346139116679998,
    "S": [
        [
            0.9999999999999999,
            0.6848602514927513,
            0.0,
            0.0,
            0.0,
            0.9045387164487448,
            0.66363873711184,
            0.0,
            -0.38548468232872996,
            0.0,
            0.6847688135605143,
            0.6038529466629754,
            0.0,
            -0.5481834853558442,
            0.0,
            0.4462879121174718,
            0.5159769911967133,
            0.0,
            -0.47894101979401027,
            0.0,
            0.25323302742229703,
            0.41407359428363033,
            0.0,
            -0.31363447714531073,
            0.0,
            0.12555625685452426,
            0.31213121703884816,
            0.0,
            -0.16545621891780188,
            0.0
        ],
        [
            0.6848602514927513,
            1.0000000000000002,
            0.0,
            0.0,
            0.0,
            0.66363873711184,
            0.980585785198945,
            0.0,
            -0.07893903328998746,
            0.0,
            0.6038529466629754,
            0.9245754834946445,
            0.0,
            -0.1427500938374541,
            0.0,
            0.5159769911967133,
            0.838243780702534,
            0.0,
            -0.18103338278073813,
            0.0,
            0.41407359428363033,
            0.7307511258578309,
            0.0,
            -0.19082040384404228,
            0.0,
            0.31213121703884816,
            0.6125475864917014,
            0.0,
            -0.1763188047230161,
            0.0
        ],
        [
            0.0,
            0.0,
            1.0000000000000004,
            0.0,
            0.0,
            0.0,
            0.0,
            0.889738761472972,
            0.0,
            0.0,
            0.0,
            0.0,
            0.62668607402778,
            0.0,
            0.0,
            0.0,
            0.0,
            0.34943193986186244,
            0.0,
            0.0,
            0.0,
            0.0,
            0.1542411222033944,
            0.0,
            0.0,
            0.0,
            0.0,
            0.05389677453800268,
            0.0,
            0.0
        ],
        [
            0.0,
            0.0,
            0.0,
            1.0000000000000004,
            0.0,
            0.3854846823287299,
            0.07893903328998741,
            0.0,
            0.6818470544162543,
            0.0,
            0.548183485355844,
            0.14275009383745402,
            0.0,
            0.04097330816997581,
            0.0,
            0.47894101979401016,
            0.18103338278073802,
            0.0,
            -0.38538602088409935,
            0.0,
            0.3136344771453107,
            0.19082040384404214,
            0.0,
            -0.422385664564853,
            0.0,
            0.16545621891780185,
            0.17631880472301592,
            0.0,
            -0.2609341890194054,
            0.0
        ],
        [
            0.0,
            0.0,
            0.0,
            0.0,
            1.0000000000000004,
            0.0,
            0.0,
            0.0,
            0.0,
            0.889738761472972,
            0.0,
            0.0,
            0.0,
            0.0,
            0.62668607402778,
            0.0,
            0.0,
            0.0,
            0.0,
            0.34943193986186244,
            0.0,
            0.0,
            0.0,
            0.0,
            0.1542411222033944,
            0.0,
            0.0,
            0.0,
            0.0,
            0.05389677453800268
        ],
        [
            0.9045387164487448,
            0.66363873711184,
            0.0,
            0.38548468232872996,
            0.0,
            0.9999999999999999,
            0.6848602514927513,
            0.0,
            0.0,
            0.0,
            0.9045387164487448,
            0.66363873711184,
            0.0,
            -0.38548468232872996,
            0.0,
            0.6847688135605143,
            0.6038529466629754,
            0.0,
            -0.548183485355844,
            0.0,
            0.4462879121174719,
            0.5159769911967134,
            0.0,
            -0.4789410197940103,
            0.0,
            0.25323302742229703,
            0.41407359428363033,
            0.0,
            -0.3136344771453108,
            0.0
        ],
        [
            0.66363873711184,
            0.980585785198945,
            0.0,
            0.07893903328998746,
            0.0,
            0.6848602514927513,
            1.0000000000000002,
            0.0,
            0.0,
            0.0,
            0.66363873711184,
            0.980585785198945,
            0.0,
            -0.0789390332899874,
            0.0,
            0.6038529466629754,
            0.9245754834946445,
            0.0,
            -0.142750093837454,
            0.0,
            0.5159769911967134,
            0.8382437807025341,
            0.0,
            -0.18103338278073802,
            0.0,
            0.41407359428363033,
            0.7307511258578309,
            0.0,
            -0.19082040384404242,
            0.0
        ],
        [
            0.0,
            0.0,
            0.889738761472972,
            0.0,
            0.0,
            0.0,
            0.0,
            1.0000000000000004,
            0.0,
            0.0,
            0.0,
            0.0,
            0.889738761472972,
            0.0,
            0.0,
            0.0,
            0.0,
            0.6266860740277799,
            0.0,
            0.0,
            0.0,
            0.0,
            0.3494319398618625,
            0.0,
            0.0,
            0.0,
            0.0,
            0.1542411222033944,
            0.0,
            0.0
        ],
        [
            -0.38548468232872996,
            -0.07893903328998739,
            0.0,
            0.6818470544162543,
            0.0,
            0.0,
            0.0,
            0.0,
            1.0000000000000004,
            0.0,
            0.38548468232872996,
            0.07893903328998739,
            0.0,
            0.6818470544162543,
            0.0,
            0.5481834853558442,
            0.14275009383745405,
            0.0,
            0.0409733081699758,
            0.0,
            0.4789410197940103,
            0.18103338278073802,
            0.0,
            -0.3853860208840992,
            0.0,
            0.3136344771453107,
            0.19082040384404214,
            0.0,
            -0.422385664564853,
            0.0
        ],
        [
            0.0,
            0.0,
            0.0,
            0.0,
            0.889738761472972,
            0.0,
            0.0,
            0.0,
            0.0,
            1.0000000000000004,
            0.0,
            0.0,
            0.0,
            0.0,
            0.889738761472972,
            0.0,
            0.0,
            0.0,
            0.0,
            0.6266860740277799,
            0.0,
            0.0,
            0.0,
            0.0,
            0.3494319398618625,
            0.0,
            0.0,
            0.0,
            0.0,
            0.1542411222033944
        ],
        [
            0.6847688135605143,
            0.6038529466629754,
            0.0,
            0.5481834853558442,
            0.0,
            0.9045387164487448,
            0.66363873711184,
            0.0,
            0.38548468232872996,
            0.0,
            0.9999999999999999,
            0.6848602514927513,
            0.0,
            0.0,
            0.0,
            0.9045387164487446,
            0.66363873711184,
            0.0,
            -0.38548468232873,
            0.0,
            0.6847688135605143,
            0.6038529466629754,
            0.0,
            -0.5481834853558443,
            0.0,
            0.4462879121174718,
            0.5159769911967133,
            0.0,
            -0.4789410197940104,
            0.0
        ],
        [
            0.6038529466629754,
            0.9245754834946445,
            0.0,
            0.1427500938374541,
            0.0,
            0.66363873711184,
            0.980585785198945,
            0.0,
            0.0789390332899874,
            0.0,
            0.6848602514927513,
            1.0000000000000002,
            0.0,
            0.0,
            0.0,
            0.66363873711184,
            0.980585785198945,
            0.0,
            -0.0789390332899874,
            0.0,
            0.6038529466629754,
            0.9245754834946445,
            0.0,
            -0.142750093837454,
            0.0,
            0.5159769911967133,
            0.838243780702534,
            0.0,
            -0.18103338278073797,
            0.0
        ],
        [
            0.0,
            0.0,
            0.62668607402778,
            0.0,
            0.0,
            0.0,
            0.0,
            0.889738761472972,
            0.0,
            0.0,
            0.0,
            0.0,
            1.0000000000000004,
            0.0,
            0.0,
            0.0,
            0.0,
            0.8897387614729719,
            0.0,
            0.0,
            0.0,
            0.0,
            0.62668607402778,
            0.0,
            0.0,
            0.0,
            0.0,
            0.34943193986186244,
            0.0,
            0.0
        ],
        [
            -0.548183485355844,
            -0.14275009383745396,
            0.0,
            0.04097330816997581,
            0.0,
            -0.38548468232872996,
            -0.07893903328998739,
            0.0,
            0.6818470544162543,
            0.0,
            0.0,
            0.0,
            0.0,
            1.0000000000000004,
            0.0,
            0.38548468232872984,
            0.07893903328998739,
            0.0,
            0.6818470544162539,
            0.0,
            0.548183485355844,
            0.14275009383745396,
            0.0,
            0.04097330816997581,
            0.0,
            0.4789410197940101,
            0.18103338278073794,
            0.0,
            -0.38538602088409935,
            0.0
        ],
        [
            0.0,
            0.0,
            0.0,
            0.0,
            0.62668607402778,
            0.0,
            0.0,
            0.0,
            0.0,
            0.889738761472972,
            0.0,
            0.0,
            0.0,
            0.0,
            1.0000000000000004,
            0.0,
            0.0,
            0.0,
            0.0,
            0.8897387614729719,
            0.0,
            0.0,
            0.0,
            0.0,
            0.62668607402778,
            0.0,
            0.0,
            0.0,
            0.0,
            0.34943193986186244
        ],
        [
            0.4462879121174718,
            0.5159769911967133,
            0.0,
            0.47894101979401027,
            0.0,
            0.6847688135605143,
            0.6038529466629754,
            0.0,
            0.5481834853558443,
            0.0,
            0.9045387164487446,
            0.66363873711184,
            0.0,
            0.38548468232873,
            0.0,
            0.9999999999999999,
            0.6848602514927513,
            0.0,
            0.0,
            0.0,
            0.9045387164487448,
            0.66363873711184,
            0.0,
            -0.3854846823287299,
            0.0,
            0.6847688135605143,
            0.6038529466629754,
            0.0,
            -0.5481834853558443,
            0.0
        ],
        [
            0.5159769911967133,
            0.838243780702534,
            0.0,
            0.18103338278073813,
            0.0,
            0.6038529466629754,
            0.9245754834946445,
            0.0,
            0.1427500938374541,
            0.0,
            0.66363873711184,
            0.980585785198945,
            0.0,
            0.0789390332899874,
            0.0,
            0.6848602514927513,
            1.0000000000000002,
            0.0,
            0.0,
            0.0,
            0.66363873711184,
            0.980585785198945,
            0.0,
            -0.0789390332899874,
            0.0,
            0.6038529466629754,
            0.9245754834946445,
            0.0,
            -0.142750093837454,
            0.0
        ],
        [
            0.0,
            0.0,
            0.34943193986186244,
            0.0,
            0.0,
            0.0,
            0.0,
            0.6266860740277799,
            0.0,
            0.0,
            0.0,
            0.0,
            0.8897387614729719,
            0.0,
            0.0,
            0.0,
            0.0,
            1.0000000000000004,
            0.0,
            0.0,
            0.0,
            0.0,
            0.8897387614729723,
            0.0,
            0.0,
            0.0,
            0.0,
            0.62668607402778,
            0.0,
            0.0
        ],
        [
            -0.47894101979401016,
            -0.18103338278073794,
            0.0,
            -0.38538602088409935,
            0.0,
            -0.5481834853558442,
            -0.14275009383745393,
            0.0,
            0.040973308169975596,
            0.0,
            -0.38548468232872984,
            -0.07893903328998739,
            0.0,
            0.6818470544162539,
            0.0,
            0.0,
            0.0,
            0.0,
            1.0000000000000004,
            0.0,
            0.3854846823287299,
            0.0789390332899874,
            0.0,
            0.6818470544162546,
            0.0,
            0.5481834853558442,
            0.14275009383745396,
            0.0,
            0.04097330816997601,
            0.0
        ],
        [
            0.0,
            0.0,
            0.0,
            0.0,
            0.34943193986186244,
            0.0,
            0.0,
            0.0,
            0.0,
            0.6266860740277799,
            0.0,
            0.0,
            0.0,
            0.0,
            0.8897387614729719,
            0.0,
            0.0,
            0.0,
            0.0,
            1.0000000000000004,
            0.0,
            0.0,
            0.0,
            0.0,
            0.8897387614729723,
            0.0,
            0.0,
            0.0,
            0.0,
            0.62668607402778
        ],
        [
            0.25323302742229703,
            0.41407359428363033,
            0.0,
            0.31363447714531073,
            0.0,
            0.4462879121174719,
            0.5159769911967134,
            0.0,
            0.4789410197940103,
            0.0,
            0.6847688135605143,
            0.6038529466629754,
            0.0,
            0.5481834853558443,
            0.0,
            0.9045387164487448,
            0.66363873711184,
            0.0,
            0.3854846823287299,
            0.0,
            0.9999999999999999,
            0.6848602514927513,
            0.0,
            0.0,
            0.0,
            0.9045387164487446,
            0.66363873711184,
            0.0,
            -0.38548468232873,
            0.0
        ],
        [
            0.41407359428363033,
            0.7307511258578309,
            0.0,
            0.19082040384404228,
            0.0,
            0.5159769911967134,
            0.8382437807025341,
            0.0,
            0.1810333827807382,
            0.0,
            0.6038529466629754,
            0.9245754834946445,
            0.0,
            0.142750093837454,
            0.0,
            0.66363873711184,
            0.980585785198945,
            0.0,
            0.0789390332899874,
            0.0,
            0.6848602514927513,
            1.0000000000000002,
            0.0,
            0.0,
            0.0,
            0.66363873711184,
            0.980585785198945,
            0.0,
            -0.0789390332899874,
            0.0
        ],
        [
            0.0,
            0.0,
            0.1542411222033944,
            0.0,
            0.0,
            0.0,
            0.0,
            0.3494319398618625,
            0.0,
            0.0,
            0.0,
            0.0,
            0.62668607402778,
            0.0,
            0.0,
            0.0,
            0.0,
            0.8897387614729723,
            0.0,
            0.0,
            0.0,
            0.0,
            1.0000000000000004,
            0.0,
            0.0,
            0.0,
            0.0,
            0.8897387614729719,
            0.0,
            0.0
        ],
        [
            -0.31363447714531073,
            -0.19082040384404209,
            0.0,
            -0.422385664564853,
            0.0,
            -0.4789410197940103,
            -0.18103338278073794,
            0.0,
            -0.3853860208840992,
            0.0,
            -0.548183485355844,
            -0.14275009383745396,
            0.0,
            0.04097330816997581,
            0.0,
            -0.3854846823287299,
            -0.0789390332899874,
            0.0,
            0.6818470544162546,
            0.0,
            0.0,
            0.0,
            0.0,
            1.0000000000000004,
            0.0,
            0.3854846823287299,
            0.07893903328998739,
            0.0,
            0.6818470544162539,
            0.0
        ],
        [
            0.0,
            0.0,
            0.0,
            0.0,
            0.1542411222033944,
            0.0,
            0.0,
            0.0,
            0.0,
            0.3494319398618625,
            0.0,
            0.0,
            0.0,
            0.0,
            0.62668607402778,
            0.0,
            0.0,
            0.0,
            0.0,
            0.8897387614729723,
            0.0,
            0.0,
            0.0,
            0.0,
            1.0000000000000004,
            0.0,
            0.0,
            0.0,
            0.0,
            0.8897387614729719
        ],
        [
            0.12555625685452426,
            0.31213121703884816,
            0.0,
            0.16545621891780188,
            0.0,
            0.25323302742229703,
            0.41407359428363033,
            0.0,
            0.3136344771453108,
            0.0,
            0.4462879121174718,
            0.5159769911967133,
            0.0,
            0.4789410197940102,
            0.0,
            0.6847688135605143,
            0.6038529466629754,
            0.0,
            0.5481834853558443,
            0.0,
            0.9045387164487446,
            0.66363873711184,
            0.0,
            0.38548468232873,
            0.0,
            0.9999999999999999,
            0.6848602514927513,
            0.0,
            0.0,
            0.0
        ],
        [
            0.31213121703884816,
            0.6125475864917014,
            0.0,
            0.1763188047230161,
            0.0,
            0.41407359428363033,
            0.7307511258578309,
            0.0,
            0.19082040384404242,
            0.0,
            0.5159769911967133,
            0.838243780702534,
            0.0,
            0.18103338278073813,
            0.0,
            0.6038529466629754,
            0.9245754834946445,
            0.0,
            0.142750093837454,
            0.0,
            0.66363873711184,
            0.980585785198945,
            0.0,
            0.0789390332899874,
            0.0,
            0.6848602514927513,
            1.0000000000000002,
            0.0,
            0.0,
            0.0
        ],
        [
            0.0,
            0.0,
            0.05389677453800268,
            0.0,
            0.0,
            0.0,
            0.0,
            0.1542411222033944,
            0.0,
            0.0,
            0.0,
            0.0,
            0.34943193986186244,
            0.0,
            0.0,
            0.0,
            0.0,
            0.62668607402778,
            0.0,
            0.0,
            0.0,
            0.0,
            0.8897387614729719,
            0.0,
            0.0,
            0.0,
            0.0,
            1.0000000000000004,
            0.0,
            0.0
        ],
        [
            -0.16545621891780185,
            -0.17631880472301584,
            0.0,
            -0.2609341890194054,
            0.0,
            -0.31363447714531073,
            -0.19082040384404209,
            0.0,
            -0.422385664564853,
            0.0,
            -0.47894101979401016,
            -0.18103338278073794,
            0.0,
            -0.38538602088409935,
            0.0,
            -0.548183485355844,
            -0.14275009383745396,
            0.0,
            0.04097330816997581,
            0.0,
            -0.3854846823287299,
            -0.07893903328998739,
            0.0,
            0.6818470544162539,
            0.0,
            0.0,
            0.0,
            0.0,
            1.0000000000000004,
            0.0
        ],
        [
            0.0,
            0.0,
            0.0,
            0.0,
            0.05389677453800268,
            0.0,
            0.0,
            0.0,
            0.0,
            0.1542411222033944,
            0.0,
            0.0,
            0.0,
            0.0,
            0.34943193986186244,
            0.0,
            0.0,
            0.0,
            0.0,
            0.62668607402778,
            0.0,
            0.0,
            0.0,
            0.0,
            0.8897387614729719,
            0.0,
            0.0,
            0.0,
            0.0,
            1.0000000000000004
        ]
    ],
    "h": [
        [
            -1.1017687154738995,
            -0.8482700641165537,
            -5.777439039198496e-17,
            -0.7827465139514153,
            1.2510676239571795e-17,
            -1.395594781574867,
            -0.8701017554166921,
            -6.461253434384096e-17,
            -0.27810471501947476,
            7.6188283056845e-18,
            -1.3257587011171867,
            -0.8422650742780273,
            -5.672024676220918e-17,
            0.4545127349411724,
            1.5114598454411586e-18,
            -0.9960354084218936,
            -0.7686101690176643,
            -3.9210567695074606e-17,
            0.8427109607823633,
            -2.7483488052095443e-18,
            -0.6285172854463572,
            -0.660920445834625,
            -2.2209177761450014e-17,
            0.75485608024461,
            -3.8349989477344095e-18,
            -0.3441416869218471,
            -0.5356707011974919,
            -1.1196268765458342e-17,
            0.465321401724094,
            -2.6545365880736795e-18
        ],
        [
            -0.8482700641165537,
            -0.591032398148966,
            -6.038010026876097e-17,
            -0.47621448545531364,
            1.3442548541642384e-17,
            -0.9985960635259183,
            -0.6405977757720489,
            -7.293207426163655e-17,
            -0.1606321331506899,
            2.175977086906734e-18,
            -0.9961446416819002,
            -0.6596218276831394,
            -6.873101133502925e-17,
            0.15284671166511737,
            -1.0804963977745756e-17,
            -0.8866293165020882,
            -0.6457504088349488,
            -5.199323512922818e-17,
            0.33218165531619404,
            -1.7805430474865333e-17,
            -0.7226158651092489,
            -0.6018742903012273,
            -3.2616668357736224e-17,
            0.3964020635612291,
            -1.656620965439322e-17,
            -0.535670705823766,
            -0.5351082391585711,
            -1.7739614129205978e-17,
            0.39009053549372064,
            -1.0544276716114697e-17
        ],
        [
            -5.777439039198496e-17,
            -6.038010026876097e-17,
            1.1159251016036313,
            8.902220419918674e-17,
            2.811169956080023e-32,
            -5.7714398410292855e-18,
            -5.098629454947847e-17,
            0.8085923099943784,
            1.3457465263143462e-16,
            1.931165555695513e-32,
            5.2100665053551375e-17,
            -4.130173855906201e-17,
            0.3455758962796036,
            1.0337613756191551e-16,
            6.1001102475459264e-33,
            7.813053220587045e-17,
            -3.324195135878305e-17,
            0.01631159000086435,
            8.938224498105315e-18,
            -3.781936024886746e-33,
            6.277924361099997e-17,
            -2.79823859574244e-17,
            -0.09387688611304557,
            -7.186150531048732e-17,
            -6.696478419762647e-33,
            2.800382314109528e-17,
            -2.5665354706117605e-17,
            -0.07680900353603357,
            -8.761738924195823e-17,
            -4.7147873537779316e-33
        ],
        [
            -0.7827465139514153,
            -0.47621448545531364,
            8.902220419918674e-17,
            0.2696834761700444,
            -2.5543111735156682e-17,
            -0.8120317693157428,
            -0.5219233102305254,
            1.1818855302148115e-16,
            -0.1254758701609302,
            -2.701769190835661e-17,
            -0.9599152299000999,
            -0.5354414537711356,
            1.1257816216468408e-16,
            -0.3180299696081376,
            -1.6396840841095608e-17,
            -0.9708552819021801,
            -0.514899255618474,
            8.08772335497877e-17,
            0.0970164921165444,
            -3.187348517248983e-18,
            -0.7599701753061048,
            -0.46372522100319646,
            4.4949615151371774e-17,
            0.5908557979910982,
            3.434727233719417e-18,
            -0.4653214050570903,
            -0.39009053802762106,
            1.918490030562533e-17,
            0.6686189016264341,
            3.208533585182838e-18
        ],
        [
            1.2510676239571795e-17,
            1.3442548541642384e-17,
            2.811169956080023e-32,
            -2.5543111735156682e-17,
            1.1159251016037475,
            -1.4935273851522124e-18,
            1.0180903532055546e-17,
            3.0348215055062614e-32,
            -3.34114839698195e-17,
            0.8085923099943799,
            -1.6146269465684573e-17,
            7.16556072835131e-18,
            2.6156884864913466e-32,
            -2.5222766420422547e-17,
            0.3455758962796027,
            -2.310339064748941e-17,
            4.9188075202512125e-18,
            1.7994899089124561e-32,
            -3.3888318603060317e-18,
            0.016311590000864795,
            -1.9881930699439355e-17,
            3.706731779199942e-18,
            9.950660635020945e-33,
            1.6681380811882635e-17,
            -0.09387688611304557,
            -1.0969448000745924e-17,
            3.487412548056734e-18,
            4.4863661245681255e-33,
            2.2734158851915842e-17,
            -0.07680900353603357
        ],
        [
            -1.395594781574867,
            -0.9985960635259183,
            -5.7714398410292855e-18,
            -0.8120317693157428,
            -1.4935273851522124e-18,
            -1.6459063098633777,
            -1.0525054149765598,
            -3.727435120885175e-19,
            -0.38993490555071497,
            -6.4525527447091964e-18,
            -1.7061762552931792,
            -1.0466384518397653,
            3.1647854919674058e-18,
            0.24365289819985625,
            -7.931790559241743e-18,
            -1.4541702725670875,
            -0.981430774875029,
            3.41706129749268e-18,
            0.7834254961447162,
            -6.317738722974236e-18,
            -1.031238227333552,
            -0.8674661765077825,
            1.2116509126257495e-18,
            0.9487456985580565,
            -4.0183392336432135e-18,
            -0.6285172881406988,
            -0.7226158627651973,
            -1.3386987342491381e-18,
            0.7599701740420417,
            -2.3418185754566417e-18
        ],
        [
            -0.8701017554166921,
            -0.6405977757720489,
            -5.098629454947847e-17,
            -0.5219233102305254,
            1.0180903532055546e-17,
            -1.0525054149765598,
            -0.6968645890868239,
            -6.27610304764532e-17,
            -0.2529419730139851,
            -2.0848691119492896e-18,
            -1.0939287051066713,
            -0.7220292031451234,
            -6.073892681817056e-17,
            0.051971446470527746,
            -1.520285918375352e-17,
            -1.0203829664620063,
            -0.7125856996388467,
            -4.753843858684747e-17,
            0.27356425308886445,
            -2.1630766087708777e-17,
            -0.8674661802419381,
            -0.6703591500451251,
            -3.105223595486555e-17,
            0.4100382122817856,
            -1.940870046056442e-17,
            -0.6609204514116069,
            -0.6018742902270555,
            -1.7625613349787736e-17,
            0.4637252201499744,
            -1.2311458181544903e-17
        ],
        [
            -6.461253434384096e-17,
            -7.293207426163655e-17,
            0.8085923099943784,
            1.1818855302148115e-16,
            3.0348215055062614e-32,
            -3.727435120885175e-19,
            -6.27610304764532e-17,
            0.905115495521823,
            1.6252791867626476e-16,
            1.9625762862431633e-32,
            6.54052910353888e-17,
            -5.251217327519481e-17,
            0.6710021256718735,
            1.0935676022980833e-16,
            4.085312721833471e-33,
            8.929572556313469e-17,
            -4.434841366954035e-17,
            0.284855216836966,
            -8.83386612978969e-18,
            -7.102207955698229e-33,
            6.403336620623768e-17,
            -3.9446193396947607e-17,
            0.0007748980762307678,
            -9.772582423965293e-17,
            -9.761163689014752e-33,
            1.9528217558296612e-17,
            -3.7714173869006965e-17,
            -0.09387688756919466,
            -1.0484137027592611e-16,
            -6.592827004160423e-33
        ],
        [
            -0.27810471501947476,
            -0.1606321331506899,
            1.3457465263143462e-16,
            -0.1254758701609302,
            -3.34114839698195e-17,
            -0.38993490555071497,
            -0.2529419730139851,
            1.6252791867626476e-16,
            -0.20921848170985857,
            -3.329309921781274e-17,
            -0.6267689088818618,
            -0.3331028691250427,
            1.5202074049549053e-16,
            -0.528128831513202,
            -2.399127308187155e-17,
            -0.8900410005743893,
            -0.3883015944199115,
            1.094154779691394e-16,
            -0.48079763756473437,
            -1.1083972632333404e-17,
            -0.9487457054244577,
            -0.41003821857083156,
            6.093926858780847e-17,
            0.0751701927782702,
            -2.5675749719886047e-18,
            -0.7548560859981043,
            -0.3964020704564134,
            2.620427306908705e-17,
            0.5908558041300691,
            -4.991980955009104e-19
        ],
        [
            7.6188283056845e-18,
            2.175977086906734e-18,
            1.931165555695513e-32,
            -2.701769190835661e-17,
            0.8085923099943799,
            -6.4525527447091964e-18,
            -2.0848691119492896e-18,
            1.9625762862431633e-32,
            -3.329309921781274e-17,
            0.9051154955218248,
            -2.0921057069317192e-17,
            -5.9171169616422055e-18,
            1.5988466681875738e-32,
            -2.564413154140044e-17,
            0.6710021256718739,
            -2.9429345665300536e-17,
            -8.689392447319777e-18,
            1.0435854455782025e-32,
            -8.071118725466342e-18,
            0.2848552168369656,
            -2.925539434351874e-17,
            -1.0036028339539387e-17,
            5.478954584527497e-33,
            9.984325674021492e-18,
            0.0007748980762312119,
            -2.232205417302431e-17,
            -9.934393799472367e-18,
            2.3397911008792266e-33,
            1.9745127181186607e-17,
            -0.09387688756919454
        ],
        [
            -1.3257587011171867,
            -0.9961446416819002,
            5.2100665053551375e-17,
            -0.9599152299000999,
            -1.6146269465684573e-17,
            -1.7061762552931792,
            -1.0939287051066713,
            6.54052910353888e-17,
            -0.6267689088818618,
            -2.0921057069317192e-17,
            -1.8321792573280211,
            -1.1332668059784883,
            6.244239109712555e-17,
            -0.08888007493587029,
            -1.936201133905967e-17,
            -1.7769222975322543,
            -1.1073299168224109,
            4.5082473585279337e-17,
            0.47312831898009033,
            -1.3402264814661392e-17,
            -1.4541702767306277,
            -1.0203829663749207,
            2.3959694647723887e-17,
            0.8900409947527943,
            -7.638848598341483e-18,
            -0.9960354141814522,
            -0.8866293176281395,
            8.256521854415493e-18,
            0.9708552843257015,
            -4.282971496632811e-18
        ],
        [
            -0.8422650742780273,
            -0.6596218276831394,
            -4.130173855906201e-17,
            -0.5354414537711356,
            7.16556072835131e-18,
            -1.0466384518397653,
            -0.7220292031451234,
            -5.251217327519481e-17,
            -0.3331028691250427,
            -5.9171169616422055e-18,
            -1.1332668059784883,
            -0.75387085877369,
            -5.286154024334912e-17,
            -0.06518497996607586,
            -1.9175301049950877e-17,
            -1.1073299183642162,
            -0.7505149311183152,
            -4.328667974927292e-17,
            0.17994532285409426,
            -2.5176607955693665e-17,
            -0.9814307799546151,
            -0.7125856998916269,
            -2.9630335783609614e-17,
            0.3883015892238125,
            -2.212162319190207e-17,
            -0.7686101753710508,
            -0.6457504089770256,
            -1.7508199986159402e-17,
            0.514899256431317,
            -1.4020672430856733e-17
        ],
        [
            -5.672024676220918e-17,
            -6.873101133502925e-17,
            0.3455758962796036,
            1.1257816216468408e-16,
            2.6156884864913466e-32,
            3.1647854919674058e-18,
            -6.073892681817056e-17,
            0.6710021256718735,
            1.5202074049549053e-16,
            1.5988466681875738e-32,
            6.244239109712555e-17,
            -5.286154024334912e-17,
            0.8066658406332841,
            9.431725196249563e-17,
            1.4082935870122358e-33,
            7.99392741996914e-17,
            -4.693748569259685e-17,
            0.6293827830038694,
            -2.1705260029432513e-17,
            -8.85222070973737e-33,
            5.08097572371335e-17,
            -4.3840439681096806e-17,
            0.2848552126787709,
            -1.0190907756933122e-16,
            -1.0795988765401721e-32,
            6.07457053555961e-18,
            -4.3267392526252847e-17,
            0.016311585604804613,
            -1.0038877977545659e-16,
            -7.123626446584376e-33
        ],
        [
            0.4545127349411724,
            0.15284671166511737,
            1.0337613756191551e-16,
            -0.3180299696081376,
            -2.5222766420422547e-17,
            0.24365289819985625,
            0.051971446470527746,
            1.0935676022980833e-16,
            -0.528128831513202,
            -2.564413154140044e-17,
            -0.08888007493587029,
            -0.06518497996607586,
            9.431725196249563e-17,
            -0.6797337876642837,
            -2.3912399174819433e-17,
            -0.47312833235699925,
            -0.17994533357645276,
            6.389923754541435e-17,
            -0.7483958447719474,
            -1.9486335563755364e-17,
            -0.7834255086746453,
            -0.2735642632842762,
            3.332193754335902e-17,
            -0.4807976328465313,
            -1.3516283704466188e-17,
            -0.8427109694602906,
            -0.3321816641882471,
            1.320007553037307e-17,
            0.0970165028922998,
            -8.323714790212579e-18
        ],
        [
            1.5114598454411586e-18,
            -1.0804963977745756e-17,
            6.1001102475459264e-33,
            -1.6396840841095608e-17,
            0.3455758962796027,
            -7.931790559241743e-18,
            -1.520285918375352e-17,
            4.085312721833471e-33,
            -2.399127308187155e-17,
            0.6710021256718739,
            -1.936201133905967e-17,
            -1.9175301049950877e-17,
            1.4082935870122358e-33,
            -2.3912399174819433e-17,
            0.8066658406332836,
            -2.9280415843841796e-17,
            -2.2111362052570517e-17,
            -4.04293567866599e-34,
            -1.6163061201145004e-17,
            0.6293827830038703,
            -3.417087147434452e-17,
            -2.3572092927099037e-17,
            -9.327190759501274e-34,
            -2.489309623000547e-18,
            0.2848552126787709,
            -3.18965712864545e-17,
            -2.3398075687526884e-17,
            -7.224987019529788e-34,
            1.1461690558886245e-17,
            0.016311585604804613
        ],
        [
            -0.9960354084218936,
            -0.8866293165020882,
            7.813053220587045e-17,
            -0.9708552819021801,
            -2.310339064748941e-17,
            -1.4541702725670875,
            -1.0203829664620063,
            8.929572556313469e-17,
            -0.8900410005743893,
            -2.9429345665300536e-17,
            -1.7769222975322543,
            -1.1073299183642162,
            7.99392741996914e-17,
            -0.47312833235699925,
            -2.9280415843841796e-17,
            -1.8321792630519615,
            -1.1332668088810696,
            5.470236748797537e-17,
            0.08888006196609564,
            -2.3402004150610107e-17,
            -1.7061762646158884,
            -1.0939287089279726,
            2.758403205703814e-17,
            0.6267689051993017,
            -1.5735238958670194e-17,
            -1.3257587103995596,
            -0.9961446458527323,
            9.026787287562095e-18,
            0.959915236454512,
            -9.437631895974006e-18
        ],
        [
            -0.7686101690176643,
            -0.6457504088349488,
            -3.324195135878305e-17,
            -0.514899255618474,
            4.9188075202512125e-18,
            -0.981430774875029,
            -0.7125856996388467,
            -4.434841366954035e-17,
            -0.3883015944199115,
            -8.689392447319777e-18,
            -1.1073299168224109,
            -0.7505149311183152,
            -4.693748569259685e-17,
            -0.17994533357645276,
            -2.2111362052570517e-17,
            -1.1332668088810696,
            -0.7538708591438894,
            -4.0408479912051564e-17,
            0.06518496997357007,
            -2.794398549324918e-17,
            -1.0466384577918733,
            -0.7220292037065468,
            -2.890216486621366e-17,
            0.3331028655844427,
            -2.4349577361487623e-17,
