{
    "HF": -1.3956324078369153,
    "coordinates": [
        [
            0.0,
            0.0,
            0.0
        ],
        [
            0.4,
            0.0,
            0.0
        ],
        [
            0.8,
            0.0,
            0.0
        ],
        [
            1.2,
            0.0,
            0.0
        ],
        [
            1.6,
            0.0,
            0.0
        ],
        [
            2.0,
            0.0,
            0.0
        ]
    ],
    "elements": [
        "H",
        "H",
        "H",
        "H",
        "H",
        "H"
    ],
    "Enn": 11.509604337509996,
    "S": [
        [
            0.9999999999999999,
            0.6848602514927513,
            0.0,
            0.0,
            0.0,
            0.8394310914378806,
            0.6475905457939218,
            0.0,
            -0.46985861275470564,
            0.0,
            0.522861744791941,
            0.5475553489279366,
            0.0,
            -0.5202236966476841,
            0.0,
            0.25323302742229703,
            0.41407359428363033,
            0.0,
            -0.31363447714531073,
            0.0,
            0.09650198567979373,
            0.28015292036227113,
            0.0,
            -0.12810074212834316,
            0.0,
            0.02915955210954658,
            0.16965538024636875,
            0.0,
            -0.03745231479155643,
            0.0
        ],
        [
            0.6848602514927513,
            1.0000000000000002,
            0.0,
            0.0,
            0.0,
            0.6475905457939218,
            0.9657467982884397,
            0.0,
            -0.10253901494617487,
            0.0,
            0.5475553489279366,
            0.8698675060725554,
            0.0,
            -0.1714547582565225,
            0.0,
            0.41407359428363033,
            0.7307511258578309,
            0.0,
            -0.19082040384404228,
            0.0,
            0.28015292036227124,
            0.5725486991197352,
            0.0,
            -0.16753330661609553,
            0.0,
            0.16965538024636875,
            0.4183906064901829,
            0.0,
            -0.12237772912422547,
            0.0
        ],
        [
            0.0,
            0.0,
            1.0000000000000004,
            0.0,
            0.0,
            0.0,
            0.0,
            0.8124563167104727,
            0.0,
            0.0,
            0.0,
            0.0,
            0.4357125591332134,
            0.0,
            0.0,
            0.0,
            0.0,
            0.1542411222033944,
            0.0,
            0.0,
            0.0,
            0.0,
            0.03604128888142802,
            0.0,
            0.0,
            0.0,
            0.0,
            0.0055590488427281854,
            0.0,
            0.0
        ],
        [
            0.0,
            0.0,
            0.0,
            1.0000000000000004,
            0.0,
            0.46985861275470564,
            0.10253901494617482,
            0.0,
            0.4749731254563805,
            0.0,
            0.5202236966476841,
            0.17145475825652237,
            0.0,
            -0.28824348330920363,
            0.0,
            0.3136344771453107,
            0.19082040384404214,
            0.0,
            -0.422385664564853,
            0.0,
            0.12810074212834316,
            0.1675333066160954,
            0.0,
            -0.20349561053711857,
            0.0,
            0.037452314791556425,
            0.12237772912422541,
            0.0,
            -0.0521697639313941,
            0.0
        ],
        [
            0.0,
            0.0,
            0.0,
            0.0,
            1.0000000000000004,
            0.0,
            0.0,
            0.0,
            0.0,
            0.8124563167104727,
            0.0,
            0.0,
            0.0,
            0.0,
            0.4357125591332134,
            0.0,
            0.0,
            0.0,
            0.0,
            0.1542411222033944,
            0.0,
            0.0,
            0.0,
            0.0,
            0.03604128888142802,
            0.0,
            0.0,
            0.0,
            0.0,
            0.0055590488427281854
        ],
        [
            0.8394310914378806,
            0.6475905457939218,
            0.0,
            0.46985861275470564,
            0.0,
            0.9999999999999999,
            0.6848602514927513,
            0.0,
            0.0,
            0.0,
            0.8394310914378806,
            0.6475905457939218,
            0.0,
            -0.46985861275470553,
            0.0,
            0.5228617447919413,
            0.5475553489279367,
            0.0,
            -0.5202236966476843,
            0.0,
            0.2532330274222969,
            0.41407359428363033,
            0.0,
            -0.3136344771453106,
            0.0,
            0.09650198567979382,
            0.2801529203622713,
            0.0,
            -0.12810074212834327,
            0.0
        ],
        [
            0.6475905457939218,
            0.9657467982884397,
            0.0,
            0.10253901494617487,
            0.0,
            0.6848602514927513,
            1.0000000000000002,
            0.0,
            0.0,
            0.0,
            0.6475905457939218,
            0.9657467982884397,
            0.0,
            -0.10253901494617476,
            0.0,
            0.5475553489279367,
            0.8698675060725554,
            0.0,
            -0.17145475825652234,
            0.0,
            0.41407359428363033,
            0.7307511258578309,
            0.0,
            -0.19082040384404209,
            0.0,
            0.2801529203622713,
            0.5725486991197353,
            0.0,
            -0.16753330661609558,
            0.0
        ],
        [
            0.0,
            0.0,
            0.8124563167104727,
            0.0,
            0.0,
            0.0,
            0.0,
            1.0000000000000004,
            0.0,
            0.0,
            0.0,
            0.0,
            0.8124563167104727,
            0.0,
            0.0,
            0.0,
            0.0,
            0.4357125591332137,
            0.0,
            0.0,
            0.0,
            0.0,
            0.15424112220339434,
            0.0,
            0.0,
            0.0,
            0.0,
            0.036041288881428074,
            0.0,
            0.0
        ],
        [
            -0.46985861275470564,
            -0.10253901494617476,
            0.0,
            0.4749731254563805,
            0.0,
            0.0,
            0.0,
            0.0,
            1.0000000000000004,
            0.0,
            0.4698586127547056,
            0.10253901494617476,
            0.0,
            0.4749731254563805,
            0.0,
            0.5202236966476842,
            0.1714547582565223,
            0.0,
            -0.2882434833092034,
            0.0,
            0.3136344771453107,
            0.19082040384404222,
            0.0,
            -0.42238566456485305,
            0.0,
            0.12810074212834324,
            0.16753330661609547,
            0.0,
            -0.2034956105371188,
            0.0
        ],
        [
            0.0,
            0.0,
            0.0,
            0.0,
            0.8124563167104727,
            0.0,
            0.0,
            0.0,
            0.0,
            1.0000000000000004,
            0.0,
            0.0,
            0.0,
            0.0,
            0.8124563167104727,
            0.0,
            0.0,
            0.0,
            0.0,
            0.4357125591332137,
            0.0,
            0.0,
            0.0,
            0.0,
            0.15424112220339434,
            0.0,
            0.0,
            0.0,
            0.0,
            0.036041288881428074
        ],
        [
            0.522861744791941,
            0.5475553489279366,
            0.0,
            0.5202236966476841,
            0.0,
            0.8394310914378806,
            0.6475905457939218,
            0.0,
            0.4698586127547056,
            0.0,
            0.9999999999999999,
            0.6848602514927513,
            0.0,
            0.0,
            0.0,
            0.8394310914378809,
            0.6475905457939218,
            0.0,
            -0.4698586127547057,
            0.0,
            0.522861744791941,
            0.5475553489279366,
            0.0,
            -0.5202236966476841,
            0.0,
            0.25323302742229703,
            0.41407359428363033,
            0.0,
            -0.31363447714531073,
            0.0
        ],
        [
            0.5475553489279366,
            0.8698675060725554,
            0.0,
            0.1714547582565225,
            0.0,
            0.6475905457939218,
            0.9657467982884397,
            0.0,
            0.10253901494617487,
            0.0,
            0.6848602514927513,
            1.0000000000000002,
            0.0,
            0.0,
            0.0,
            0.6475905457939218,
            0.9657467982884397,
            0.0,
            -0.10253901494617476,
            0.0,
            0.5475553489279366,
            0.8698675060725554,
            0.0,
            -0.17145475825652232,
            0.0,
            0.41407359428363033,
            0.7307511258578309,
            0.0,
            -0.19082040384404217,
            0.0
        ],
        [
            0.0,
            0.0,
            0.4357125591332134,
            0.0,
            0.0,
            0.0,
            0.0,
            0.8124563167104727,
            0.0,
            0.0,
            0.0,
            0.0,
            1.0000000000000004,
            0.0,
            0.0,
            0.0,
            0.0,
            0.8124563167104728,
            0.0,
            0.0,
            0.0,
            0.0,
            0.4357125591332134,
            0.0,
            0.0,
            0.0,
            0.0,
            0.1542411222033944,
            0.0,
            0.0
        ],
        [
            -0.5202236966476841,
            -0.1714547582565223,
            0.0,
            -0.28824348330920363,
            0.0,
            -0.46985861275470553,
            -0.10253901494617476,
            0.0,
            0.4749731254563805,
            0.0,
            0.0,
            0.0,
            0.0,
            1.0000000000000004,
            0.0,
            0.46985861275470564,
            0.10253901494617476,
            0.0,
            0.474973125456381,
            0.0,
            0.5202236966476841,
            0.1714547582565223,
            0.0,
            -0.28824348330920363,
            0.0,
            0.31363447714531073,
            0.19082040384404209,
            0.0,
            -0.422385664564853,
            0.0
        ],
        [
            0.0,
            0.0,
            0.0,
            0.0,
            0.4357125591332134,
            0.0,
            0.0,
            0.0,
            0.0,
            0.8124563167104727,
            0.0,
            0.0,
            0.0,
            0.0,
            1.0000000000000004,
            0.0,
            0.0,
            0.0,
            0.0,
            0.8124563167104728,
            0.0,
            0.0,
            0.0,
            0.0,
            0.4357125591332134,
            0.0,
            0.0,
            0.0,
            0.0,
            0.1542411222033944
        ],
        [
            0.25323302742229703,
            0.41407359428363033,
            0.0,
            0.31363447714531073,
            0.0,
            0.5228617447919413,
            0.5475553489279367,
            0.0,
            0.5202236966476843,
            0.0,
            0.8394310914378809,
            0.6475905457939218,
            0.0,
            0.4698586127547057,
            0.0,
            0.9999999999999999,
            0.6848602514927513,
            0.0,
            0.0,
            0.0,
            0.8394310914378805,
            0.6475905457939218,
            0.0,
            -0.46985861275470564,
            0.0,
            0.522861744791941,
            0.5475553489279366,
            0.0,
            -0.5202236966476841,
            0.0
        ],
        [
            0.41407359428363033,
            0.7307511258578309,
            0.0,
            0.19082040384404228,
            0.0,
            0.5475553489279367,
            0.8698675060725554,
            0.0,
            0.17145475825652234,
            0.0,
            0.6475905457939218,
            0.9657467982884397,
            0.0,
            0.10253901494617476,
            0.0,
            0.6848602514927513,
            1.0000000000000002,
            0.0,
            0.0,
            0.0,
            0.6475905457939218,
            0.9657467982884397,
            0.0,
            -0.10253901494617476,
            0.0,
            0.5475553489279366,
            0.8698675060725554,
            0.0,
            -0.17145475825652232,
            0.0
        ],
        [
            0.0,
            0.0,
            0.1542411222033944,
            0.0,
            0.0,
            0.0,
            0.0,
            0.4357125591332137,
            0.0,
            0.0,
            0.0,
            0.0,
            0.8124563167104728,
            0.0,
            0.0,
            0.0,
            0.0,
            1.0000000000000004,
            0.0,
            0.0,
            0.0,
            0.0,
            0.8124563167104725,
            0.0,
            0.0,
            0.0,
            0.0,
            0.4357125591332134,
            0.0,
            0.0
        ],
        [
            -0.31363447714531073,
            -0.19082040384404209,
            0.0,
            -0.422385664564853,
            0.0,
            -0.5202236966476842,
            -0.1714547582565223,
            0.0,
            -0.2882434833092034,
            0.0,
            -0.46985861275470564,
            -0.10253901494617476,
            0.0,
            0.474973125456381,
            0.0,
            0.0,
            0.0,
            0.0,
            1.0000000000000004,
            0.0,
            0.46985861275470564,
            0.10253901494617476,
            0.0,
            0.47497312545638004,
            0.0,
            0.5202236966476841,
            0.1714547582565223,
            0.0,
            -0.28824348330920363,
            0.0
        ],
        [
            0.0,
            0.0,
            0.0,
            0.0,
            0.1542411222033944,
            0.0,
            0.0,
            0.0,
            0.0,
            0.4357125591332137,
            0.0,
            0.0,
            0.0,
            0.0,
            0.8124563167104728,
            0.0,
            0.0,
            0.0,
            0.0,
            1.0000000000000004,
            0.0,
            0.0,
            0.0,
            0.0,
            0.8124563167104725,
            0.0,
            0.0,
            0.0,
            0.0,
            0.4357125591332134
        ],
        [
            0.09650198567979373,
            0.28015292036227113,
            0.0,
            0.12810074212834316,
            0.0,
            0.2532330274222969,
            0.41407359428363033,
            0.0,
            0.3136344771453107,
            0.0,
            0.522861744791941,
            0.5475553489279366,
            0.0,
            0.5202236966476841,
            0.0,
            0.8394310914378805,
            0.6475905457939218,
            0.0,
            0.46985861275470564,
            0.0,
            0.9999999999999999,
            0.6848602514927513,
            0.0,
            0.0,
            0.0,
            0.8394310914378809,
            0.6475905457939218,
            0.0,
            -0.4698586127547057,
            0.0
        ],
        [
            0.28015292036227124,
            0.5725486991197352,
            0.0,
            0.16753330661609553,
            0.0,
            0.41407359428363033,
            0.7307511258578309,
            0.0,
            0.19082040384404222,
            0.0,
            0.5475553489279366,
            0.8698675060725554,
            0.0,
            0.1714547582565225,
            0.0,
            0.6475905457939218,
            0.9657467982884397,
            0.0,
            0.10253901494617476,
            0.0,
            0.6848602514927513,
            1.0000000000000002,
            0.0,
            0.0,
            0.0,
            0.6475905457939218,
            0.9657467982884397,
            0.0,
            -0.10253901494617476,
            0.0
        ],
        [
            0.0,
            0.0,
            0.03604128888142802,
            0.0,
            0.0,
            0.0,
            0.0,
            0.15424112220339434,
            0.0,
            0.0,
            0.0,
            0.0,
            0.4357125591332134,
            0.0,
            0.0,
            0.0,
            0.0,
            0.8124563167104725,
            0.0,
            0.0,
            0.0,
            0.0,
            1.0000000000000004,
            0.0,
            0.0,
            0.0,
            0.0,
            0.8124563167104728,
            0.0,
            0.0
        ],
        [
            -0.12810074212834316,
            -0.1675333066160953,
            0.0,
            -0.20349561053711857,
            0.0,
            -0.3136344771453107,
            -0.19082040384404209,
            0.0,
            -0.42238566456485305,
            0.0,
            -0.5202236966476841,
            -0.1714547582565223,
            0.0,
            -0.28824348330920363,
            0.0,
            -0.46985861275470564,
            -0.10253901494617476,
            0.0,
            0.47497312545638004,
            0.0,
            0.0,
            0.0,
            0.0,
            1.0000000000000004,
            0.0,
            0.46985861275470564,
            0.10253901494617476,
            0.0,
            0.474973125456381,
            0.0
        ],
        [
            0.0,
            0.0,
            0.0,
            0.0,
            0.03604128888142802,
            0.0,
            0.0,
            0.0,
            0.0,
            0.15424112220339434,
            0.0,
            0.0,
            0.0,
            0.0,
            0.4357125591332134,
            0.0,
            0.0,
            0.0,
            0.0,
            0.8124563167104725,
            0.0,
            0.0,
            0.0,
            0.0,
            1.0000000000000004,
            0.0,
            0.0,
            0.0,
            0.0,
            0.8124563167104728
        ],
        [
            0.02915955210954658,
            0.16965538024636875,
            0.0,
            0.03745231479155643,
            0.0,
            0.09650198567979382,
            0.2801529203622713,
            0.0,
            0.12810074212834327,
            0.0,
            0.25323302742229703,
            0.41407359428363033,
            0.0,
            0.31363447714531073,
            0.0,
            0.522861744791941,
            0.5475553489279366,
            0.0,
            0.5202236966476841,
            0.0,
            0.8394310914378809,
            0.6475905457939218,
            0.0,
            0.4698586127547057,
            0.0,
            0.9999999999999999,
            0.6848602514927513,
            0.0,
            0.0,
            0.0
        ],
        [
            0.16965538024636875,
            0.4183906064901829,
            0.0,
            0.12237772912422547,
            0.0,
            0.2801529203622713,
            0.5725486991197353,
            0.0,
            0.16753330661609558,
            0.0,
            0.41407359428363033,
            0.7307511258578309,
            0.0,
            0.19082040384404228,
            0.0,
            0.5475553489279366,
            0.8698675060725554,
            0.0,
            0.17145475825652232,
            0.0,
            0.6475905457939218,
            0.9657467982884397,
            0.0,
            0.10253901494617476,
            0.0,
            0.6848602514927513,
            1.0000000000000002,
            0.0,
            0.0,
            0.0
        ],
        [
            0.0,
            0.0,
            0.0055590488427281854,
            0.0,
            0.0,
            0.0,
            0.0,
            0.036041288881428074,
            0.0,
            0.0,
            0.0,
            0.0,
            0.1542411222033944,
            0.0,
            0.0,
            0.0,
            0.0,
            0.4357125591332134,
            0.0,
            0.0,
            0.0,
            0.0,
            0.8124563167104728,
            0.0,
            0.0,
            0.0,
            0.0,
            1.0000000000000004,
            0.0,
            0.0
        ],
        [
            -0.037452314791556425,
            -0.12237772912422537,
            0.0,
            -0.0521697639313941,
            0.0,
            -0.12810074212834324,
            -0.1675333066160954,
            0.0,
            -0.20349561053711873,
            0.0,
            -0.31363447714531073,
            -0.19082040384404209,
            0.0,
            -0.422385664564853,
            0.0,
            -0.5202236966476841,
            -0.1714547582565223,
            0.0,
            -0.28824348330920363,
            0.0,
            -0.46985861275470564,
            -0.10253901494617476,
            0.0,
            0.474973125456381,
            0.0,
            0.0,
            0.0,
            0.0,
            1.0000000000000004,
            0.0
        ],
        [
            0.0,
            0.0,
            0.0,
            0.0,
            0.0055590488427281854,
            0.0,
            0.0,
            0.0,
            0.0,
            0.036041288881428074,
            0.0,
            0.0,
            0.0,
            0.0,
            0.1542411222033944,
            0.0,
            0.0,
            0.0,
            0.0,
            0.4357125591332134,
            0.0,
            0.0,
            0.0,
            0.0,
            0.8124563167104728,
            0.0,
            0.0,
            0.0,
            0.0,
            1.0000000000000004
        ]
    ],
    "h": [
        [
            -0.7362494823356269,
            -0.6813539900754768,
            1.0197996908222496e-17,
            -0.5904861450214884,
            1.552095817739646e-17,
            -1.0281397795947798,
            -0.6954878578145567,
            2.753353875102595e-17,
            -0.1621145786210827,
            3.498758355928407e-17,
            -0.877535844793293,
            -0.6429917224829071,
            3.003888032466417e-17,
            0.49209326659789165,
            3.691090357981495e-17,
            -0.5218141046839906,
            -0.5368578996024369,
            2.0596503045425717e-17,
            0.5875720943676941,
            2.5052403366250884e-17,
            -0.23479740814270517,
            -0.4047015081928801,
            1.0693265507767053e-17,
            0.322615087252051,
            1.3014332924467951e-17,
            -0.08685462228746316,
            -0.2764069516223032,
            4.793535004722157e-18,
            0.10452486323069458,
            5.758566296917932e-18
        ],
        [
            -0.6813539900754768,
            -0.4432101450334671,
            1.1410965480648761e-17,
            -0.4002937380070295,
            1.747991179553299e-17,
            -0.8191741205734611,
            -0.49656260144524045,
            3.1273553903114816e-17,
            -0.039317872818766315,
            4.013904355341173e-17,
            -0.7570111021358661,
            -0.5079530102654342,
            3.8141699599171557e-17,
            0.23227500059283435,
            4.648239654995279e-17,
            -0.5972392555147803,
            -0.47655082530572024,
            2.947409936453068e-17,
            0.28671737014435084,
            3.520600204958944e-17,
            -0.42692385192783855,
            -0.4124726018524487,
            1.6818702905015673e-17,
            0.25010911691807813,
            2.023689590321213e-17,
            -0.2764069516273876,
            -0.33144872212300125,
            7.933930417901946e-18,
            0.20563151502429056,
            9.816181828744981e-18
        ],
        [
            1.0197996908222496e-17,
            1.1410965480648761e-17,
            1.3192465301992382,
            1.9162977292495682e-17,
            -3.5924007719873434e-33,
            2.1012635584051092e-17,
            1.5999616289167412e-17,
            0.8525884703600652,
            1.2111850152992381e-17,
            -5.573185674096947e-34,
            2.653077440168357e-17,
            1.850867807118123e-17,
            0.21787889546612105,
            3.38210129958563e-18,
            4.005886680565757e-34,
            2.6365180637835574e-17,
            1.844956658958874e-17,
            -0.0512914733903414,
            -4.206374246042772e-18,
            1.6291809724953728e-34,
            2.092515170357403e-17,
            1.6126332432861103e-17,
            -0.0525944120050673,
            -1.1563285925577289e-17,
            8.005638855309651e-35,
            1.2444639358217009e-17,
            1.241207232007718e-17,
            -0.01619922264365541,
            -1.3392815636905984e-17,
            8.195579813796113e-35
        ],
        [
            -0.5904861450214884,
            -0.4002937380070295,
            1.9162977292495682e-17,
            0.6787420505172546,
            2.775681602936016e-17,
            -0.46776209181022566,
            -0.4336027168956228,
            1.0204114405673128e-17,
            -0.09588201079160452,
            1.4550404475791262e-17,
            -0.649157255495517,
            -0.4249546855511396,
            -8.663555622048288e-18,
            -0.35727215830695225,
            -9.268485353790541e-18,
            -0.6021753870682973,
            -0.3759623625904588,
            -1.6264413922306637e-17,
            0.2853782575899686,
            -1.8788408556533674e-17,
            -0.33315074266459493,
            -0.29700155191763145,
            -1.0505424057895907e-17,
            0.5089495919278035,
            -1.2636342230437172e-17,
            -0.10452486323532356,
            -0.20563151502861804,
            -3.4850737065754106e-18,
            0.2572869196482155,
            -4.61948391908725e-18
        ],
        [
            1.552095817739646e-17,
            1.747991179553299e-17,
            -3.5924007719873434e-33,
            2.775681602936016e-17,
            1.319246530199238,
            3.246099735164942e-17,
            2.4363411122630015e-17,
            -6.537333013625299e-34,
            2.225799585141911e-17,
            0.8525884703600652,
            4.278302226687018e-17,
            2.8594710742978705e-17,
            2.1031285660742702e-34,
            8.387586496338818e-18,
            0.21787889546612105,
            4.344337887958156e-17,
            2.921483198112777e-17,
            3.702225411602839e-35,
            -6.748757433573091e-18,
            -0.05129147339034146,
            3.499628039318438e-17,
            2.636935950368078e-17,
            6.424601344775986e-35,
            -1.8925978522571204e-17,
            -0.0525944120050673,
            2.1651497088834e-17,
            2.1143649809428717e-17,
            1.193011957087589e-34,
            -2.1296104852543033e-17,
            -0.01619922264365541
        ],
        [
            -1.0281397795947798,
            -0.8191741205734611,
            2.1012635584051092e-17,
            -0.46776209181022566,
            3.246099735164942e-17,
            -1.187126683478683,
            -0.8773521737240126,
            2.7262325773756356e-17,
            -0.19963951081871867,
            3.805764343310954e-17,
            -1.2302349637758194,
            -0.852399880467821,
            1.920780212867776e-17,
            0.20721199560893844,
            2.5517317178004117e-17,
            -0.9412307008493719,
            -0.7497911905256389,
            8.087540373894032e-18,
            0.6120078179129467,
            1.0334975018234613e-17,
            -0.5367496255115097,
            -0.5958755118433814,
            3.272704094026985e-18,
            0.6017205934897012,
            3.864375007827052e-18,
            -0.2347974081470433,
            -0.42692385192809346,
            2.300005044814903e-18,
            0.3331507426644953,
            2.569760972440097e-18
        ],
        [
            -0.6954878578145567,
            -0.49656260144524045,
            1.5999616289167412e-17,
            -0.4336027168956228,
            2.4363411122630015e-17,
            -0.8773521737240126,
            -0.5604440298078375,
            3.550594533371908e-17,
            -0.14316123278358966,
            4.6674892777728135e-17,
            -0.8805790564945855,
            -0.5831259614786268,
            4.174398098999247e-17,
            0.1268135611540667,
            5.169180855465238e-17,
            -0.7656251108042733,
            -0.560350423420555,
            3.2773889782039177e-17,
            0.24671858614831554,
            3.9372853132729546e-17,
            -0.5958755118435364,
            -0.4987464102695258,
            1.945706202232954e-17,
            0.2924783912721086,
            2.3320973489769017e-17,
            -0.40470150819590167,
            -0.4124726018503799,
            9.582566883320581e-18,
            0.2970015519174928,
            1.1746854111744043e-17
        ],
        [
            2.753353875102595e-17,
            3.1273553903114816e-17,
            0.8525884703600652,
            1.0204114405673128e-17,
            -6.537333013625299e-34,
            2.7262325773756356e-17,
            3.550594533371908e-17,
            1.1297222731625556,
            -1.3104921572896499e-17,
            -8.609576256890029e-33,
            2.0144032316604985e-17,
            3.801934001426918e-17,
            0.752910500679348,
            -9.44346021851777e-18,
            -1.4568878803679804e-32,
            2.3769850785049944e-17,
            3.8794608591165507e-17,
            0.18835690260908167,
            1.803799341017989e-17,
            -1.323021355264249e-32,
            3.56335714805633e-17,
            3.78450235305003e-17,
            -0.05580840640290846,
            1.9444495273277857e-17,
            -7.737220762373391e-33,
            3.856989007460956e-17,
            3.511584189028031e-17,
            -0.0525944120069743,
            -5.515922857011977e-18,
            -3.251541185256959e-33
        ],
        [
            -0.1621145786210827,
            -0.039317872818766315,
            1.2111850152992381e-17,
            -0.09588201079160452,
            2.225799585141911e-17,
            -0.19963951081871867,
            -0.14316123278358966,
            -1.3104921572896499e-17,
            0.0777675738772805,
            -7.74409532089497e-18,
            -0.370163006230245,
            -0.23448978307198748,
            -2.7764384045885597e-17,
            -0.4493006232568053,
            -2.99153310163265e-17,
            -0.6540276252110613,
            -0.28866744555685386,
            -2.6498724769714188e-17,
            -0.3619116416665883,
            -3.1655367450762866e-17,
            -0.6017205934941648,
            -0.29247839127630604,
            -1.60788005223854e-17,
            0.3449103181421196,
            -1.9741177190677044e-17,
            -0.32261508725489885,
            -0.2501091169273799,
            -6.117384860766909e-18,
            0.5089495919364379,
            -7.40819216971142e-18
        ],
        [
            3.498758355928407e-17,
            4.013904355341173e-17,
            -5.573185674096947e-34,
            1.4550404475791262e-17,
            0.8525884703600652,
            3.805764343310954e-17,
            4.6674892777728135e-17,
            -8.609576256890029e-33,
            -7.74409532089497e-18,
            1.1297222731625554,
            3.488863639999697e-17,
            5.1175860601071427e-17,
            -1.4436397369365356e-32,
            -2.3807231852796725e-18,
            0.752910500679348,
            4.2411383357717e-17,
            5.3174255934829164e-17,
            -1.2717892930037516e-32,
            2.313515724726411e-17,
            0.18835690260908167,
            5.526371058071402e-17,
            5.232841699698443e-17,
            -6.992900944126896e-33,
            1.7188690026793516e-17,
            -0.05580840640290835,
            5.464440301037591e-17,
            4.8491821117136144e-17,
            -2.6564374712383915e-33,
            -1.4325947377732093e-17,
            -0.0525944120069743
        ],
        [
            -0.877535844793293,
            -0.7570111021358661,
            2.653077440168357e-17,
            -0.649157255495517,
            4.278302226687018e-17,
            -1.2302349637758194,
            -0.8805790564945855,
            2.0144032316604985e-17,
            -0.370163006230245,
            3.488863639999697e-17,
            -1.3077461720147205,
            -0.9281883035519067,
            7.769924998752203e-18,
            -0.04704898370994627,
            1.506769328729726e-17,
            -1.2770291765931967,
            -0.8862419866323745,
            5.477968153918027e-20,
            0.3098216198523793,
            1.2623043609848312e-18,
            -0.941230700851972,
            -0.7656251108065724,
            -5.328180632993281e-19,
            0.6540276252111004,
            -9.480099276042776e-19,
            -0.5218141046870336,
            -0.5972392555192807,
            1.1391407916854303e-18,
            0.6021753870745874,
            1.3230944866455778e-18
        ],
        [
            -0.6429917224829071,
            -0.5079530102654342,
            1.850867807118123e-17,
            -0.4249546855511396,
            2.8594710742978705e-17,
            -0.852399880467821,
            -0.5831259614786268,
            3.801934001426918e-17,
            -0.23448978307198748,
            5.1175860601071427e-17,
            -0.9281883035519067,
            -0.6204660159159596,
            4.495786185421169e-17,
            -0.01199123838413324,
            5.663199830702024e-17,
            -0.8862419866321081,
            -0.6121047703072091,
            3.669938685899897e-17,
            0.14828347388485008,
            4.452100893220839e-17,
            -0.7497911905263002,
            -0.5603504234191865,
            2.2806133764214908e-17,
            0.28866744555848034,
            2.7399488829160375e-17,
            -0.5368578996030614,
            -0.4765508253023123,
            1.1592925035316147e-17,
            0.3759623625941395,
            1.4131245594373848e-17
        ],
        [
            3.003888032466417e-17,
            3.8141699599171557e-17,
            0.21787889546612105,
            -8.663555622048288e-18,
            2.1031285660742702e-34,
            1.920780212867776e-17,
            4.174398098999247e-17,
            0.752910500679348,
            -2.7764384045885597e-17,
            -1.4436397369365356e-32,
            7.769924998752203e-18,
            4.495786185421169e-17,
            1.059207117083167,
            -6.300955817328276e-18,
            -2.3947021454815657e-32,
            1.8689207098888582e-17,
            4.7810697290150086e-17,
            0.7273391451637679,
            3.817841659511175e-17,
            -2.13147490685305e-32,
            4.4612898530003476e-17,
            4.956966244493118e-17,
            0.18835690260263505,
            4.0989803944276596e-17,
            -1.2625321099739741e-32,
            5.638148235902605e-17,
            4.9042584020834667e-17,
            -0.05129147339420803,
            6.884008173474261e-19,
            -5.502363929756379e-33
        ],
        [
            0.49209326659789165,
            0.23227500059283435,
            3.38210129958563e-18,
            -0.35727215830695225,
            8.387586496338818e-18,
            0.20721199560893844,
            0.1268135611540667,
            -9.44346021851777e-18,
            -0.4493006232568053,
            -2.3807231852796725e-18,
            -0.04704898370994627,
            -0.01199123838413324,
            -6.300955817328276e-18,
            -0.2195821237861484,
            -1.0858288224520626e-18,
            -0.3098216198591943,
            -0.14828347389092417,
            3.3989913602713548e-18,
            -0.4899523744329102,
            5.199316827044984e-18,
            -0.6120078179173141,
            -0.24671858615450493,
            4.991232595679776e-18,
            -0.3619116416556818,
            5.595212406393101e-18,
            -0.5875720943643999,
            -0.2867173701499607,
            2.310496459145247e-18,
            0.28537825759966573,
            3.6209241980692156e-18
        ],
        [
            3.691090357981495e-17,
            4.648239654995279e-17,
            4.005886680565757e-34,
            -9.268485353790541e-18,
            0.21787889546612105,
            2.5517317178004117e-17,
            5.169180855465238e-17,
            -1.4568878803679804e-32,
            -2.99153310163265e-17,
            0.752910500679348,
            1.506769328729726e-17,
            5.663199830702024e-17,
            -2.3947021454815657e-32,
            -1.0858288224520626e-18,
            1.059207117083167,
            3.1689600892420465e-17,
            6.106771117906828e-17,
            -2.0683759661547302e-32,
            5.060829278227034e-17,
            0.7273391451637754,
            6.368253774117036e-17,
            6.380661449925561e-17,
            -1.1535141570350222e-32,
            4.748931775243296e-17,
            0.18835690260263505,
            7.549237945358027e-17,
            6.32189214672808e-17,
            -4.5939360580169225e-33,
            -5.18148939738834e-18,
            -0.05129147339420803
        ],
        [
            -0.5218141046839906,
            -0.5972392555147803,
            2.6365180637835574e-17,
            -0.6021753870682973,
            4.344337887958156e-17,
            -0.9412307008493719,
            -0.7656251108042733,
            2.3769850785049944e-17,
            -0.6540276252110613,
            4.2411383357717e-17,
            -1.2770291765931967,
            -0.8862419866321081,
            1.8689207098888582e-17,
            -0.3098216198591943,
            3.1689600892420465e-17,
            -1.3077461720173988,
            -0.9281883035532372,
            1.5081992024778948e-17,
            0.047048983706749425,
            2.101040681419985e-17,
            -1.2302349637773635,
            -0.8805790564964586,
            1.0875219980369374e-17,
            0.3701630062387451,
            1.3258313413201282e-17,
            -0.8775358447906387,
            -0.7570111021379764,
            6.413815256568456e-18,
            0.6491572555050829,
            8.289847435758779e-18
        ],
        [
            -0.5368578996024369,
            -0.47655082530572024,
            1.844956658958874e-17,
            -0.3759623625904588,
            2.921483198112777e-17,
            -0.7497911905256389,
            -0.560350423420555,
            3.8794608591165507e-17,
            -0.28866744555685386,
            5.3174255934829164e-17,
            -0.8862419866323745,
            -0.6121047703072091,
            4.7810697290150086e-17,
            -0.14828347389092417,
            6.106771117906828e-17,
            -0.9281883035532372,
            -0.6204660159139563,
            4.0981928468507867e-17,
            0.011991238381630007,
            5.0303491327088325e-17,
            -0.8523998804673947,
            -0.5831259614748285,
            2.648179515939961e-17,
