{
    "HF": -3.1133269742306764,
    "coordinates": [
        [
            0.0,
            0.0,
            0.0
        ],
        [
            1.3,
            0.0,
            0.0
        ],
        [
            2.6,
            0.0,
            0.0
        ],
        [
            3.9,
            0.0,
            0.0
        ],
        [
            5.2,
            0.0,
            0.0
        ],
        [
            6.5,
            0.0,
            0.0
        ]
    ],
    "elements": [
        "H",
        "H",
        "H",
        "H",
        "H",
        "H"
    ],
    "Enn": 3.5414167192338457,
    "S": [
        [
            0.9999999999999999,
            0.6848602514927513,
            0.0,
            0.0,
            0.0,
            0.20341962943319042,
            0.37947340341335833,
            0.0,
            -0.25907519526435085,
            0.0,
            0.0031342538465547205,
            0.06501588099884364,
            0.0,
            -0.0031725267063155583,
            0.0,
            3.7769358537919044e-06,
            0.0034982248943857073,
            0.0,
            -1.1523556972666634e-06,
            0.0,
            3.151379842013523e-10,
            5.982234906419181e-05,
            0.0,
            -1.333167088660891e-11,
            0.0,
            1.797400875534157e-15,
            3.259007543631785e-07,
            0.0,
            -5.175723892807061e-18,
            0.0
        ],
        [
            0.6848602514927513,
            1.0000000000000002,
            0.0,
            0.0,
            0.0,
            0.37947340341335833,
            0.6920195495987379,
            0.0,
            -0.18831370143249498,
            0.0,
            0.06501588099884364,
            0.2293366445002841,
            0.0,
            -0.05681598947035369,
            0.0,
            0.0034982248943857073,
            0.0363969734023119,
            0.0,
            -0.0036432832058088008,
            0.0,
            5.982234906419181e-05,
            0.00276626521504316,
            0.0,
            -5.884847406877411e-05,
            0.0,
            3.259007543631785e-07,
            0.00010068368145566666,
            0.0,
            -2.5253477824357927e-07,
            0.0
        ],
        [
            0.0,
            0.0,
            1.0000000000000004,
            0.0,
            0.0,
            0.0,
            0.0,
            0.11149687799704754,
            0.0,
            0.0,
            0.0,
            0.0,
            0.00015454352995908398,
            0.0,
            0.0,
            0.0,
            0.0,
            2.662958280731713e-09,
            0.0,
            0.0,
            0.0,
            0.0,
            5.704312523793872e-16,
            0.0,
            0.0,
            0.0,
            0.0,
            1.5190346271118447e-24,
            0.0,
            0.0
        ],
        [
            0.0,
            0.0,
            0.0,
            1.0000000000000004,
            0.0,
            0.2590751952643508,
            0.1883137014324948,
            0.0,
            -0.37769761169634813,
            0.0,
            0.0031725267063155553,
            0.05681598947035359,
            0.0,
            -0.0025577061628350786,
            0.0,
            1.1523556972666632e-06,
            0.003643283205808799,
            0.0,
            -1.0249102329771782e-07,
            0.0,
            1.3331670886608856e-11,
            5.884847406877396e-05,
            0.0,
            -3.947400126280379e-14,
            0.0,
            5.175723892807024e-18,
            2.5253477824357864e-07,
            0.0,
            -1.6510073594087077e-22,
            0.0
        ],
        [
            0.0,
            0.0,
            0.0,
            0.0,
            1.0000000000000004,
            0.0,
            0.0,
            0.0,
            0.0,
            0.11149687799704754,
            0.0,
            0.0,
            0.0,
            0.0,
            0.00015454352995908398,
            0.0,
            0.0,
            0.0,
            0.0,
            2.662958280731713e-09,
            0.0,
            0.0,
            0.0,
            0.0,
            5.704312523793872e-16,
            0.0,
            0.0,
            0.0,
            0.0,
            1.5190346271118447e-24
        ],
        [
            0.20341962943319042,
            0.37947340341335833,
            0.0,
            0.25907519526435085,
            0.0,
            0.9999999999999999,
            0.6848602514927513,
            0.0,
            0.0,
            0.0,
            0.20341962943319042,
            0.37947340341335833,
            0.0,
            -0.2590751952643509,
            0.0,
            0.003134253846554723,
            0.06501588099884367,
            0.0,
            -0.0031725267063155596,
            0.0,
            3.776935853791891e-06,
            0.003498224894385701,
            0.0,
            -1.1523556972666596e-06,
            0.0,
            3.151379842013523e-10,
            5.982234906419181e-05,
            0.0,
            -1.3331670886608906e-11,
            0.0
        ],
        [
            0.37947340341335833,
            0.6920195495987379,
            0.0,
            0.18831370143249498,
            0.0,
            0.6848602514927513,
            1.0000000000000002,
            0.0,
            0.0,
            0.0,
            0.37947340341335833,
            0.6920195495987379,
            0.0,
            -0.1883137014324952,
            0.0,
            0.06501588099884367,
            0.22933664450028424,
            0.0,
            -0.05681598947035365,
            0.0,
            0.003498224894385701,
            0.036396973402311864,
            0.0,
            -0.0036432832058087973,
            0.0,
            5.982234906419181e-05,
            0.00276626521504316,
            0.0,
            -5.884847406877411e-05,
            0.0
        ],
        [
            0.0,
            0.0,
            0.11149687799704754,
            0.0,
            0.0,
            0.0,
            0.0,
            1.0000000000000004,
            0.0,
            0.0,
            0.0,
            0.0,
            0.11149687799704754,
            0.0,
            0.0,
            0.0,
            0.0,
            0.00015454352995908452,
            0.0,
            0.0,
            0.0,
            0.0,
            2.662958280731694e-09,
            0.0,
            0.0,
            0.0,
            0.0,
            5.704312523793872e-16,
            0.0,
            0.0
        ],
        [
            -0.25907519526435074,
            -0.1883137014324947,
            0.0,
            -0.37769761169634813,
            0.0,
            0.0,
            0.0,
            0.0,
            1.0000000000000004,
            0.0,
            0.25907519526435074,
            0.1883137014324947,
            0.0,
            -0.37769761169634813,
            0.0,
            0.0031725267063155626,
            0.056815989470353635,
            0.0,
            -0.0025577061628350873,
            0.0,
            1.1523556972666554e-06,
            0.003643283205808792,
            0.0,
            -1.024910232977171e-07,
            0.0,
            1.3331670886608858e-11,
            5.8848474068773966e-05,
            0.0,
            -3.947400126280379e-14,
            0.0
        ],
        [
            0.0,
            0.0,
            0.0,
            0.0,
            0.11149687799704754,
            0.0,
            0.0,
            0.0,
            0.0,
            1.0000000000000004,
            0.0,
            0.0,
            0.0,
            0.0,
            0.11149687799704754,
            0.0,
            0.0,
            0.0,
            0.0,
            0.00015454352995908452,
            0.0,
            0.0,
            0.0,
            0.0,
            2.662958280731694e-09,
            0.0,
            0.0,
            0.0,
            0.0,
            5.704312523793872e-16
        ],
        [
            0.0031342538465547205,
            0.06501588099884364,
            0.0,
            0.0031725267063155583,
            0.0,
            0.20341962943319042,
            0.37947340341335833,
            0.0,
            0.2590751952643509,
            0.0,
            0.9999999999999999,
            0.6848602514927513,
            0.0,
            0.0,
            0.0,
            0.20341962943319064,
            0.3794734034133585,
            0.0,
            -0.2590751952643509,
            0.0,
            0.0031342538465547205,
            0.06501588099884364,
            0.0,
            -0.0031725267063155587,
            0.0,
            3.7769358537919044e-06,
            0.0034982248943857073,
            0.0,
            -1.1523556972666632e-06,
            0.0
        ],
        [
            0.06501588099884364,
            0.2293366445002841,
            0.0,
            0.05681598947035369,
            0.0,
            0.37947340341335833,
            0.6920195495987379,
            0.0,
            0.18831370143249498,
            0.0,
            0.6848602514927513,
            1.0000000000000002,
            0.0,
            0.0,
            0.0,
            0.3794734034133585,
            0.6920195495987382,
            0.0,
            -0.18831370143249485,
            0.0,
            0.06501588099884364,
            0.2293366445002841,
            0.0,
            -0.05681598947035376,
            0.0,
            0.0034982248943857073,
            0.0363969734023119,
            0.0,
            -0.0036432832058088008,
            0.0
        ],
        [
            0.0,
            0.0,
            0.00015454352995908398,
            0.0,
            0.0,
            0.0,
            0.0,
            0.11149687799704754,
            0.0,
            0.0,
            0.0,
            0.0,
            1.0000000000000004,
            0.0,
            0.0,
            0.0,
            0.0,
            0.11149687799704772,
            0.0,
            0.0,
            0.0,
            0.0,
            0.00015454352995908398,
            0.0,
            0.0,
            0.0,
            0.0,
            2.662958280731713e-09,
            0.0,
            0.0
        ],
        [
            -0.003172526706315555,
            -0.05681598947035356,
            0.0,
            -0.0025577061628350786,
            0.0,
            -0.25907519526435074,
            -0.1883137014324947,
            0.0,
            -0.37769761169634813,
            0.0,
            0.0,
            0.0,
            0.0,
            1.0000000000000004,
            0.0,
            0.25907519526435097,
            0.18831370143249482,
            0.0,
            -0.37769761169634836,
            0.0,
            0.003172526706315555,
            0.05681598947035356,
            0.0,
            -0.0025577061628350786,
            0.0,
            1.1523556972666632e-06,
            0.0036432832058088003,
            0.0,
            -1.0249102329771782e-07,
            0.0
        ],
        [
            0.0,
            0.0,
            0.0,
            0.0,
            0.00015454352995908398,
            0.0,
            0.0,
            0.0,
            0.0,
            0.11149687799704754,
            0.0,
            0.0,
            0.0,
            0.0,
            1.0000000000000004,
            0.0,
            0.0,
            0.0,
            0.0,
            0.11149687799704772,
            0.0,
            0.0,
            0.0,
            0.0,
            0.00015454352995908398,
            0.0,
            0.0,
            0.0,
            0.0,
            2.662958280731713e-09
        ],
        [
            3.7769358537919044e-06,
            0.0034982248943857073,
            0.0,
            1.1523556972666634e-06,
            0.0,
            0.003134253846554723,
            0.06501588099884367,
            0.0,
            0.0031725267063155596,
            0.0,
            0.20341962943319064,
            0.3794734034133585,
            0.0,
            0.2590751952643509,
            0.0,
            0.9999999999999999,
            0.6848602514927513,
            0.0,
            0.0,
            0.0,
            0.2034196294331902,
            0.3794734034133581,
            0.0,
            -0.2590751952643505,
            0.0,
            0.0031342538465547205,
            0.06501588099884364,
            0.0,
            -0.0031725267063155587,
            0.0
        ],
        [
            0.0034982248943857073,
            0.0363969734023119,
            0.0,
            0.0036432832058088008,
            0.0,
            0.06501588099884367,
            0.22933664450028424,
            0.0,
            0.05681598947035365,
            0.0,
            0.3794734034133585,
            0.6920195495987382,
            0.0,
            0.18831370143249485,
            0.0,
            0.6848602514927513,
            1.0000000000000002,
            0.0,
            0.0,
            0.0,
            0.3794734034133581,
            0.6920195495987378,
            0.0,
            -0.18831370143249518,
            0.0,
            0.06501588099884364,
            0.2293366445002841,
            0.0,
            -0.05681598947035362,
            0.0
        ],
        [
            0.0,
            0.0,
            2.662958280731713e-09,
            0.0,
            0.0,
            0.0,
            0.0,
            0.00015454352995908452,
            0.0,
            0.0,
            0.0,
            0.0,
            0.11149687799704772,
            0.0,
            0.0,
            0.0,
            0.0,
            1.0000000000000004,
            0.0,
            0.0,
            0.0,
            0.0,
            0.11149687799704738,
            0.0,
            0.0,
            0.0,
            0.0,
            0.00015454352995908398,
            0.0,
            0.0
        ],
        [
            -1.1523556972666632e-06,
            -0.0036432832058088003,
            0.0,
            -1.0249102329771782e-07,
            0.0,
            -0.0031725267063155626,
            -0.056815989470353635,
            0.0,
            -0.002557706162835087,
            0.0,
            -0.25907519526435097,
            -0.18831370143249482,
            0.0,
            -0.37769761169634836,
            0.0,
            0.0,
            0.0,
            0.0,
            1.0000000000000004,
            0.0,
            0.2590751952643505,
            0.18831370143249465,
            0.0,
            -0.3776976116963479,
            0.0,
            0.0031725267063155566,
            0.05681598947035356,
            0.0,
            -0.002557706162835079,
            0.0
        ],
        [
            0.0,
            0.0,
            0.0,
            0.0,
            2.662958280731713e-09,
            0.0,
            0.0,
            0.0,
            0.0,
            0.00015454352995908452,
            0.0,
            0.0,
            0.0,
            0.0,
            0.11149687799704772,
            0.0,
            0.0,
            0.0,
            0.0,
            1.0000000000000004,
            0.0,
            0.0,
            0.0,
            0.0,
            0.11149687799704738,
            0.0,
            0.0,
            0.0,
            0.0,
            0.00015454352995908398
        ],
        [
            3.151379842013523e-10,
            5.982234906419181e-05,
            0.0,
            1.333167088660891e-11,
            0.0,
            3.776935853791891e-06,
            0.003498224894385701,
            0.0,
            1.1523556972666596e-06,
            0.0,
            0.0031342538465547205,
            0.06501588099884364,
            0.0,
            0.0031725267063155587,
            0.0,
            0.2034196294331902,
            0.3794734034133581,
            0.0,
            0.2590751952643505,
            0.0,
            0.9999999999999999,
            0.6848602514927513,
            0.0,
            0.0,
            0.0,
            0.20341962943319064,
            0.3794734034133585,
            0.0,
            -0.25907519526435113,
            0.0
        ],
        [
            5.982234906419181e-05,
            0.00276626521504316,
            0.0,
            5.884847406877411e-05,
            0.0,
            0.003498224894385701,
            0.036396973402311864,
            0.0,
            0.0036432832058087973,
            0.0,
            0.06501588099884364,
            0.2293366445002841,
            0.0,
            0.05681598947035369,
            0.0,
            0.3794734034133581,
            0.6920195495987378,
            0.0,
            0.18831370143249518,
            0.0,
            0.6848602514927513,
            1.0000000000000002,
            0.0,
            0.0,
            0.0,
            0.3794734034133585,
            0.6920195495987382,
            0.0,
            -0.18831370143249437,
            0.0
        ],
        [
            0.0,
            0.0,
            5.704312523793872e-16,
            0.0,
            0.0,
            0.0,
            0.0,
            2.662958280731694e-09,
            0.0,
            0.0,
            0.0,
            0.0,
            0.00015454352995908398,
            0.0,
            0.0,
            0.0,
            0.0,
            0.11149687799704738,
            0.0,
            0.0,
            0.0,
            0.0,
            1.0000000000000004,
            0.0,
            0.0,
            0.0,
            0.0,
            0.11149687799704772,
            0.0,
            0.0
        ],
        [
            -1.3331670886608855e-11,
            -5.884847406877393e-05,
            0.0,
            -3.947400126280379e-14,
            0.0,
            -1.1523556972666554e-06,
            -0.0036432832058087934,
            0.0,
            -1.024910232977171e-07,
            0.0,
            -0.003172526706315555,
            -0.05681598947035356,
            0.0,
            -0.0025577061628350786,
            0.0,
            -0.2590751952643505,
            -0.18831370143249512,
            0.0,
            -0.3776976116963479,
            0.0,
            0.0,
            0.0,
            0.0,
            1.0000000000000004,
            0.0,
            0.2590751952643512,
            0.1883137014324953,
            0.0,
            -0.37769761169634836,
            0.0
        ],
        [
            0.0,
            0.0,
            0.0,
            0.0,
            5.704312523793872e-16,
            0.0,
            0.0,
            0.0,
            0.0,
            2.662958280731694e-09,
            0.0,
            0.0,
            0.0,
            0.0,
            0.00015454352995908398,
            0.0,
            0.0,
            0.0,
            0.0,
            0.11149687799704738,
            0.0,
            0.0,
            0.0,
            0.0,
            1.0000000000000004,
            0.0,
            0.0,
            0.0,
            0.0,
            0.11149687799704772
        ],
        [
            1.797400875534157e-15,
            3.259007543631785e-07,
            0.0,
            5.175723892807061e-18,
            0.0,
            3.151379842013523e-10,
            5.982234906419181e-05,
            0.0,
            1.3331670886608906e-11,
            0.0,
            3.7769358537919044e-06,
            0.0034982248943857073,
            0.0,
            1.1523556972666634e-06,
            0.0,
            0.0031342538465547205,
            0.06501588099884364,
            0.0,
            0.0031725267063155587,
            0.0,
            0.20341962943319064,
            0.3794734034133585,
            0.0,
            0.25907519526435113,
            0.0,
            0.9999999999999999,
            0.6848602514927513,
            0.0,
            0.0,
            0.0
        ],
        [
            3.259007543631785e-07,
            0.00010068368145566666,
            0.0,
            2.5253477824357927e-07,
            0.0,
            5.982234906419181e-05,
            0.00276626521504316,
            0.0,
            5.8848474068774074e-05,
            0.0,
            0.0034982248943857073,
            0.0363969734023119,
            0.0,
            0.0036432832058088008,
            0.0,
            0.06501588099884364,
            0.2293366445002841,
            0.0,
            0.05681598947035376,
            0.0,
            0.3794734034133585,
            0.6920195495987382,
            0.0,
            0.18831370143249532,
            0.0,
            0.6848602514927513,
            1.0000000000000002,
            0.0,
            0.0,
            0.0
        ],
        [
            0.0,
            0.0,
            1.5190346271118447e-24,
            0.0,
            0.0,
            0.0,
            0.0,
            5.704312523793872e-16,
            0.0,
            0.0,
            0.0,
            0.0,
            2.662958280731713e-09,
            0.0,
            0.0,
            0.0,
            0.0,
            0.00015454352995908398,
            0.0,
            0.0,
            0.0,
            0.0,
            0.11149687799704772,
            0.0,
            0.0,
            0.0,
            0.0,
            1.0000000000000004,
            0.0,
            0.0
        ],
        [
            -5.175723892807024e-18,
            -2.5253477824357864e-07,
            0.0,
            -1.6510073594087077e-22,
            0.0,
            -1.3331670886608855e-11,
            -5.884847406877393e-05,
            0.0,
            -3.947400126280379e-14,
            0.0,
            -1.1523556972666632e-06,
            -0.0036432832058088003,
            0.0,
            -1.0249102329771782e-07,
            0.0,
            -0.0031725267063155566,
            -0.05681598947035356,
            0.0,
            -0.002557706162835079,
            0.0,
            -0.2590751952643512,
            -0.1883137014324953,
            0.0,
            -0.37769761169634836,
            0.0,
            0.0,
            0.0,
            0.0,
            1.0000000000000004,
            0.0
        ],
        [
            0.0,
            0.0,
            0.0,
            0.0,
            1.5190346271118447e-24,
            0.0,
            0.0,
            0.0,
            0.0,
            5.704312523793872e-16,
            0.0,
            0.0,
            0.0,
            0.0,
            2.662958280731713e-09,
            0.0,
            0.0,
            0.0,
            0.0,
            0.00015454352995908398,
            0.0,
            0.0,
            0.0,
            0.0,
            0.11149687799704772,
            0.0,
            0.0,
            0.0,
            0.0,
            1.0000000000000004
        ]
    ],
    "h": [
        [
            -0.07800576081106736,
            -0.3577058254790033,
            -4.721062634736764e-18,
            -0.07969468237115913,
            -7.31737839769327e-18,
            -0.31664752956639,
            -0.3234064493065872,
            -1.814356430199407e-18,
            0.1206695920563084,
            4.6470040865456814e-18,
            -0.028555939867319892,
            -0.10758260977122362,
            5.533224209717316e-20,
            0.051282967009862256,
            5.02849935294875e-19,
            0.01950665922533767,
            0.0025033057323733746,
            9.428700514080828e-20,
            -0.0026778436863415423,
            4.136800559098975e-20,
            0.0018046138278984551,
            0.004766848096218815,
            -8.412675627323034e-21,
            -0.007173011559980719,
            3.6324936609335716e-20,
            -0.0066010881040099575,
            -0.005063744289866431,
            -1.827739696457054e-20,
            0.000501184098189379,
            -1.3947686355689455e-20
        ],
        [
            -0.3577058254790033,
            -0.2557342195438783,
            -2.181596247802081e-18,
            -0.09374273399173509,
            -6.177738985838619e-18,
            -0.34145856759055626,
            -0.2989001988105433,
            -6.056640917906676e-19,
            0.06358432831815386,
            5.136465544188226e-18,
            -0.09141790339358805,
            -0.1525250403352192,
            1.353115131058006e-19,
            0.07381258158295267,
            4.546628934252482e-19,
            0.004761081058647315,
            -0.026460346547955746,
            9.048879087212676e-20,
            0.007991941736571584,
            2.0454159490524295e-20,
            0.0017553437506499152,
            -0.00016840945773684887,
            -1.695733666259278e-20,
            -0.0051169355074265595,
            3.2383785091675013e-20,
            -0.005063744289866421,
            -0.003995060166556484,
            -2.1417553434910262e-20,
            0.0001274953794217998,
            -1.0033563746192341e-20
        ],
        [
            -4.721062634736764e-18,
            -2.181596247802081e-18,
            1.4926789374826737,
            9.920628488651073e-19,
            -4.234204316869367e-33,
            5.772711074730028e-18,
            8.117848505173629e-18,
            -0.013971001943921646,
            6.993945695741629e-18,
            5.365341504900693e-34,
            1.7158257280262968e-17,
            1.7347090451672826e-17,
            -0.0014218970985669683,
            4.644713892708853e-19,
            -2.0192050556148098e-36,
            1.0036964524541146e-17,
            1.1925711714338079e-17,
            0.00020043898549674556,
            -5.2522284420404576e-18,
            -1.4115595436091882e-35,
            -2.2771023103101038e-18,
            4.3468684481982096e-20,
            1.3149119230905343e-05,
            -3.2235498750625738e-18,
            1.1395226690853516e-35,
            -4.7151297877409856e-18,
            -4.615543349757873e-18,
            -2.4085689835871345e-05,
            1.0092858483717358e-18,
            -7.604511913810623e-36
        ],
        [
            -0.07969468237115913,
            -0.09374273399173509,
            9.920628488651073e-19,
            1.4315775832957978,
            -1.559080098783788e-18,
            -0.12159914257774151,
            -0.07794305640266552,
            5.379165819996671e-19,
            -0.2829491580006761,
            2.750227892071407e-18,
            -0.027541885258186197,
            -0.058767674657696646,
            5.1086961577509803e-20,
            0.030997590101231334,
            1.9636650506715094e-19,
            0.002288776591560691,
            -0.008186138080436703,
            2.2035855464915452e-20,
            0.001027942053495002,
            5.179843168433225e-21,
            0.001042733337491792,
            0.0009446208318864292,
            -4.618041370323948e-21,
            -0.0010654291862807297,
            6.705026654608587e-21,
            -0.0005011840981894021,
            -0.00012749537942182662,
            -4.4145734526810355e-21,
            -0.00010834920372711969,
            -8.227657462404964e-22
        ],
        [
            -7.31737839769327e-18,
            -6.177738985838619e-18,
            -4.234204316869367e-33,
            -1.559080098783788e-18,
            1.4926789374826732,
            -1.6439046083758856e-18,
            -3.014119565037536e-19,
            -2.7460636145621297e-34,
            6.047509341817836e-18,
            -0.013971001943921646,
            9.255492295747641e-18,
            8.89486957283315e-18,
            1.122737214364791e-35,
            1.7396162363804788e-18,
            -0.0014218970985669683,
            8.27257422096661e-18,
            9.805258400903477e-18,
            -6.7507920045125535e-37,
            -2.0199559589708797e-18,
            0.00020043898549674556,
            2.8657305718407386e-18,
            4.844133635074305e-18,
            -3.4572759756214985e-38,
            -1.737553751261156e-18,
            1.3149119230905343e-05,
            2.410389786947157e-19,
            1.1208488859886944e-18,
            -3.1903453785457912e-37,
            -4.1092568224066665e-19,
            -2.4085689835871345e-05
        ],
        [
            -0.31664752956639,
            -0.34145856759055626,
            5.772711074730028e-18,
            -0.12159914257774151,
            -1.6439046083758856e-18,
            -0.12716009891090452,
            -0.41441088588477215,
            2.4066287573387092e-18,
            0.023445964921168114,
            5.152389637519885e-18,
            -0.2364277241431098,
            -0.28000360498686727,
            2.708230173730365e-19,
            0.1059061637484553,
            2.1346865230147473e-19,
            -0.02704635523638225,
            -0.0892715780362906,
            3.301372325138801e-20,
            0.02848507096654985,
            -4.538485375363786e-20,
            0.002402943840427454,
            -0.008727518807714052,
            -2.854287659239198e-20,
            0.0015851878302803022,
            7.018140569561516e-21,
            0.0018046138278984413,
            0.0017553437506498866,
            -1.6920381161587446e-20,
            -0.0010427333374918037,
            5.395376669160153e-21
        ],
        [
            -0.3234064493065872,
            -0.2989001988105433,
            8.117848505173629e-18,
            -0.07794305640266552,
            -3.014119565037536e-19,
            -0.41441088588477215,
            -0.3446104049075396,
            2.568886628160236e-18,
            0.022305153972848345,
            4.569777885058754e-18,
            -0.2804811144823486,
            -0.27699638592796727,
            4.688464040214672e-19,
            0.045662849251399296,
            2.968694589652781e-20,
            -0.10510963005413676,
            -0.14894404379569975,
            6.408082843498033e-20,
            0.05876470798783856,
            -4.452165171932852e-20,
            -0.008727518807714024,
            -0.0386584132582013,
            -3.3061069865610305e-20,
            0.0152926298179413,
            -1.5130783165209722e-20,
            0.004766848096218817,
            -0.00016840945773686535,
            -2.0162773058861466e-20,
            -0.0009446208318864412,
            9.57782779131858e-21
        ],
        [
            -1.814356430199407e-18,
            -6.056640917906676e-19,
            -0.013971001943921646,
            5.379165819996671e-19,
            -2.7460636145621297e-34,
            2.4066287573387092e-18,
            2.568886628160236e-18,
            1.4797347594265988,
            1.4652448791503039e-18,
            5.607767342362542e-34,
            4.43102499469474e-18,
            4.0208113960505705e-18,
            -0.012852192319154687,
            -4.660814785266876e-19,
            -7.430069698347757e-35,
            6.730227876859398e-19,
            6.546832382264294e-19,
            -0.0013945743917143211,
            -2.1064993787569755e-18,
            -1.9720050299167425e-35,
            -3.6771911388032515e-18,
            -3.5302815317955405e-18,
            2.089089967854098e-05,
            -8.491905685335029e-19,
            6.239921869392282e-36,
            -3.2907611504501975e-18,
            -3.872153061698763e-18,
            1.3149119230905131e-05,
            9.972510206822837e-19,
            -4.51710785283629e-36
        ],
        [
            0.1206695920563084,
            0.06358432831815386,
            6.993945695741629e-18,
            -0.2829491580006761,
            6.047509341817836e-18,
            0.023445964921168114,
            0.022305153972848345,
            1.4652448791503039e-18,
            1.3604126860655221,
            -3.388940665911005e-18,
            -0.10588223840202132,
            -0.04430461260370255,
            3.103500619013994e-19,
            -0.2991318045801584,
            -5.57628151479985e-19,
            -0.04936273318203953,
            -0.0699297423219769,
            -2.3936091458269663e-20,
            0.0318554198186866,
            -3.1895126954001417e-20,
            -0.0015851878302802994,
            -0.015292629817941283,
            -6.952185083186282e-21,
            0.008960580282402595,
            -2.922279454943055e-20,
            0.00717301155998071,
            0.005116935507426549,
            3.478026885830116e-21,
            -0.0010654291862807175,
            1.365356475510139e-20
        ],
        [
            4.6470040865456814e-18,
            5.136465544188226e-18,
            5.365341504900693e-34,
            2.750227892071407e-18,
            -0.013971001943921646,
            5.152389637519885e-18,
            4.569777885058754e-18,
            5.607767342362542e-34,
            -3.388940665911005e-18,
            1.4797347594265986,
            -1.3368257522376475e-18,
            2.9300338272064773e-19,
            6.984970359207039e-35,
            -1.03870847379361e-18,
            -0.01285219231915466,
            -8.461083539580524e-19,
            -4.845871838738293e-19,
            8.891277767462283e-39,
            9.77378212479271e-19,
            -0.0013945743917143211,
            1.3756648255470052e-18,
            1.2151020626126637e-18,
            -3.839078835368686e-37,
            5.034419111152097e-19,
            2.089089967854098e-05,
            1.4154217355331135e-18,
            1.6019444734268922e-18,
            2.851823520216541e-37,
            -4.0079623198410945e-19,
            1.3149119230905131e-05
        ],
        [
            -0.028555939867319892,
            -0.09141790339358805,
            1.7158257280262968e-17,
            -0.027541885258186197,
            9.255492295747641e-18,
            -0.2364277241431098,
            -0.2804811144823486,
            4.43102499469474e-18,
            -0.10588223840202132,
            -1.3368257522376475e-18,
            -0.12862965401240523,
            -0.4120400133069213,
            7.552446333212866e-19,
            -0.02264346618621712,
            -8.182282334706507e-19,
            -0.31106046633205925,
            -0.33082095858875343,
            1.6082863864380305e-20,
            0.12211900430651468,
            -8.057588278772886e-20,
            -0.027046355236382106,
            -0.10510963005413668,
            -2.1696806657087995e-20,
            0.04936273318203972,
            -1.0718925660260221e-19,
            0.01950665922533778,
            0.004761081058647393,
            5.779807152621669e-22,
            -0.0022887765915606943,
            3.231217189643526e-20
        ],
        [
            -0.10758260977122362,
            -0.1525250403352192,
            1.7347090451672826e-17,
            -0.058767674657696646,
            8.89486957283315e-18,
            -0.28000360498686727,
            -0.27699638592796727,
            4.0208113960505705e-18,
            -0.04430461260370255,
            2.9300338272064773e-19,
            -0.4120400133069213,
            -0.3440332016497989,
            5.931712726843532e-19,
            -0.021560227264862463,
            -8.58773908117471e-19,
            -0.33082095858875377,
            -0.3059926409297471,
            1.6272559612996187e-20,
            0.0638431854261991,
            -1.539451082511844e-19,
            -0.08927157803629024,
            -0.14894404379569953,
            -2.4057765498846793e-20,
            0.06992974232197759,
            -9.484294759439544e-20,
            0.002503305732373536,
            -0.026460346547955572,
            -4.7838029282485584e-21,
            0.008186138080436701,
            2.1511776842272887e-20
        ],
        [
            5.533224209717316e-20,
            1.353115131058006e-19,
            -0.0014218970985669683,
            5.1086961577509803e-20,
            1.122737214364791e-35,
            2.708230173730365e-19,
            4.688464040214672e-19,
            -0.012852192319154687,
            3.103500619013994e-19,
            6.984970359207039e-35,
            7.552446333212866e-19,
            5.931712726843532e-19,
            1.4760579642486034,
            -8.785404414265615e-20,
            -3.273968520573613e-35,
            -9.338266167464613e-20,
            -1.7340375602902345e-19,
            -0.014188299112852382,
            -5.213715574346928e-19,
            -6.668631848082463e-36,
            -1.0404475346215904e-18,
            -1.041867050785758e-18,
            -0.001394574391714318,
            -1.2693631792302895e-19,
            1.5467605998552463e-36,
            -8.011949111981111e-19,
            -9.786838067569273e-19,
            0.0002004389854967464,
            2.6994146808963385e-19,
            -1.0558619563253957e-36
        ],
        [
            0.051282967009862256,
            0.07381258158295267,
            4.644713892708853e-19,
            0.030997590101231334,
            1.7396162363804788e-18,
            0.1059061637484553,
            0.045662849251399296,
            -4.660814785266876e-19,
            -0.2991318045801584,
            -1.03870847379361e-18,
            -0.02264346618621712,
            -0.021560227264862463,
            -8.785404414265615e-20,
            1.3578274888690038,
            -4.4697312720338474e-20,
            -0.12211900430651529,
            -0.06384318542619966,
            -2.806052440482695e-20,
            -0.284182569866955,
            -3.505564865673638e-20,
            -0.02848507096654984,
            -0.05876470798783863,
            4.521938847618842e-21,
            0.03185541981868673,
            -4.291943276450012e-20,
            0.00267784368634165,
            -0.007991941736571506,
            5.817905132726265e-21,
            0.0010279420534949975,
            6.138619475667755e-21
        ],
        [
            5.02849935294875e-19,
            4.546628934252482e-19,
            -2.0192050556148098e-36,
            1.9636650506715094e-19,
            -0.0014218970985669683,
            2.1346865230147473e-19,
            2.968694589652781e-20,
            -7.430069698347757e-35,
            -5.57628151479985e-19,
            -0.01285219231915466,
            -8.182282334706507e-19,
            -8.58773908117471e-19,
            -3.273968520573613e-35,
            -4.4697312720338474e-20,
            1.4760579642486031,
            -1.1416912799674556e-18,
            -1.3894573348514643e-18,
            -6.534779115064211e-38,
            -1.1056477862435498e-19,
            -0.014188299112852382,
            -1.1775596470826537e-18,
            -1.414162095348921e-18,
            1.9509924968551275e-37,
            1.1181494209310599e-19,
            -0.001394574391714318,
            -6.726163662121021e-19,
            -9.156767124415878e-19,
            -7.727209706835742e-38,
            2.6466502052721686e-19,
            0.0002004389854967464
        ],
        [
            0.01950665922533767,
            0.004761081058647315,
            1.0036964524541146e-17,
            0.002288776591560691,
            8.27257422096661e-18,
            -0.02704635523638225,
            -0.10510963005413676,
            6.730227876859398e-19,
            -0.04936273318203953,
            -8.461083539580524e-19,
            -0.31106046633205925,
            -0.33082095858875377,
            -9.338266167464613e-20,
            -0.12211900430651529,
            -1.1416912799674556e-18,
            -0.128629654012405,
            -0.41204001330692175,
            -1.6883213590003453e-20,
            0.022643466186217636,
            -2.779253769277887e-19,
            -0.2364277241431092,
            -0.28048111448234825,
            1.0098139866075305e-20,
            0.10588223840202093,
            -7.152163198484392e-20,
            -0.028555939867319538,
            -0.09141790339358764,
            5.780167115912176e-21,
            0.0275418852581862,
            -4.9887136386245555e-21
