{
    "HF": -3.061563888443592,
    "coordinates": [
        [
            0.0,
            0.0,
            0.0
        ],
        [
            1.4,
            0.0,
            0.0
        ],
        [
            2.8,
            0.0,
            0.0
        ],
        [
            4.2,
            0.0,
            0.0
        ],
        [
            5.6,
            0.0,
            0.0
        ],
        [
            7.0,
            0.0,
            0.0
        ]
    ],
    "elements": [
        "H",
        "H",
        "H",
        "H",
        "H",
        "H"
    ],
    "Enn": 3.2884583821457145,
    "S": [
        [
            0.9999999999999999,
            0.6848602514927513,
            0.0,
            0.0,
            0.0,
            0.16099442306576994,
            0.3453559469424035,
            0.0,
            -0.2092756254034664,
            0.0,
            0.0013223889202185074,
            0.044702375083929345,
            0.0,
            -0.0011781832211115114,
            0.0,
            5.486611652416393e-07,
            0.0015141265199115027,
            0.0,
            -1.1325557902521426e-07,
            0.0,
            1.0212250354120396e-11,
            1.3591897135727973e-05,
            0.0,
            -2.0356043151956674e-13,
            0.0,
            8.462332918133424e-18,
            3.2343923226276024e-08,
            0.0,
            -7.212211149053459e-21,
            0.0
        ],
        [
            0.6848602514927513,
            1.0000000000000002,
            0.0,
            0.0,
            0.0,
            0.34535594694240346,
            0.6524919281062077,
            0.0,
            -0.18336701123346172,
            0.0,
            0.04470237508392933,
            0.18125941489990915,
            0.0,
            -0.04089532561015764,
            0.0,
            0.0015141265199115027,
            0.021437606305259215,
            0.0,
            -0.0015847802253850262,
            0.0,
            1.359189713572795e-05,
            0.0010794494144391314,
            0.0,
            -1.2647175344152215e-05,
            0.0,
            3.2343923226276024e-08,
            2.314081157318865e-05,
            0.0,
            -2.192153483996968e-08,
            0.0
        ],
        [
            0.0,
            0.0,
            1.0000000000000004,
            0.0,
            0.0,
            0.0,
            0.0,
            0.0785326477433081,
            0.0,
            0.0,
            0.0,
            0.0,
            3.803653611920932e-05,
            0.0,
            0.0,
            0.0,
            0.0,
            1.1361931331528756e-10,
            0.0,
            0.0,
            0.0,
            0.0,
            2.0931668126177747e-18,
            0.0,
            0.0,
            0.0,
            0.0,
            2.3782417590397644e-28,
            0.0,
            0.0
        ],
        [
            0.0,
            0.0,
            0.0,
            1.0000000000000004,
            0.0,
            0.20927562540346636,
            0.18336701123346175,
            0.0,
            -0.3210792924968597,
            0.0,
            0.001178183221111511,
            0.04089532561015765,
            0.0,
            -0.0007361563345093078,
            0.0,
            1.1325557902521425e-07,
            0.0015847802253850254,
            0.0,
            -5.089728847309015e-09,
            0.0,
            2.0356043151956669e-13,
            1.2647175344152217e-05,
            0.0,
            -1.683234892452404e-16,
            0.0,
            7.212211149053457e-21,
            2.192153483996967e-08,
            0.0,
            -3.0016274947191395e-26,
            0.0
        ],
        [
            0.0,
            0.0,
            0.0,
            0.0,
            1.0000000000000004,
            0.0,
            0.0,
            0.0,
            0.0,
            0.0785326477433081,
            0.0,
            0.0,
            0.0,
            0.0,
            3.803653611920932e-05,
            0.0,
            0.0,
            0.0,
            0.0,
            1.1361931331528756e-10,
            0.0,
            0.0,
            0.0,
            0.0,
            2.0931668126177747e-18,
            0.0,
            0.0,
            0.0,
            0.0,
            2.3782417590397644e-28
        ],
        [
            0.16099442306576994,
            0.3453559469424035,
            0.0,
            0.2092756254034664,
            0.0,
            0.9999999999999999,
            0.6848602514927513,
            0.0,
            0.0,
            0.0,
            0.16099442306576994,
            0.3453559469424035,
            0.0,
            -0.2092756254034664,
            0.0,
            0.0013223889202185015,
            0.04470237508392924,
            0.0,
            -0.0011781832211115036,
            0.0,
            5.486611652416431e-07,
            0.0015141265199115066,
            0.0,
            -1.1325557902521466e-07,
            0.0,
            1.0212250354120288e-11,
            1.3591897135727905e-05,
            0.0,
            -2.0356043151956454e-13,
            0.0
        ],
        [
            0.34535594694240346,
            0.6524919281062077,
            0.0,
            0.18336701123346172,
            0.0,
            0.6848602514927513,
            1.0000000000000002,
            0.0,
            0.0,
            0.0,
            0.34535594694240346,
            0.6524919281062077,
            0.0,
            -0.18336701123346172,
            0.0,
            0.04470237508392924,
            0.18125941489990896,
            0.0,
            -0.04089532561015762,
            0.0,
            0.0015141265199115066,
            0.02143760630525925,
            0.0,
            -0.0015847802253850332,
            0.0,
            1.3591897135727905e-05,
            0.0010794494144391285,
            0.0,
            -1.2647175344152181e-05,
            0.0
        ],
        [
            0.0,
            0.0,
            0.0785326477433081,
            0.0,
            0.0,
            0.0,
            0.0,
            1.0000000000000004,
            0.0,
            0.0,
            0.0,
            0.0,
            0.0785326477433081,
            0.0,
            0.0,
            0.0,
            0.0,
            3.8036536119208984e-05,
            0.0,
            0.0,
            0.0,
            0.0,
            1.1361931331528876e-10,
            0.0,
            0.0,
            0.0,
            0.0,
            2.0931668126177297e-18,
            0.0,
            0.0
        ],
        [
            -0.20927562540346636,
            -0.1833670112334617,
            0.0,
            -0.3210792924968597,
            0.0,
            0.0,
            0.0,
            0.0,
            1.0000000000000004,
            0.0,
            0.2092756254034664,
            0.1833670112334617,
            0.0,
            -0.3210792924968597,
            0.0,
            0.001178183221111505,
            0.04089532561015759,
            0.0,
            -0.000736156334509302,
            0.0,
            1.1325557902521464e-07,
            0.0015847802253850308,
            0.0,
            -5.089728847309067e-09,
            0.0,
            2.0356043151956454e-13,
            1.2647175344152171e-05,
            0.0,
            -1.6832348924523685e-16,
            0.0
        ],
        [
            0.0,
            0.0,
            0.0,
            0.0,
            0.0785326477433081,
            0.0,
            0.0,
            0.0,
            0.0,
            1.0000000000000004,
            0.0,
            0.0,
            0.0,
            0.0,
            0.0785326477433081,
            0.0,
            0.0,
            0.0,
            0.0,
            3.8036536119208984e-05,
            0.0,
            0.0,
            0.0,
            0.0,
            1.1361931331528876e-10,
            0.0,
            0.0,
            0.0,
            0.0,
            2.0931668126177297e-18
        ],
        [
            0.0013223889202185074,
            0.044702375083929345,
            0.0,
            0.0011781832211115114,
            0.0,
            0.16099442306576994,
            0.3453559469424035,
            0.0,
            0.2092756254034664,
            0.0,
            0.9999999999999999,
            0.6848602514927513,
            0.0,
            0.0,
            0.0,
            0.16099442306576955,
            0.3453559469424031,
            0.0,
            -0.20927562540346598,
            0.0,
            0.0013223889202185074,
            0.044702375083929345,
            0.0,
            -0.0011781832211115114,
            0.0,
            5.486611652416393e-07,
            0.0015141265199115027,
            0.0,
            -1.1325557902521426e-07,
            0.0
        ],
        [
            0.04470237508392933,
            0.18125941489990915,
            0.0,
            0.04089532561015764,
            0.0,
            0.34535594694240346,
            0.6524919281062077,
            0.0,
            0.18336701123346172,
            0.0,
            0.6848602514927513,
            1.0000000000000002,
            0.0,
            0.0,
            0.0,
            0.3453559469424031,
            0.6524919281062073,
            0.0,
            -0.18336701123346152,
            0.0,
            0.04470237508392933,
            0.18125941489990915,
            0.0,
            -0.04089532561015764,
            0.0,
            0.0015141265199115027,
            0.021437606305259215,
            0.0,
            -0.0015847802253850275,
            0.0
        ],
        [
            0.0,
            0.0,
            3.803653611920932e-05,
            0.0,
            0.0,
            0.0,
            0.0,
            0.0785326477433081,
            0.0,
            0.0,
            0.0,
            0.0,
            1.0000000000000004,
            0.0,
            0.0,
            0.0,
            0.0,
            0.07853264774330784,
            0.0,
            0.0,
            0.0,
            0.0,
            3.803653611920932e-05,
            0.0,
            0.0,
            0.0,
            0.0,
            1.1361931331528756e-10,
            0.0,
            0.0
        ],
        [
            -0.001178183221111511,
            -0.04089532561015764,
            0.0,
            -0.0007361563345093078,
            0.0,
            -0.2092756254034664,
            -0.1833670112334617,
            0.0,
            -0.3210792924968597,
            0.0,
            0.0,
            0.0,
            0.0,
            1.0000000000000004,
            0.0,
            0.20927562540346586,
            0.1833670112334615,
            0.0,
            -0.3210792924968592,
            0.0,
            0.0011781832211115114,
            0.04089532561015764,
            0.0,
            -0.0007361563345093078,
            0.0,
            1.1325557902521426e-07,
            0.0015847802253850258,
            0.0,
            -5.089728847309015e-09,
            0.0
        ],
        [
            0.0,
            0.0,
            0.0,
            0.0,
            3.803653611920932e-05,
            0.0,
            0.0,
            0.0,
            0.0,
            0.0785326477433081,
            0.0,
            0.0,
            0.0,
            0.0,
            1.0000000000000004,
            0.0,
            0.0,
            0.0,
            0.0,
            0.07853264774330784,
            0.0,
            0.0,
            0.0,
            0.0,
            3.803653611920932e-05,
            0.0,
            0.0,
            0.0,
            0.0,
            1.1361931331528756e-10
        ],
        [
            5.486611652416393e-07,
            0.0015141265199115027,
            0.0,
            1.1325557902521426e-07,
            0.0,
            0.0013223889202185015,
            0.04470237508392924,
            0.0,
            0.0011781832211115036,
            0.0,
            0.16099442306576955,
            0.3453559469424031,
            0.0,
            0.20927562540346598,
            0.0,
            0.9999999999999999,
            0.6848602514927513,
            0.0,
            0.0,
            0.0,
            0.16099442306577028,
            0.34535594694240385,
            0.0,
            -0.20927562540346673,
            0.0,
            0.0013223889202185074,
            0.044702375083929345,
            0.0,
            -0.0011781832211115114,
            0.0
        ],
        [
            0.0015141265199115027,
            0.021437606305259215,
            0.0,
            0.0015847802253850262,
            0.0,
            0.04470237508392924,
            0.18125941489990896,
            0.0,
            0.04089532561015762,
            0.0,
            0.3453559469424031,
            0.6524919281062073,
            0.0,
            0.18336701123346152,
            0.0,
            0.6848602514927513,
            1.0000000000000002,
            0.0,
            0.0,
            0.0,
            0.34535594694240385,
            0.6524919281062082,
            0.0,
            -0.1833670112334619,
            0.0,
            0.04470237508392933,
            0.18125941489990915,
            0.0,
            -0.04089532561015764,
            0.0
        ],
        [
            0.0,
            0.0,
            1.1361931331528756e-10,
            0.0,
            0.0,
            0.0,
            0.0,
            3.8036536119208984e-05,
            0.0,
            0.0,
            0.0,
            0.0,
            0.07853264774330784,
            0.0,
            0.0,
            0.0,
            0.0,
            1.0000000000000004,
            0.0,
            0.0,
            0.0,
            0.0,
            0.07853264774330831,
            0.0,
            0.0,
            0.0,
            0.0,
            3.803653611920932e-05,
            0.0,
            0.0
        ],
        [
            -1.1325557902521426e-07,
            -0.0015847802253850258,
            0.0,
            -5.089728847309015e-09,
            0.0,
            -0.001178183221111505,
            -0.04089532561015757,
            0.0,
            -0.000736156334509302,
            0.0,
            -0.20927562540346586,
            -0.1833670112334615,
            0.0,
            -0.3210792924968592,
            0.0,
            0.0,
            0.0,
            0.0,
            1.0000000000000004,
            0.0,
            0.20927562540346673,
            0.18336701123346189,
            0.0,
            -0.32107929249686,
            0.0,
            0.0011781832211115114,
            0.04089532561015764,
            0.0,
            -0.0007361563345093078,
            0.0
        ],
        [
            0.0,
            0.0,
            0.0,
            0.0,
            1.1361931331528756e-10,
            0.0,
            0.0,
            0.0,
            0.0,
            3.8036536119208984e-05,
            0.0,
            0.0,
            0.0,
            0.0,
            0.07853264774330784,
            0.0,
            0.0,
            0.0,
            0.0,
            1.0000000000000004,
            0.0,
            0.0,
            0.0,
            0.0,
            0.07853264774330831,
            0.0,
            0.0,
            0.0,
            0.0,
            3.803653611920932e-05
        ],
        [
            1.0212250354120396e-11,
            1.3591897135727973e-05,
            0.0,
            2.0356043151956674e-13,
            0.0,
            5.486611652416431e-07,
            0.0015141265199115066,
            0.0,
            1.1325557902521466e-07,
            0.0,
            0.0013223889202185074,
            0.044702375083929345,
            0.0,
            0.0011781832211115114,
            0.0,
            0.16099442306577028,
            0.34535594694240385,
            0.0,
            0.20927562540346673,
            0.0,
            0.9999999999999999,
            0.6848602514927513,
            0.0,
            0.0,
            0.0,
            0.16099442306576955,
            0.3453559469424031,
            0.0,
            -0.20927562540346598,
            0.0
        ],
        [
            1.359189713572795e-05,
            0.0010794494144391314,
            0.0,
            1.2647175344152215e-05,
            0.0,
            0.0015141265199115066,
            0.02143760630525925,
            0.0,
            0.0015847802253850319,
            0.0,
            0.04470237508392933,
            0.18125941489990915,
            0.0,
            0.04089532561015764,
            0.0,
            0.34535594694240385,
            0.6524919281062082,
            0.0,
            0.1833670112334619,
            0.0,
            0.6848602514927513,
            1.0000000000000002,
            0.0,
            0.0,
            0.0,
            0.3453559469424031,
            0.6524919281062073,
            0.0,
            -0.18336701123346152,
            0.0
        ],
        [
            0.0,
            0.0,
            2.0931668126177747e-18,
            0.0,
            0.0,
            0.0,
            0.0,
            1.1361931331528876e-10,
            0.0,
            0.0,
            0.0,
            0.0,
            3.803653611920932e-05,
            0.0,
            0.0,
            0.0,
            0.0,
            0.07853264774330831,
            0.0,
            0.0,
            0.0,
            0.0,
            1.0000000000000004,
            0.0,
            0.0,
            0.0,
            0.0,
            0.07853264774330784,
            0.0,
            0.0
        ],
        [
            -2.0356043151956669e-13,
            -1.2647175344152214e-05,
            0.0,
            -1.683234892452404e-16,
            0.0,
            -1.1325557902521464e-07,
            -0.0015847802253850301,
            0.0,
            -5.089728847309067e-09,
            0.0,
            -0.0011781832211115114,
            -0.04089532561015764,
            0.0,
            -0.0007361563345093078,
            0.0,
            -0.20927562540346673,
            -0.18336701123346189,
            0.0,
            -0.32107929249686,
            0.0,
            0.0,
            0.0,
            0.0,
            1.0000000000000004,
            0.0,
            0.20927562540346586,
            0.1833670112334615,
            0.0,
            -0.3210792924968592,
            0.0
        ],
        [
            0.0,
            0.0,
            0.0,
            0.0,
            2.0931668126177747e-18,
            0.0,
            0.0,
            0.0,
            0.0,
            1.1361931331528876e-10,
            0.0,
            0.0,
            0.0,
            0.0,
            3.803653611920932e-05,
            0.0,
            0.0,
            0.0,
            0.0,
            0.07853264774330831,
            0.0,
            0.0,
            0.0,
            0.0,
            1.0000000000000004,
            0.0,
            0.0,
            0.0,
            0.0,
            0.07853264774330784
        ],
        [
            8.462332918133424e-18,
            3.2343923226276024e-08,
            0.0,
            7.212211149053459e-21,
            0.0,
            1.0212250354120288e-11,
            1.3591897135727905e-05,
            0.0,
            2.035604315195646e-13,
            0.0,
            5.486611652416393e-07,
            0.0015141265199115027,
            0.0,
            1.1325557902521426e-07,
            0.0,
            0.0013223889202185074,
            0.044702375083929345,
            0.0,
            0.0011781832211115114,
            0.0,
            0.16099442306576955,
            0.3453559469424031,
            0.0,
            0.20927562540346598,
            0.0,
            0.9999999999999999,
            0.6848602514927513,
            0.0,
            0.0,
            0.0
        ],
        [
            3.2343923226276024e-08,
            2.314081157318865e-05,
            0.0,
            2.192153483996968e-08,
            0.0,
            1.3591897135727905e-05,
            0.0010794494144391285,
            0.0,
            1.2647175344152181e-05,
            0.0,
            0.0015141265199115027,
            0.021437606305259215,
            0.0,
            0.0015847802253850262,
            0.0,
            0.04470237508392933,
            0.18125941489990915,
            0.0,
            0.04089532561015764,
            0.0,
            0.3453559469424031,
            0.6524919281062073,
            0.0,
            0.18336701123346152,
            0.0,
            0.6848602514927513,
            1.0000000000000002,
            0.0,
            0.0,
            0.0
        ],
        [
            0.0,
            0.0,
            2.3782417590397644e-28,
            0.0,
            0.0,
            0.0,
            0.0,
            2.0931668126177297e-18,
            0.0,
            0.0,
            0.0,
            0.0,
            1.1361931331528756e-10,
            0.0,
            0.0,
            0.0,
            0.0,
            3.803653611920932e-05,
            0.0,
            0.0,
            0.0,
            0.0,
            0.07853264774330784,
            0.0,
            0.0,
            0.0,
            0.0,
            1.0000000000000004,
            0.0,
            0.0
        ],
        [
            -7.212211149053456e-21,
            -2.192153483996968e-08,
            0.0,
            -3.0016274947191395e-26,
            0.0,
            -2.0356043151956454e-13,
            -1.2647175344152165e-05,
            0.0,
            -1.6832348924523685e-16,
            0.0,
            -1.1325557902521426e-07,
            -0.0015847802253850245,
            0.0,
            -5.089728847309015e-09,
            0.0,
            -0.0011781832211115114,
            -0.04089532561015764,
            0.0,
            -0.0007361563345093078,
            0.0,
            -0.20927562540346586,
            -0.1833670112334615,
            0.0,
            -0.3210792924968592,
            0.0,
            0.0,
            0.0,
            0.0,
            1.0000000000000004,
            0.0
        ],
        [
            0.0,
            0.0,
            0.0,
            0.0,
            2.3782417590397644e-28,
            0.0,
            0.0,
            0.0,
            0.0,
            2.0931668126177297e-18,
            0.0,
            0.0,
            0.0,
            0.0,
            1.1361931331528756e-10,
            0.0,
            0.0,
            0.0,
            0.0,
            3.803653611920932e-05,
            0.0,
            0.0,
            0.0,
            0.0,
            0.07853264774330784,
            0.0,
            0.0,
            0.0,
            0.0,
            1.0000000000000004
        ]
    ],
    "h": [
        [
            -0.0648409926709792,
            -0.3453626019960958,
            -4.241850350553461e-18,
            -0.061530226774452204,
            3.897909810877395e-18,
            -0.28214019235680265,
            -0.30282781317456164,
            2.802804825788976e-18,
            0.12262767688615805,
            3.629822201465173e-18,
            -0.019086792151628826,
            -0.08560968726162871,
            1.855000117415576e-19,
            0.036196558808845224,
            3.404853264791449e-19,
            0.01765963666607621,
            0.00733214482973716,
            -5.026183700250752e-20,
            -0.0025848098954574105,
            1.1737202558194519e-21,
            0.0012765093257807024,
            0.004294452992647371,
            -2.636285660453705e-22,
            -0.005525330717923319,
            -6.65696885340375e-21,
            -0.005717243977246614,
            -0.004793354150934266,
            1.2924891843289322e-20,
            0.0004906652641793393,
            -4.44931490210851e-20
        ],
        [
            -0.3453626019960958,
            -0.24558384829240287,
            -3.5484814623489076e-18,
            -0.0761588023755975,
            4.301877511123885e-18,
            -0.3158141340418514,
            -0.2857784271049848,
            2.980819914410135e-18,
            0.05365761658580265,
            2.938749183163996e-18,
            -0.06960192177638234,
            -0.13034131367605686,
            1.6151095088988782e-19,
            0.05952066530007123,
            3.5874360777375063e-19,
            0.008994708667285103,
            -0.013471446320566675,
            -7.250368237297451e-20,
            0.0036956137799171486,
            7.009523949908309e-21,
            0.0015802593160478137,
            0.0019318215654066714,
            -1.835586194214102e-20,
            -0.004550567038293684,
            1.8637268135115336e-21,
            -0.004793354150934267,
            -0.0039578518367905016,
            5.532384400345359e-21,
            0.00023268086560626665,
            -3.6825472880562674e-20
        ],
        [
            -4.241850350553461e-18,
            -3.5484814623489076e-18,
            1.488960165473932,
            -5.540494538651153e-19,
            8.381302921482946e-34,
            4.4651766619860316e-20,
            6.315064515394495e-19,
            -0.03019870475368161,
            3.340047756372718e-18,
            9.908864497628471e-34,
            5.8928244849324535e-18,
            5.547101308873017e-18,
            -0.0006364852116007239,
            2.936878577343952e-19,
            3.4588919616350734e-36,
            2.839197454018652e-18,
            3.161598768876891e-18,
            0.00015647511347394923,
            -2.099829943215061e-18,
            -6.186504112039168e-36,
            -2.687751184697229e-18,
            -2.249455639976338e-18,
            7.969370513027803e-06,
            -1.1817726569893445e-18,
            -3.6190167843264007e-36,
            -3.104573623602449e-18,
            -3.53525571949211e-18,
            -1.8022103688706297e-05,
            7.493572514484549e-19,
            -1.7311429939685614e-35
        ],
        [
            -0.061530226774452204,
            -0.0761588023755975,
            -5.540494538651153e-19,
            1.444393881643937,
            1.0651422565450143e-18,
            -0.1231151740188251,
            -0.06338617196089918,
            1.5181270623797683e-18,
            -0.15690155561967645,
            7.747120352089398e-19,
            -0.016985147713251943,
            -0.04664698687677743,
            8.461265691470236e-20,
            0.01756660048659034,
            1.2361127769391713e-19,
            0.0023373939241384356,
            -0.0038253284094748644,
            -1.4709773665046353e-20,
            0.00044331184231718903,
            3.43224068109743e-21,
            0.0007578597667881793,
            0.0010139362614062215,
            -5.636186977765883e-21,
            -0.0008215550840697587,
            1.717759697184236e-21,
            -0.0004906652641793642,
            -0.00023268086560628888,
            -2.7281158174141176e-22,
            -4.521902718190511e-05,
            -4.47626916598574e-21
        ],
        [
            3.897909810877395e-18,
            4.301877511123885e-18,
            8.381302921482946e-34,
            1.0651422565450143e-18,
            1.4889601654739317,
            3.786383699480151e-18,
            3.321459589124295e-18,
            1.6029795907265389e-34,
            -2.4836518750676548e-18,
            -0.03019870475368161,
            -1.6994260096044247e-18,
            -7.757184221351196e-19,
            4.060048125671853e-35,
            -7.982876319621711e-19,
            -0.0006364852116007239,
            -1.4704651618508035e-18,
            -1.4566830959818695e-18,
            1.0657897274049876e-35,
            7.178069362721882e-19,
            0.00015647511347394923,
            6.309517356508592e-19,
            3.700437685253682e-19,
            -1.846488033967123e-36,
            5.021118088063306e-19,
            7.969370513027803e-06,
            9.826081885310245e-19,
            1.0565624156619183e-18,
            -2.7789559973212733e-36,
            -2.088386223346577e-19,
            -1.8022103688706297e-05
        ],
        [
            -0.28214019235680265,
            -0.3158141340418514,
            4.4651766619860316e-20,
            -0.1231151740188251,
            3.786383699480151e-18,
            -0.10226819241132268,
            -0.39243096848055337,
            2.3230011118634167e-18,
            0.018923555128477855,
            3.726179292726105e-19,
            -0.2031920419006506,
            -0.25212252692259235,
            4.186212067333074e-20,
            0.10736234408695339,
            2.7217449421188257e-19,
            -0.01775519009233762,
            -0.0677329071398552,
            -9.336595709183843e-20,
            0.017633096027759237,
            2.406498779163502e-20,
            0.0022895902931375296,
            -0.0041879650484395676,
            -5.801282892096061e-20,
            0.000810859178119133,
            2.543619593161248e-20,
            0.0012765093257806964,
            0.0015802593160478117,
            -1.9117120119279752e-20,
            -0.0007578597667881805,
            9.596165004874609e-21
        ],
        [
            -0.30282781317456164,
            -0.2857784271049848,
            6.315064515394495e-19,
            -0.06338617196089918,
            3.321459589124295e-18,
            -0.39243096848055337,
            -0.3252474059736927,
            1.1112129484766906e-18,
            0.020290127559252052,
            5.999778173255847e-19,
            -0.25241171745341223,
            -0.25423252719399125,
            -3.9555178325107365e-20,
            0.0368355722887011,
            6.587246585412532e-20,
            -0.08302070175226411,
            -0.12678160953076117,
            -2.3492226145323154e-20,
            0.046746912206145366,
            2.9979738207598003e-21,
            -0.004187965048439584,
            -0.026558976317235375,
            -7.54242885609243e-20,
            0.00979740483927216,
            2.4907784434522775e-20,
            0.004294452992647405,
            0.001931821565406706,
            -3.475256877765033e-20,
            -0.0010139362614062146,
            3.1867506226293484e-20
        ],
        [
            2.802804825788976e-18,
            2.980819914410135e-18,
            -0.03019870475368161,
            1.5181270623797683e-18,
            1.6029795907265389e-34,
            2.3230011118634167e-18,
            1.1112129484766906e-18,
            1.4815614920825497,
            -2.793276895421985e-18,
            1.8503220385985856e-33,
            -4.948486299754623e-18,
            -5.279502890912347e-18,
            -0.028363355066132412,
            -1.4787514777482776e-18,
            -7.221442319890503e-35,
            -7.300173874196297e-18,
            -9.402444048176184e-18,
            -0.000615108021314295,
            -3.833388553889063e-19,
            -1.9603062139348372e-35,
            -7.693547317400735e-18,
            -9.715257827272198e-18,
            1.8650282366200987e-05,
            4.222373542855585e-19,
            -4.944420057077768e-36,
            -4.7450359747231855e-18,
            -6.419265083007063e-18,
            7.969370513027719e-06,
            1.578496953109141e-18,
            -2.1462190415179793e-35
        ],
        [
            0.12262767688615805,
            0.05365761658580265,
            3.340047756372718e-18,
            -0.15690155561967645,
            -2.4836518750676548e-18,
            0.018923555128477855,
            0.020290127559252052,
            -2.793276895421985e-18,
            1.3946984298429366,
            -1.5304545241435623e-18,
            -0.10711778190537419,
            -0.03560022342928215,
            -1.9226033014439274e-19,
            -0.1685421098516524,
            -3.211637905759357e-19,
            -0.03470370948785393,
            -0.056641473415555345,
            3.636973170719389e-20,
            0.018039280532017362,
            2.0673223638259894e-21,
            -0.0008108591781191188,
            -0.00979740483927211,
            -2.4356744158740768e-20,
            0.006057141356205868,
            1.2377972372153166e-20,
            0.0055253307179233685,
            0.004550567038293742,
            -2.0814895827510595e-20,
            -0.000821555084069748,
            4.037929188481178e-20
        ],
        [
            3.629822201465173e-18,
            2.938749183163996e-18,
            9.908864497628471e-34,
            7.747120352089398e-19,
            -0.03019870475368161,
            3.726179292726105e-19,
            5.999778173255847e-19,
            1.8503220385985856e-33,
            -1.5304545241435623e-18,
            1.4815614920825495,
            -2.1985163285883164e-18,
            -1.4431172298492851e-18,
            3.2905246530074842e-34,
            4.8349337944138245e-20,
            -0.028363355066132384,
            4.866893690709029e-19,
            9.831422005234115e-19,
            4.0061886683059265e-35,
            1.5112643476703315e-18,
            -0.000615108021314295,
            4.042875015039315e-18,
            4.3653580077213285e-18,
            -5.5706586994403695e-36,
            5.43221460783706e-19,
            1.8650282366200987e-05,
            3.284958597836568e-18,
            4.06945124985555e-18,
            -7.779311521494605e-36,
            -9.525965703831641e-19,
            7.96937051302772e-06
        ],
        [
            -0.019086792151628826,
            -0.06960192177638234,
            5.8928244849324535e-18,
            -0.016985147713251943,
            -1.6994260096044247e-18,
            -0.2031920419006506,
            -0.25241171745341223,
            -4.948486299754623e-18,
            -0.10711778190537419,
            -2.1985163285883164e-18,
            -0.10324219051081962,
            -0.3899763920373087,
            -3.8371945081685423e-19,
            -0.01810402535687951,
            -6.866143357239292e-19,
            -0.27630220573766073,
            -0.3061834306109575,
            2.707635080448419e-19,
            0.12298036316629235,
            -5.629605442143478e-20,
            -0.01775519009233767,
            -0.0830207017522642,
            -8.628167887428338e-20,
            0.03470370948785403,
            1.8421265039350268e-20,
            0.01765963666607641,
            0.008994708667285273,
            -7.469468759728635e-20,
            -0.002337393924138388,
            1.2749461501674272e-19
        ],
        [
            -0.08560968726162871,
            -0.13034131367605686,
            5.547101308873017e-18,
            -0.04664698687677743,
            -7.757184221351196e-19,
            -0.25212252692259235,
            -0.25423252719399125,
            -5.279502890912347e-18,
            -0.03560022342928215,
            -1.4431172298492851e-18,
            -0.3899763920373087,
            -0.3233816932379605,
            -7.34001430309062e-19,
            -0.019325071772284493,
            -6.8344323292735715e-19,
            -0.30618343061095754,
            -0.28888602295692345,
            1.1002223810968823e-19,
            0.05355890212475939,
            -7.919408865842524e-20,
            -0.06773290713985548,
            -0.12678160953076129,
            -1.0783827995965367e-19,
            0.05664147341555556,
            2.4865112391057935e-20,
            0.00733214482973731,
            -0.013471446320566592,
            -6.912218803747307e-20,
            0.0038253284094749503,
            1.0200921049478526e-19
        ],
        [
            1.855000117415576e-19,
            1.6151095088988782e-19,
            -0.0006364852116007239,
            8.461265691470236e-20,
            4.060048125671853e-35,
            4.186212067333074e-20,
            -3.9555178325107365e-20,
            -0.028363355066132412,
            -1.9226033014439274e-19,
            3.2905246530074842e-34,
            -3.8371945081685423e-19,
            -7.34001430309062e-19,
            1.478010965830742,
            -2.326285748313516e-19,
            -6.490653299059215e-35,
            -1.5177943706857422e-18,
            -1.9941098538077e-18,
            -0.030177748474454563,
            -4.988988593260036e-19,
            -8.229340508165707e-36,
            -2.4279128772676647e-18,
            -2.8265021798010753e-18,
            -0.0006151080213142997,
            2.1492513476793595e-20,
            -1.8466051591822846e-36,
            -1.5721427524361448e-18,
            -2.071119174249664e-18,
            0.00015647511347395083,
            5.255087523793708e-19,
            -7.493003569365494e-36
        ],
        [
            0.036196558808845224,
            0.05952066530007123,
            2.936878577343952e-19,
            0.01756660048659034,
            -7.982876319621711e-19,
            0.10736234408695339,
            0.0368355722887011,
            -1.4787514777482776e-18,
            -0.1685421098516524,
            4.8349337944138245e-20,
            -0.01810402535687951,
            -0.019325071772284493,
            -2.326285748313516e-19,
            1.392005053873925,
            -8.387187043371072e-20,
            -0.12298036316629207,
            -0.05355890212475911,
            8.911414235961861e-20,
            -0.15789218281509604,
            -5.737784823922493e-20,
            -0.01763309602775936,
            -0.04674691220614533,
            -9.280898696958957e-21,
            0.018039280532017407,
            -4.179039747111836e-21,
            0.0025848098954574126,
            -0.003695613779917171,
            -1.4240509704714143e-20,
            0.0004433118423172205,
            2.870568054093718e-20
        ],
        [
            3.404853264791449e-19,
            3.5874360777375063e-19,
            3.4588919616350734e-36,
            1.2361127769391713e-19,
            -0.0006364852116007239,
            2.7217449421188257e-19,
            6.587246585412532e-20,
            -7.221442319890503e-35,
            -3.211637905759357e-19,
            -0.028363355066132384,
            -6.866143357239292e-19,
            -6.8344323292735715e-19,
            -6.490653299059215e-35,
            -8.387187043371072e-20,
            1.4780109658307419,
            -7.454824156127556e-19,
            -9.166144128525119e-19,
            -5.738413303901278e-36,
            4.770773224250948e-20,
            -0.030177748474454563,
            -5.555501386998493e-19,
            -7.256965526023768e-19,
            4.341713390948723e-37,
            9.297757492072742e-20,
            -0.0006151080213142997,
            -2.689387862400531e-19,
            -3.9207616602873178e-19,
            5.108435063747916e-37,
            1.06383030632108e-19,
            0.00015647511347395083
        ],
        [
            0.01765963666607621,
            0.008994708667285103,
            2.839197454018652e-18,
            0.0023373939241384356,
            -1.4704651618508035e-18,
            -0.01775519009233762,
            -0.08302070175226411,
            -7.300173874196297e-18,
            -0.03470370948785393,
            4.866893690709029e-19,
            -0.27630220573766073,
            -0.30618343061095754,
            -1.5177943706857422e-18,
            -0.12298036316629207,
            -7.454824156127556e-19,
            -0.10324219051081829,
            -0.38997639203730894,
            -1.8022337759149764e-19,
            0.018104025356879078,
            -1.4011221596077286e-19,
            -0.2031920419006514,
            -0.25241171745341295,
            -5.869810512684518e-20,
            0.10711778190537408,
            -8.915559375868484e-22,
            -0.01908679215162882,
            -0.06960192177638252,
            -1.2993182894996531e-20,
