{
    "HF": -3.0093839470232666,
    "coordinates": [
        [
            0.0,
            0.0,
            0.0
        ],
        [
            1.5,
            0.0,
            0.0
        ],
        [
            3.0,
            0.0,
            0.0
        ],
        [
            4.5,
            0.0,
            0.0
        ],
        [
            6.0,
            0.0,
            0.0
        ],
        [
            7.5,
            0.0,
            0.0
        ]
    ],
    "elements": [
        "H",
        "H",
        "H",
        "H",
        "H",
        "H"
    ],
    "Enn": 3.069227823336,
    "S": [
        [
            0.9999999999999999,
            0.6848602514927513,
            0.0,
            0.0,
            0.0,
            0.12555625685452426,
            0.31213121703884816,
            0.0,
            -0.16545621891780188,
            0.0,
            0.0005247322196738468,
            0.02990649942494152,
            0.0,
            -0.00040247823683652387,
            0.0,
            6.909596874111341e-08,
            0.0006166204617508895,
            0.0,
            -9.274610897098788e-09,
            0.0,
            2.566953213126052e-13,
            2.7710324961049164e-06,
            0.0,
            -2.2561291051394387e-15,
            0.0,
            2.678881018741977e-20,
            2.7079602106464306e-09,
            0.0,
            -6.1095877852531855e-24,
            0.0
        ],
        [
            0.6848602514927513,
            1.0000000000000002,
            0.0,
            0.0,
            0.0,
            0.31213121703884816,
            0.6125475864917014,
            0.0,
            -0.1763188047230161,
            0.0,
            0.02990649942494154,
            0.14078595531747087,
            0.0,
            -0.028424557157340387,
            0.0,
            0.000616620461750889,
            0.012141112890847381,
            0.0,
            -0.0006412983127052166,
            0.0,
            2.771032496104922e-06,
            0.00039285956237835993,
            0.0,
            -2.3998495562908165e-06,
            0.0,
            2.7079602106464306e-09,
            4.769752297084553e-06,
            0.0,
            -1.5710473186446943e-09,
            0.0
        ],
        [
            0.0,
            0.0,
            1.0000000000000004,
            0.0,
            0.0,
            0.0,
            0.0,
            0.05389677453800268,
            0.0,
            0.0,
            0.0,
            0.0,
            8.438225014497445e-06,
            0.0,
            0.0,
            0.0,
            0.0,
            3.8376466065667445e-12,
            0.0,
            0.0,
            0.0,
            0.0,
            5.06995854794911e-21,
            0.0,
            0.0,
            0.0,
            0.0,
            0.0,
            0.0,
            0.0
        ],
        [
            0.0,
            0.0,
            0.0,
            1.0000000000000004,
            0.0,
            0.16545621891780185,
            0.17631880472301592,
            0.0,
            -0.2609341890194054,
            0.0,
            0.0004024782368365238,
            0.028424557157340328,
            0.0,
            -0.00018872492879577535,
            0.0,
            9.274610897098754e-09,
            0.0006412983127052163,
            0.0,
            -1.979163526569112e-10,
            0.0,
            2.2561291051394383e-15,
            2.3998495562908064e-06,
            0.0,
            -4.687780439803558e-19,
            0.0,
            6.109587785253185e-24,
            1.571047318644694e-09,
            0.0,
            0.0,
            0.0
        ],
        [
            0.0,
            0.0,
            0.0,
            0.0,
            1.0000000000000004,
            0.0,
            0.0,
            0.0,
            0.0,
            0.05389677453800268,
            0.0,
            0.0,
            0.0,
            0.0,
            8.438225014497445e-06,
            0.0,
            0.0,
            0.0,
            0.0,
            3.8376466065667445e-12,
            0.0,
            0.0,
            0.0,
            0.0,
            5.06995854794911e-21,
            0.0,
            0.0,
            0.0,
            0.0,
            0.0
        ],
        [
            0.12555625685452426,
            0.31213121703884816,
            0.0,
            0.16545621891780188,
            0.0,
            0.9999999999999999,
            0.6848602514927513,
            0.0,
            0.0,
            0.0,
            0.12555625685452426,
            0.31213121703884816,
            0.0,
            -0.1654562189178019,
            0.0,
            0.0005247322196738468,
            0.02990649942494152,
            0.0,
            -0.000402478236836524,
            0.0,
            6.909596874111341e-08,
            0.0006166204617508895,
            0.0,
            -9.274610897098788e-09,
            0.0,
            2.566953213126052e-13,
            2.7710324961049164e-06,
            0.0,
            -2.2561291051394383e-15,
            0.0
        ],
        [
            0.31213121703884816,
            0.6125475864917014,
            0.0,
            0.1763188047230161,
            0.0,
            0.6848602514927513,
            1.0000000000000002,
            0.0,
            0.0,
            0.0,
            0.31213121703884816,
            0.6125475864917014,
            0.0,
            -0.17631880472301628,
            0.0,
            0.02990649942494154,
            0.14078595531747087,
            0.0,
            -0.028424557157340387,
            0.0,
            0.000616620461750889,
            0.012141112890847381,
            0.0,
            -0.0006412983127052166,
            0.0,
            2.771032496104922e-06,
            0.00039285956237835993,
            0.0,
            -2.3998495562908165e-06,
            0.0
        ],
        [
            0.0,
            0.0,
            0.05389677453800268,
            0.0,
            0.0,
            0.0,
            0.0,
            1.0000000000000004,
            0.0,
            0.0,
            0.0,
            0.0,
            0.05389677453800268,
            0.0,
            0.0,
            0.0,
            0.0,
            8.438225014497445e-06,
            0.0,
            0.0,
            0.0,
            0.0,
            3.8376466065667445e-12,
            0.0,
            0.0,
            0.0,
            0.0,
            5.06995854794911e-21,
            0.0,
            0.0
        ],
        [
            -0.16545621891780185,
            -0.17631880472301584,
            0.0,
            -0.2609341890194054,
            0.0,
            0.0,
            0.0,
            0.0,
            1.0000000000000004,
            0.0,
            0.16545621891780185,
            0.17631880472301584,
            0.0,
            -0.2609341890194054,
            0.0,
            0.0004024782368365238,
            0.02842455715734033,
            0.0,
            -0.00018872492879577535,
            0.0,
            9.274610897098755e-09,
            0.0006412983127052165,
            0.0,
            -1.979163526569112e-10,
            0.0,
            2.2561291051394383e-15,
            2.399849556290807e-06,
            0.0,
            -4.687780439803558e-19,
            0.0
        ],
        [
            0.0,
            0.0,
            0.0,
            0.0,
            0.05389677453800268,
            0.0,
            0.0,
            0.0,
            0.0,
            1.0000000000000004,
            0.0,
            0.0,
            0.0,
            0.0,
            0.05389677453800268,
            0.0,
            0.0,
            0.0,
            0.0,
            8.438225014497445e-06,
            0.0,
            0.0,
            0.0,
            0.0,
            3.8376466065667445e-12,
            0.0,
            0.0,
            0.0,
            0.0,
            5.06995854794911e-21
        ],
        [
            0.0005247322196738468,
            0.02990649942494152,
            0.0,
            0.00040247823683652387,
            0.0,
            0.12555625685452426,
            0.31213121703884816,
            0.0,
            0.1654562189178019,
            0.0,
            0.9999999999999999,
            0.6848602514927513,
            0.0,
            0.0,
            0.0,
            0.12555625685452426,
            0.31213121703884816,
            0.0,
            -0.1654562189178019,
            0.0,
            0.0005247322196738468,
            0.02990649942494152,
            0.0,
            -0.000402478236836524,
            0.0,
            6.909596874111341e-08,
            0.0006166204617508895,
            0.0,
            -9.274610897098788e-09,
            0.0
        ],
        [
            0.02990649942494154,
            0.14078595531747087,
            0.0,
            0.028424557157340387,
            0.0,
            0.31213121703884816,
            0.6125475864917014,
            0.0,
            0.1763188047230161,
            0.0,
            0.6848602514927513,
            1.0000000000000002,
            0.0,
            0.0,
            0.0,
            0.31213121703884816,
            0.6125475864917014,
            0.0,
            -0.17631880472301628,
            0.0,
            0.02990649942494154,
            0.14078595531747087,
            0.0,
            -0.028424557157340418,
            0.0,
            0.000616620461750889,
            0.012141112890847381,
            0.0,
            -0.0006412983127052166,
            0.0
        ],
        [
            0.0,
            0.0,
            8.438225014497445e-06,
            0.0,
            0.0,
            0.0,
            0.0,
            0.05389677453800268,
            0.0,
            0.0,
            0.0,
            0.0,
            1.0000000000000004,
            0.0,
            0.0,
            0.0,
            0.0,
            0.05389677453800268,
            0.0,
            0.0,
            0.0,
            0.0,
            8.438225014497445e-06,
            0.0,
            0.0,
            0.0,
            0.0,
            3.8376466065667445e-12,
            0.0,
            0.0
        ],
        [
            -0.0004024782368365238,
            -0.028424557157340317,
            0.0,
            -0.00018872492879577535,
            0.0,
            -0.16545621891780177,
            -0.17631880472301584,
            0.0,
            -0.2609341890194054,
            0.0,
            0.0,
            0.0,
            0.0,
            1.0000000000000004,
            0.0,
            0.16545621891780177,
            0.17631880472301584,
            0.0,
            -0.2609341890194054,
            0.0,
            0.0004024782368365238,
            0.028424557157340317,
            0.0,
            -0.00018872492879577535,
            0.0,
            9.274610897098755e-09,
            0.0006412983127052165,
            0.0,
            -1.9791635265691126e-10,
            0.0
        ],
        [
            0.0,
            0.0,
            0.0,
            0.0,
            8.438225014497445e-06,
            0.0,
            0.0,
            0.0,
            0.0,
            0.05389677453800268,
            0.0,
            0.0,
            0.0,
            0.0,
            1.0000000000000004,
            0.0,
            0.0,
            0.0,
            0.0,
            0.05389677453800268,
            0.0,
            0.0,
            0.0,
            0.0,
            8.438225014497445e-06,
            0.0,
            0.0,
            0.0,
            0.0,
            3.8376466065667445e-12
        ],
        [
            6.909596874111341e-08,
            0.0006166204617508895,
            0.0,
            9.274610897098788e-09,
            0.0,
            0.0005247322196738468,
            0.02990649942494152,
            0.0,
            0.000402478236836524,
            0.0,
            0.12555625685452426,
            0.31213121703884816,
            0.0,
            0.1654562189178019,
            0.0,
            0.9999999999999999,
            0.6848602514927513,
            0.0,
            0.0,
            0.0,
            0.12555625685452426,
            0.31213121703884816,
            0.0,
            -0.16545621891780177,
            0.0,
            0.0005247322196738468,
            0.02990649942494152,
            0.0,
            -0.000402478236836524,
            0.0
        ],
        [
            0.000616620461750889,
            0.012141112890847381,
            0.0,
            0.0006412983127052166,
            0.0,
            0.02990649942494154,
            0.14078595531747087,
            0.0,
            0.028424557157340387,
            0.0,
            0.31213121703884816,
            0.6125475864917014,
            0.0,
            0.17631880472301628,
            0.0,
            0.6848602514927513,
            1.0000000000000002,
            0.0,
            0.0,
            0.0,
            0.31213121703884816,
            0.6125475864917014,
            0.0,
            -0.17631880472301628,
            0.0,
            0.02990649942494154,
            0.14078595531747087,
            0.0,
            -0.028424557157340356,
            0.0
        ],
        [
            0.0,
            0.0,
            3.8376466065667445e-12,
            0.0,
            0.0,
            0.0,
            0.0,
            8.438225014497445e-06,
            0.0,
            0.0,
            0.0,
            0.0,
            0.05389677453800268,
            0.0,
            0.0,
            0.0,
            0.0,
            1.0000000000000004,
            0.0,
            0.0,
            0.0,
            0.0,
            0.05389677453800268,
            0.0,
            0.0,
            0.0,
            0.0,
            8.438225014497445e-06,
            0.0,
            0.0
        ],
        [
            -9.274610897098755e-09,
            -0.0006412983127052165,
            0.0,
            -1.979163526569112e-10,
            0.0,
            -0.0004024782368365238,
            -0.028424557157340317,
            0.0,
            -0.00018872492879577535,
            0.0,
            -0.16545621891780177,
            -0.17631880472301623,
            0.0,
            -0.2609341890194054,
            0.0,
            0.0,
            0.0,
            0.0,
            1.0000000000000004,
            0.0,
            0.16545621891780177,
            0.17631880472301623,
            0.0,
            -0.2609341890194054,
            0.0,
            0.000402478236836524,
            0.028424557157340317,
            0.0,
            -0.00018872492879577535,
            0.0
        ],
        [
            0.0,
            0.0,
            0.0,
            0.0,
            3.8376466065667445e-12,
            0.0,
            0.0,
            0.0,
            0.0,
            8.438225014497445e-06,
            0.0,
            0.0,
            0.0,
            0.0,
            0.05389677453800268,
            0.0,
            0.0,
            0.0,
            0.0,
            1.0000000000000004,
            0.0,
            0.0,
            0.0,
            0.0,
            0.05389677453800268,
            0.0,
            0.0,
            0.0,
            0.0,
            8.438225014497445e-06
        ],
        [
            2.566953213126052e-13,
            2.7710324961049164e-06,
            0.0,
            2.2561291051394387e-15,
            0.0,
            6.909596874111341e-08,
            0.0006166204617508895,
            0.0,
            9.274610897098788e-09,
            0.0,
            0.0005247322196738468,
            0.02990649942494152,
            0.0,
            0.000402478236836524,
            0.0,
            0.12555625685452426,
            0.31213121703884816,
            0.0,
            0.16545621891780177,
            0.0,
            0.9999999999999999,
            0.6848602514927513,
            0.0,
            0.0,
            0.0,
            0.12555625685452426,
            0.31213121703884816,
            0.0,
            -0.16545621891780177,
            0.0
        ],
        [
            2.771032496104922e-06,
            0.00039285956237835993,
            0.0,
            2.3998495562908165e-06,
            0.0,
            0.000616620461750889,
            0.012141112890847381,
            0.0,
            0.0006412983127052166,
            0.0,
            0.02990649942494154,
            0.14078595531747087,
            0.0,
            0.028424557157340387,
            0.0,
            0.31213121703884816,
            0.6125475864917014,
            0.0,
            0.17631880472301628,
            0.0,
            0.6848602514927513,
            1.0000000000000002,
            0.0,
            0.0,
            0.0,
            0.31213121703884816,
            0.6125475864917014,
            0.0,
            -0.17631880472301628,
            0.0
        ],
        [
            0.0,
            0.0,
            5.06995854794911e-21,
            0.0,
            0.0,
            0.0,
            0.0,
            3.8376466065667445e-12,
            0.0,
            0.0,
            0.0,
            0.0,
            8.438225014497445e-06,
            0.0,
            0.0,
            0.0,
            0.0,
            0.05389677453800268,
            0.0,
            0.0,
            0.0,
            0.0,
            1.0000000000000004,
            0.0,
            0.0,
            0.0,
            0.0,
            0.05389677453800268,
            0.0,
            0.0
        ],
        [
            -2.2561291051394383e-15,
            -2.3998495562908055e-06,
            0.0,
            -4.687780439803558e-19,
            0.0,
            -9.274610897098755e-09,
            -0.0006412983127052165,
            0.0,
            -1.979163526569112e-10,
            0.0,
            -0.0004024782368365236,
            -0.028424557157340317,
            0.0,
            -0.00018872492879577535,
            0.0,
            -0.16545621891780177,
            -0.17631880472301623,
            0.0,
            -0.2609341890194053,
            0.0,
            0.0,
            0.0,
            0.0,
            1.0000000000000004,
            0.0,
            0.16545621891780177,
            0.17631880472301623,
            0.0,
            -0.2609341890194053,
            0.0
        ],
        [
            0.0,
            0.0,
            0.0,
            0.0,
            5.06995854794911e-21,
            0.0,
            0.0,
            0.0,
            0.0,
            3.8376466065667445e-12,
            0.0,
            0.0,
            0.0,
            0.0,
            8.438225014497445e-06,
            0.0,
            0.0,
            0.0,
            0.0,
            0.05389677453800268,
            0.0,
            0.0,
            0.0,
            0.0,
            1.0000000000000004,
            0.0,
            0.0,
            0.0,
            0.0,
            0.05389677453800268
        ],
        [
            2.678881018741977e-20,
            2.7079602106464306e-09,
            0.0,
            6.1095877852531855e-24,
            0.0,
            2.566953213126052e-13,
            2.7710324961049164e-06,
            0.0,
            2.2561291051394387e-15,
            0.0,
            6.909596874111341e-08,
            0.0006166204617508895,
            0.0,
            9.274610897098788e-09,
            0.0,
            0.0005247322196738468,
            0.02990649942494152,
            0.0,
            0.000402478236836524,
            0.0,
            0.12555625685452426,
            0.31213121703884816,
            0.0,
            0.16545621891780177,
            0.0,
            0.9999999999999999,
            0.6848602514927513,
            0.0,
            0.0,
            0.0
        ],
        [
            2.7079602106464306e-09,
            4.769752297084553e-06,
            0.0,
            1.5710473186446943e-09,
            0.0,
            2.771032496104922e-06,
            0.00039285956237835993,
            0.0,
            2.3998495562908165e-06,
            0.0,
            0.000616620461750889,
            0.012141112890847381,
            0.0,
            0.0006412983127052166,
            0.0,
            0.02990649942494154,
            0.14078595531747087,
            0.0,
            0.028424557157340356,
            0.0,
            0.31213121703884816,
            0.6125475864917014,
            0.0,
            0.17631880472301628,
            0.0,
            0.6848602514927513,
            1.0000000000000002,
            0.0,
            0.0,
            0.0
        ],
        [
            0.0,
            0.0,
            0.0,
            0.0,
            0.0,
            0.0,
            0.0,
            5.06995854794911e-21,
            0.0,
            0.0,
            0.0,
            0.0,
            3.8376466065667445e-12,
            0.0,
            0.0,
            0.0,
            0.0,
            8.438225014497445e-06,
            0.0,
            0.0,
            0.0,
            0.0,
            0.05389677453800268,
            0.0,
            0.0,
            0.0,
            0.0,
            1.0000000000000004,
            0.0,
            0.0
        ],
        [
            -6.1095877852531855e-24,
            -1.571047318644694e-09,
            0.0,
            0.0,
            0.0,
            -2.2561291051394383e-15,
            -2.3998495562908055e-06,
            0.0,
            -4.687780439803558e-19,
            0.0,
            -9.274610897098755e-09,
            -0.0006412983127052165,
            0.0,
            -1.979163526569112e-10,
            0.0,
            -0.000402478236836524,
            -0.028424557157340317,
            0.0,
            -0.00018872492879577535,
            0.0,
            -0.16545621891780177,
            -0.17631880472301623,
            0.0,
            -0.2609341890194054,
            0.0,
            0.0,
            0.0,
            0.0,
            1.0000000000000004,
            0.0
        ],
        [
            0.0,
            0.0,
            0.0,
            0.0,
            0.0,
            0.0,
            0.0,
            0.0,
            0.0,
            5.06995854794911e-21,
            0.0,
            0.0,
            0.0,
            0.0,
            3.8376466065667445e-12,
            0.0,
            0.0,
            0.0,
            0.0,
            8.438225014497445e-06,
            0.0,
            0.0,
            0.0,
            0.0,
            0.05389677453800268,
            0.0,
            0.0,
            0.0,
            0.0,
            1.0000000000000004
        ]
    ],
    "h": [
        [
            -0.05505161406818826,
            -0.33491327053699693,
            -6.130260396133742e-18,
            -0.047403274529554895,
            4.337521724451168e-18,
            -0.2509671215771948,
            -0.2834021028237906,
            -2.446596115120808e-18,
            0.12026049124820673,
            -4.447651103413951e-19,
            -0.013023886201486303,
            -0.06776703830126457,
            -2.6259637086567277e-19,
            0.026396349515778204,
            5.064975150789896e-19,
            0.015921827198454298,
            0.009827529350475497,
            -2.9835127075589504e-21,
            -0.0023462108448430194,
            -7.350082436666136e-20,
            0.0008983251712956768,
            0.003708322990803854,
            -2.4150413242865856e-20,
            -0.004268210447803251,
            7.518559453667252e-21,
            -0.004953799129467732,
            -0.004453442809693663,
            3.449602902170379e-22,
            0.0004438880288569961,
            2.5328600033832412e-21
        ],
        [
            -0.33491327053699693,
            -0.235597732362949,
            -9.62022124754459e-18,
            -0.06169075738084932,
            3.6803074754639235e-18,
            -0.292642994166888,
            -0.27253733249310264,
            -2.109027161831467e-18,
            0.046023661163880236,
            -9.85050919286593e-19,
            -0.052430348601209015,
            -0.11062890826873101,
            -2.576494271322628e-19,
            0.04751684745610692,
            6.061371395769692e-19,
            0.011040593099948174,
            -0.004399944506225467,
            -1.8858870494641432e-20,
            0.0012852839400871166,
            -5.2836658916877425e-20,
            0.0013063675017894352,
            0.0027500727858355916,
            -3.399042281103408e-20,
            -0.0038623416023135437,
            1.7387569301775526e-20,
            -0.004453442809693674,
            -0.003902520854577466,
            -3.64655101277833e-21,
            0.0002764735391291564,
            6.79708245088308e-21
        ],
        [
            -6.130260396133742e-18,
            -9.62022124754459e-18,
            1.4850809407437358,
            -3.861309293195622e-18,
            -4.350090169138453e-33,
            -1.681977551042382e-17,
            -1.9498659606088366e-17,
            -0.03629167905254013,
            7.827664439307035e-20,
            6.4963913086671e-35,
            -1.5781591441623482e-17,
            -2.0176687999852663e-17,
            -0.0003180572249369024,
            1.3186507655697904e-18,
            -8.579961624041345e-37,
            -9.087702074550786e-18,
            -1.2391241264731827e-17,
            0.0001228929476986742,
            2.8168527641156255e-18,
            1.257487425526345e-35,
            -1.2100620753395644e-18,
            -3.2651962869750008e-18,
            4.868906292324987e-06,
            1.6239320283500858e-18,
            -8.014951558115398e-37,
            1.012223652030075e-18,
            6.276962442194146e-19,
            -1.3627585602204376e-05,
            -2.9239838574490766e-20,
            5.05077461207288e-37
        ],
        [
            -0.047403274529554895,
            -0.06169075738084932,
            -3.861309293195622e-18,
            1.4526415486684308,
            4.0174185920212747e-19,
            -0.12053425722966787,
            -0.05271720263927421,
            -6.211776590240267e-19,
            -0.05504277439427607,
            -6.4691629430486605e-19,
            -0.010785966070372147,
            -0.036675913163681725,
            -7.912340107411814e-20,
            0.010680216629218732,
            1.3088507871737568e-19,
            0.002184922262888605,
            -0.0013671848167672216,
            -5.407197268835644e-21,
            0.00014558825397407337,
            -8.634185888647734e-21,
            0.0005499306238669016,
            0.0009067031061321291,
            -6.114286592689548e-21,
            -0.0006167807003786814,
            3.456328125916543e-21,
            -0.0004438880288569988,
            -0.00027647353912915864,
            -9.390152708504823e-22,
            -1.3049031629617579e-05,
            1.5402605172161079e-21
        ],
        [
            4.337521724451168e-18,
            3.6803074754639235e-18,
            -4.350090169138453e-33,
            4.0174185920212747e-19,
            1.4850809407437355,
            -6.66151302404253e-19,
            -1.6989780564170803e-18,
            -1.9516195636416632e-34,
            -3.539102636011401e-18,
            -0.03629167905254012,
            -8.133249427429287e-18,
            -8.618351947274083e-18,
            6.225813531336324e-36,
            -4.946789526607486e-19,
            -0.0003180572249369024,
            -5.441902049255687e-18,
            -6.787702068184048e-18,
            -1.41585499322873e-35,
            1.871575869097971e-18,
            0.0001228929476986742,
            2.39081994737138e-19,
            -8.592615129096243e-19,
            4.6988434403439855e-36,
            1.1851323669915705e-18,
            4.868906292324987e-06,
            1.5463789641484435e-18,
            1.514551531858226e-18,
            7.337941104895188e-37,
            -2.328188529794161e-19,
            -1.3627585602204376e-05
        ],
        [
            -0.2509671215771948,
            -0.292642994166888,
            -1.681977551042382e-17,
            -0.12053425722966787,
            -6.66151302404253e-19,
            -0.08329914194015475,
            -0.37384866762338087,
            -9.199489500656994e-19,
            0.014973569256451241,
            -2.0650079381355473e-18,
            -0.17379039762491882,
            -0.22752728830939684,
            -1.0205587616254104e-19,
            0.1048436125445944,
            5.492269941189522e-19,
            -0.011866871439338575,
            -0.050801818620323846,
            -6.404039542682733e-20,
            0.011243207774743831,
            5.278298270936754e-20,
            0.0020853147840713135,
            -0.001647281548880796,
            -3.9825322912794854e-20,
            0.00037591390965879845,
            3.561753925976427e-20,
            0.0008983251712956744,
            0.0013063675017894341,
            -1.2892398174795377e-20,
            -0.0005499306238669075,
            1.556310071579005e-20
        ],
        [
            -0.2834021028237906,
            -0.27253733249310264,
            -1.9498659606088366e-17,
            -0.05271720263927421,
            -1.6989780564170803e-18,
            -0.37384866762338087,
            -0.3063434870419266,
            -2.4339394306256204e-18,
            0.01799605909120894,
            -1.9499344117911937e-18,
            -0.22769754418866955,
            -0.23322152175553013,
            -1.3145735575460533e-20,
            0.030382307925483798,
            4.867404337931481e-19,
            -0.06529759400455373,
            -0.1072979510551792,
            -1.3435737466709429e-19,
            0.036785640584138565,
            9.89336730067581e-20,
            -0.0016472815488807811,
            -0.017876666640630964,
            -2.9410587684434295e-20,
            0.006338718160874359,
            3.7031296186164815e-20,
            0.003708322990803841,
            0.0027500727858355877,
            -1.0403941251070313e-20,
            -0.0009067031061321381,
            1.9344418069637956e-20
        ],
        [
            -2.446596115120808e-18,
            -2.109027161831467e-18,
            -0.03629167905254013,
            -6.211776590240267e-19,
            -1.9516195636416632e-34,
            -9.199489500656994e-19,
            -2.4339394306256204e-18,
            1.481782002002934,
            -8.572631830252913e-19,
            2.6436569475551848e-33,
            -3.8433484982763424e-18,
            -4.747315981227179e-18,
            -0.03397908493478839,
            -2.171635304443793e-19,
            4.6072707941193025e-34,
            -5.042664804787568e-18,
            -6.990033273644058e-18,
            -0.0003015628662715415,
            -4.679945776709935e-19,
            -2.493375517949478e-35,
            -6.207365938400182e-18,
            -7.82853115283342e-18,
            1.5494161202796928e-05,
            1.2214917536066918e-19,
            2.7285476972125713e-36,
            -4.046935608735503e-18,
            -5.415521257788849e-18,
            4.868906292324962e-06,
            1.186295081384948e-18,
            -2.0007020691927184e-36
        ],
        [
            0.12026049124820673,
            0.046023661163880236,
            7.827664439307035e-20,
            -0.05504277439427607,
            -3.539102636011401e-18,
            0.014973569256451241,
            0.01799605909120894,
            -8.572631830252913e-19,
            1.4183798452159289,
            3.718586858059946e-19,
            -0.10450607103615514,
            -0.02928492453162551,
            1.612657156022724e-19,
            -0.06426160153208832,
            -1.915735165059018e-19,
            -0.025234606199230025,
            -0.04537371866750955,
            -5.931128244508929e-20,
            0.01094455737380029,
            6.525741729322222e-20,
            -0.0003759139096587881,
            -0.006338718160874358,
            7.114054110569749e-21,
            0.004133190560022386,
            4.3485256743557746e-21,
            0.0042682104478032525,
            0.003862341602313545,
            -9.52854907669932e-22,
            -0.0006167807003786849,
            4.038946681162497e-21
        ],
        [
            -4.447651103413951e-19,
            -9.85050919286593e-19,
            6.4963913086671e-35,
            -6.4691629430486605e-19,
            -0.03629167905254012,
            -2.0650079381355473e-18,
            -1.9499344117911937e-18,
            2.6436569475551848e-33,
            3.718586858059946e-19,
            1.4817820020029338,
            -5.826850160303389e-19,
            -2.542316987734219e-19,
            2.4162975335826754e-34,
            8.656925278837955e-19,
            -0.033979084934788364,
            2.6726628772034267e-18,
            3.6185102056914776e-18,
            -2.213260711626652e-35,
            1.1039344012339137e-18,
            -0.0003015628662715415,
            5.389767502772454e-18,
            6.421454137462389e-18,
            9.526825579558376e-36,
            1.964270754866911e-19,
            1.5494161202796928e-05,
            3.837387574941738e-18,
            5.003009505768172e-18,
            2.2759504882941874e-36,
            -1.0811456760306316e-18,
            4.868906292324962e-06
        ],
        [
            -0.013023886201486303,
            -0.052430348601209015,
            -1.5781591441623482e-17,
            -0.010785966070372147,
            -8.133249427429287e-18,
            -0.17379039762491882,
            -0.22769754418866955,
            -3.8433484982763424e-18,
            -0.10450607103615514,
            -5.826850160303389e-19,
            -0.0840533455211554,
            -0.3714497371018217,
            3.7712011316043296e-19,
            -0.014263536802283329,
            -4.422974187414822e-19,
            -0.2452448312732335,
            -0.2840343427589898,
            -3.007581994173702e-19,
            0.12004208457801374,
            3.0331180255183196e-19,
            -0.011866871439338539,
            -0.06529759400455368,
            4.6072434298093084e-20,
            0.025234606199230052,
            1.3727088871737504e-20,
            0.01592182719845431,
            0.01104059309994818,
            2.8354874859752234e-21,
            -0.0021849222628886264,
            1.7201833931867337e-20
        ],
        [
            -0.06776703830126457,
            -0.11062890826873101,
            -2.0176687999852663e-17,
            -0.036675913163681725,
            -8.618351947274083e-18,
            -0.22752728830939684,
            -0.23322152175553013,
            -4.747315981227179e-18,
            -0.02928492453162551,
            -2.542316987734219e-19,
            -0.3714497371018217,
            -0.3037602076594401,
            7.740309085325581e-20,
            -0.017020506420038405,
            -9.83079546834337e-20,
            -0.28403434275898964,
            -0.27291945106670956,
            -2.341744966468522e-19,
            0.045779032574303935,
            3.3727977125380674e-19,
            -0.0508018186203239,
            -0.1072979510551792,
            3.693536466277072e-20,
            0.04537371866750984,
            1.7782836283865786e-20,
            0.009827529350475483,
            -0.004399944506225488,
            -3.877149364143871e-21,
            0.0013671848167672012,
            1.696619799937973e-20
        ],
        [
            -2.6259637086567277e-19,
            -2.576494271322628e-19,
            -0.0003180572249369024,
            -7.912340107411814e-20,
            6.225813531336324e-36,
            -1.0205587616254104e-19,
            -1.3145735575460533e-20,
            -0.03397908493478839,
            1.612657156022724e-19,
            2.4162975335826754e-34,
            3.7712011316043296e-19,
            7.740309085325581e-20,
            1.478290698865927,
            -3.6718356608543916e-19,
            5.588654083338198e-35,
            -8.045418982693089e-19,
            -8.580837872780719e-19,
            -0.03616302204184049,
            -1.6306944080287993e-19,
            -5.7083290039992384e-36,
            -1.0829797030908799e-18,
            -1.3173832696062375e-18,
            -0.00030156286627154116,
            3.152158042959352e-20,
            4.762298432024902e-37,
            -6.817021565305089e-19,
            -9.157182737166068e-19,
            0.00012289294769867395,
            2.0859210360993673e-19,
            -3.3426736047339396e-37
        ],
        [
            0.026396349515778204,
            0.04751684745610692,
            1.3186507655697904e-18,
            0.010680216629218732,
            -4.946789526607486e-19,
            0.1048436125445944,
            0.030382307925483798,
            -2.171635304443793e-19,
            -0.06426160153208832,
            8.656925278837955e-19,
            -0.014263536802283329,
            -0.017020506420038405,
            -3.6718356608543916e-19,
            1.4155312957723558,
            -3.2227113813250804e-19,
            -0.12004208457801269,
            -0.045779032574303324,
            -7.538101226477754e-20,
            -0.055883294477680145,
            1.3684062182682862e-19,
            -0.01124320777474385,
            -0.03678564058413833,
            2.0919193523513763e-20,
            0.01094455737380029,
            -4.327584577473177e-21,
            0.002346210844843,
            -0.0012852839400871448,
            2.6402524860787535e-21,
            0.00014558825397407453,
            -3.298555523058207e-22
        ],
        [
            5.064975150789896e-19,
            6.061371395769692e-19,
            -8.579961624041345e-37,
            1.3088507871737568e-19,
            -0.0003180572249369024,
            5.492269941189522e-19,
            4.867404337931481e-19,
            4.6072707941193025e-34,
            -1.915735165059018e-19,
            -0.033979084934788364,
            -4.422974187414822e-19,
            -9.83079546834337e-20,
            5.588654083338198e-35,
            -3.2227113813250804e-19,
            1.4782906988659268,
            3.587141320950791e-19,
            7.459044931578723e-19,
            -1.3085136913045062e-35,
            7.326960204804109e-19,
            -0.036163022041840465,
            2.0457179992690744e-18,
            2.255644915423992e-18,
            4.1520029309579514e-36,
            1.3932709207169444e-19,
            -0.00030156286627154116,
            1.4860521800214402e-18,
            1.9108954988310147e-18,
            8.55086417893053e-37,
            -4.297899644574337e-19,
            0.00012289294769867395
        ],
        [
            0.015921827198454298,
            0.011040593099948174,
            -9.087702074550786e-18,
            0.002184922262888605,
            -5.441902049255687e-18,
            -0.011866871439338575,
            -0.06529759400455373,
            -5.042664804787568e-18,
            -0.025234606199230025,
            2.6726628772034267e-18,
            -0.2452448312732335,
            -0.28403434275898964,
            -8.045418982693089e-19,
            -0.12004208457801269,
            3.587141320950791e-19,
            -0.08405334552115495,
            -0.3714497371018224,
            8.440340162083366e-20,
            0.014263536802283101,
            2.0428335292817235e-19,
            -0.17379039762491888,
            -0.22769754418866978,
            4.001209911761723e-20,
            0.10450607103615492,
            -2.5303034096100204e-20,
            -0.013023886201486345,
            -0.05243034860120904,
            -6.406213640169682e-21,
            0.010785966070372119,
            -1.104390509610676e-20
