{
    "HF": -2.958179560649587,
    "coordinates": [
        [
            0.0,
            0.0,
            0.0
        ],
        [
            1.6,
            0.0,
            0.0
        ],
        [
            3.2,
            0.0,
            0.0
        ],
        [
            4.8,
            0.0,
            0.0
        ],
        [
            6.4,
            0.0,
            0.0
        ],
        [
            8.0,
            0.0,
            0.0
        ]
    ],
    "elements": [
        "H",
        "H",
        "H",
        "H",
        "H",
        "H"
    ],
    "Enn": 2.877401084377499,
    "S": [
        [
            0.9999999999999999,
            0.6848602514927513,
            0.0,
            0.0,
            0.0,
            0.09650198567979373,
            0.28015292036227113,
            0.0,
            -0.12810074212834316,
            0.0,
            0.00019568236525071463,
            0.019469212673647443,
            0.0,
            -0.00012652573221113938,
            0.0,
            7.543222672631393e-09,
            0.00023628320842695666,
            0.0,
            -6.33259404970958e-10,
            0.0,
            5.004838830278721e-15,
            5.06864057569082e-07,
            0.0,
            -1.8162820882573895e-17,
            0.0,
            5.702100965555621e-23,
            1.912176165122828e-10,
            0.0,
            -3.148389748518855e-27,
            0.0
        ],
        [
            0.6848602514927513,
            1.0000000000000002,
            0.0,
            0.0,
            0.0,
            0.28015292036227124,
            0.5725486991197352,
            0.0,
            -0.16753330661609553,
            0.0,
            0.019469212673647453,
            0.10746071577775125,
            0.0,
            -0.01909051504014774,
            0.0,
            0.00023628320842695666,
            0.006611680979764237,
            0.0,
            -0.00024157559247100808,
            0.0,
            5.068640575690829e-07,
            0.00013335181037539266,
            0.0,
            -4.0234035843469637e-07,
            0.0,
            1.912176165122828e-10,
            8.816796282761098e-07,
            0.0,
            -9.301716088222044e-11,
            0.0
        ],
        [
            0.0,
            0.0,
            1.0000000000000004,
            0.0,
            0.0,
            0.0,
            0.0,
            0.03604128888142802,
            0.0,
            0.0,
            0.0,
            0.0,
            1.6873347626513849e-06,
            0.0,
            0.0,
            0.0,
            0.0,
            1.0261310316162752e-13,
            0.0,
            0.0,
            0.0,
            0.0,
            8.105970445249974e-24,
            0.0,
            0.0,
            0.0,
            0.0,
            0.0,
            0.0,
            0.0
        ],
        [
            0.0,
            0.0,
            0.0,
            1.0000000000000004,
            0.0,
            0.12810074212834316,
            0.1675333066160954,
            0.0,
            -0.20349561053711857,
            0.0,
            0.00012652573221113938,
            0.019090515040147728,
            0.0,
            -4.316998858739276e-05,
            0.0,
            6.332594049709555e-10,
            0.00024157559247100753,
            0.0,
            -6.035253438383109e-12,
            0.0,
            1.8162820882573895e-17,
            4.02340358434696e-07,
            0.0,
            -8.53873869896851e-22,
            0.0,
            3.1483897485188538e-27,
            9.301716088222071e-11,
            0.0,
            0.0,
            0.0
        ],
        [
            0.0,
            0.0,
            0.0,
            0.0,
            1.0000000000000004,
            0.0,
            0.0,
            0.0,
            0.0,
            0.03604128888142802,
            0.0,
            0.0,
            0.0,
            0.0,
            1.6873347626513849e-06,
            0.0,
            0.0,
            0.0,
            0.0,
            1.0261310316162752e-13,
            0.0,
            0.0,
            0.0,
            0.0,
            8.105970445249974e-24,
            0.0,
            0.0,
            0.0,
            0.0,
            0.0
        ],
        [
            0.09650198567979373,
            0.28015292036227113,
            0.0,
            0.12810074212834316,
            0.0,
            0.9999999999999999,
            0.6848602514927513,
            0.0,
            0.0,
            0.0,
            0.09650198567979373,
            0.28015292036227113,
            0.0,
            -0.12810074212834313,
            0.0,
            0.00019568236525071566,
            0.019469212673647488,
            0.0,
            -0.00012652573221114,
            0.0,
            7.543222672631338e-09,
            0.00023628320842695625,
            0.0,
            -6.332594049709533e-10,
            0.0,
            5.0048388302787934e-15,
            5.068640575690847e-07,
            0.0,
            -1.8162820882574145e-17,
            0.0
        ],
        [
            0.28015292036227124,
            0.5725486991197352,
            0.0,
            0.16753330661609553,
            0.0,
            0.6848602514927513,
            1.0000000000000002,
            0.0,
            0.0,
            0.0,
            0.28015292036227124,
            0.5725486991197352,
            0.0,
            -0.16753330661609533,
            0.0,
            0.0194692126736475,
            0.10746071577775138,
            0.0,
            -0.019090515040147773,
            0.0,
            0.00023628320842695622,
            0.006611680979764226,
            0.0,
            -0.0002415755924710071,
            0.0,
            5.068640575690858e-07,
            0.0001333518103753931,
            0.0,
            -4.023403584346993e-07,
            0.0
        ],
        [
            0.0,
            0.0,
            0.03604128888142802,
            0.0,
            0.0,
            0.0,
            0.0,
            1.0000000000000004,
            0.0,
            0.0,
            0.0,
            0.0,
            0.03604128888142802,
            0.0,
            0.0,
            0.0,
            0.0,
            1.6873347626513967e-06,
            0.0,
            0.0,
            0.0,
            0.0,
            1.0261310316162644e-13,
            0.0,
            0.0,
            0.0,
            0.0,
            8.105970445250203e-24,
            0.0,
            0.0
        ],
        [
            -0.12810074212834316,
            -0.1675333066160953,
            0.0,
            -0.20349561053711857,
            0.0,
            0.0,
            0.0,
            0.0,
            1.0000000000000004,
            0.0,
            0.12810074212834313,
            0.1675333066160953,
            0.0,
            -0.20349561053711857,
            0.0,
            0.00012652573221114,
            0.01909051504014776,
            0.0,
            -4.3169988587393045e-05,
            0.0,
            6.332594049709533e-10,
            0.0002415755924710072,
            0.0,
            -6.035253438383047e-12,
            0.0,
            1.8162820882574145e-17,
            4.023403584346989e-07,
            0.0,
            -8.538738698968749e-22,
            0.0
        ],
        [
            0.0,
            0.0,
            0.0,
            0.0,
            0.03604128888142802,
            0.0,
            0.0,
            0.0,
            0.0,
            1.0000000000000004,
            0.0,
            0.0,
            0.0,
            0.0,
            0.03604128888142802,
            0.0,
            0.0,
            0.0,
            0.0,
            1.6873347626513967e-06,
            0.0,
            0.0,
            0.0,
            0.0,
            1.0261310316162644e-13,
            0.0,
            0.0,
            0.0,
            0.0,
            8.105970445250203e-24
        ],
        [
            0.00019568236525071463,
            0.019469212673647443,
            0.0,
            0.00012652573221113938,
            0.0,
            0.09650198567979373,
            0.28015292036227113,
            0.0,
            0.12810074212834313,
            0.0,
            0.9999999999999999,
            0.6848602514927513,
            0.0,
            0.0,
            0.0,
            0.09650198567979398,
            0.2801529203622715,
            0.0,
            -0.1281007421283436,
            0.0,
            0.00019568236525071463,
            0.019469212673647443,
            0.0,
            -0.00012652573221113935,
            0.0,
            7.543222672631393e-09,
            0.00023628320842695666,
            0.0,
            -6.33259404970958e-10,
            0.0
        ],
        [
            0.019469212673647453,
            0.10746071577775125,
            0.0,
            0.01909051504014774,
            0.0,
            0.28015292036227124,
            0.5725486991197352,
            0.0,
            0.16753330661609553,
            0.0,
            0.6848602514927513,
            1.0000000000000002,
            0.0,
            0.0,
            0.0,
            0.2801529203622715,
            0.5725486991197355,
            0.0,
            -0.16753330661609553,
            0.0,
            0.019469212673647453,
            0.10746071577775125,
            0.0,
            -0.01909051504014772,
            0.0,
            0.00023628320842695666,
            0.006611680979764237,
            0.0,
            -0.0002415755924710079,
            0.0
        ],
        [
            0.0,
            0.0,
            1.6873347626513849e-06,
            0.0,
            0.0,
            0.0,
            0.0,
            0.03604128888142802,
            0.0,
            0.0,
            0.0,
            0.0,
            1.0000000000000004,
            0.0,
            0.0,
            0.0,
            0.0,
            0.03604128888142818,
            0.0,
            0.0,
            0.0,
            0.0,
            1.6873347626513849e-06,
            0.0,
            0.0,
            0.0,
            0.0,
            1.0261310316162752e-13,
            0.0,
            0.0
        ],
        [
            -0.00012652573221113938,
            -0.01909051504014772,
            0.0,
            -4.316998858739276e-05,
            0.0,
            -0.12810074212834313,
            -0.1675333066160953,
            0.0,
            -0.20349561053711857,
            0.0,
            0.0,
            0.0,
            0.0,
            1.0000000000000004,
            0.0,
            0.12810074212834352,
            0.1675333066160955,
            0.0,
            -0.20349561053711918,
            0.0,
            0.00012652573221113935,
            0.01909051504014772,
            0.0,
            -4.316998858739276e-05,
            0.0,
            6.332594049709555e-10,
            0.00024157559247100745,
            0.0,
            -6.035253438383109e-12,
            0.0
        ],
        [
            0.0,
            0.0,
            0.0,
            0.0,
            1.6873347626513849e-06,
            0.0,
            0.0,
            0.0,
            0.0,
            0.03604128888142802,
            0.0,
            0.0,
            0.0,
            0.0,
            1.0000000000000004,
            0.0,
            0.0,
            0.0,
            0.0,
            0.03604128888142818,
            0.0,
            0.0,
            0.0,
            0.0,
            1.6873347626513849e-06,
            0.0,
            0.0,
            0.0,
            0.0,
            1.0261310316162752e-13
        ],
        [
            7.543222672631393e-09,
            0.00023628320842695666,
            0.0,
            6.33259404970958e-10,
            0.0,
            0.00019568236525071566,
            0.019469212673647488,
            0.0,
            0.00012652573221114,
            0.0,
            0.09650198567979398,
            0.2801529203622715,
            0.0,
            0.1281007421283436,
            0.0,
            0.9999999999999999,
            0.6848602514927513,
            0.0,
            0.0,
            0.0,
            0.0965019856797935,
            0.2801529203622709,
            0.0,
            -0.12810074212834277,
            0.0,
            0.00019568236525071463,
            0.019469212673647443,
            0.0,
            -0.00012652573221113935,
            0.0
        ],
        [
            0.00023628320842695666,
            0.006611680979764237,
            0.0,
            0.00024157559247100808,
            0.0,
            0.0194692126736475,
            0.10746071577775138,
            0.0,
            0.019090515040147773,
            0.0,
            0.2801529203622715,
            0.5725486991197355,
            0.0,
            0.16753330661609553,
            0.0,
            0.6848602514927513,
            1.0000000000000002,
            0.0,
            0.0,
            0.0,
            0.28015292036227096,
            0.5725486991197348,
            0.0,
            -0.16753330661609517,
            0.0,
            0.019469212673647453,
            0.10746071577775125,
            0.0,
            -0.01909051504014772,
            0.0
        ],
        [
            0.0,
            0.0,
            1.0261310316162752e-13,
            0.0,
            0.0,
            0.0,
            0.0,
            1.6873347626513967e-06,
            0.0,
            0.0,
            0.0,
            0.0,
            0.03604128888142818,
            0.0,
            0.0,
            0.0,
            0.0,
            1.0000000000000004,
            0.0,
            0.0,
            0.0,
            0.0,
            0.03604128888142788,
            0.0,
            0.0,
            0.0,
            0.0,
            1.6873347626513849e-06,
            0.0,
            0.0
        ],
        [
            -6.332594049709555e-10,
            -0.00024157559247100745,
            0.0,
            -6.035253438383109e-12,
            0.0,
            -0.00012652573221114,
            -0.01909051504014776,
            0.0,
            -4.3169988587393045e-05,
            0.0,
            -0.12810074212834352,
            -0.1675333066160955,
            0.0,
            -0.20349561053711918,
            0.0,
            0.0,
            0.0,
            0.0,
            1.0000000000000004,
            0.0,
            0.12810074212834274,
            0.16753330661609514,
            0.0,
            -0.20349561053711804,
            0.0,
            0.00012652573221113935,
            0.01909051504014772,
            0.0,
            -4.316998858739276e-05,
            0.0
        ],
        [
            0.0,
            0.0,
            0.0,
            0.0,
            1.0261310316162752e-13,
            0.0,
            0.0,
            0.0,
            0.0,
            1.6873347626513967e-06,
            0.0,
            0.0,
            0.0,
            0.0,
            0.03604128888142818,
            0.0,
            0.0,
            0.0,
            0.0,
            1.0000000000000004,
            0.0,
            0.0,
            0.0,
            0.0,
            0.03604128888142788,
            0.0,
            0.0,
            0.0,
            0.0,
            1.6873347626513849e-06
        ],
        [
            5.004838830278721e-15,
            5.06864057569082e-07,
            0.0,
            1.8162820882573895e-17,
            0.0,
            7.543222672631338e-09,
            0.00023628320842695625,
            0.0,
            6.332594049709534e-10,
            0.0,
            0.00019568236525071463,
            0.019469212673647443,
            0.0,
            0.00012652573221113935,
            0.0,
            0.0965019856797935,
            0.2801529203622709,
            0.0,
            0.12810074212834277,
            0.0,
            0.9999999999999999,
            0.6848602514927513,
            0.0,
            0.0,
            0.0,
            0.09650198567979398,
            0.2801529203622715,
            0.0,
            -0.1281007421283436,
            0.0
        ],
        [
            5.068640575690829e-07,
            0.00013335181037539266,
            0.0,
            4.0234035843469637e-07,
            0.0,
            0.00023628320842695622,
            0.006611680979764226,
            0.0,
            0.00024157559247100726,
            0.0,
            0.019469212673647453,
            0.10746071577775125,
            0.0,
            0.01909051504014774,
            0.0,
            0.28015292036227096,
            0.5725486991197348,
            0.0,
            0.16753330661609517,
            0.0,
            0.6848602514927513,
            1.0000000000000002,
            0.0,
            0.0,
            0.0,
            0.2801529203622715,
            0.5725486991197355,
            0.0,
            -0.16753330661609553,
            0.0
        ],
        [
            0.0,
            0.0,
            8.105970445249974e-24,
            0.0,
            0.0,
            0.0,
            0.0,
            1.0261310316162644e-13,
            0.0,
            0.0,
            0.0,
            0.0,
            1.6873347626513849e-06,
            0.0,
            0.0,
            0.0,
            0.0,
            0.03604128888142788,
            0.0,
            0.0,
            0.0,
            0.0,
            1.0000000000000004,
            0.0,
            0.0,
            0.0,
            0.0,
            0.03604128888142818,
            0.0,
            0.0
        ],
        [
            -1.8162820882573895e-17,
            -4.023403584346958e-07,
            0.0,
            -8.53873869896851e-22,
            0.0,
            -6.332594049709533e-10,
            -0.00024157559247100705,
            0.0,
            -6.035253438383047e-12,
            0.0,
            -0.00012652573221113935,
            -0.01909051504014772,
            0.0,
            -4.316998858739276e-05,
            0.0,
            -0.12810074212834274,
            -0.16753330661609514,
            0.0,
            -0.20349561053711804,
            0.0,
            0.0,
            0.0,
            0.0,
            1.0000000000000004,
            0.0,
            0.12810074212834352,
            0.1675333066160955,
            0.0,
            -0.20349561053711918,
            0.0
        ],
        [
            0.0,
            0.0,
            0.0,
            0.0,
            8.105970445249974e-24,
            0.0,
            0.0,
            0.0,
            0.0,
            1.0261310316162644e-13,
            0.0,
            0.0,
            0.0,
            0.0,
            1.6873347626513849e-06,
            0.0,
            0.0,
            0.0,
            0.0,
            0.03604128888142788,
            0.0,
            0.0,
            0.0,
            0.0,
            1.0000000000000004,
            0.0,
            0.0,
            0.0,
            0.0,
            0.03604128888142818
        ],
        [
            5.702100965555621e-23,
            1.912176165122828e-10,
            0.0,
            3.148389748518855e-27,
            0.0,
            5.0048388302787934e-15,
            5.068640575690847e-07,
            0.0,
            1.8162820882574148e-17,
            0.0,
            7.543222672631393e-09,
            0.00023628320842695666,
            0.0,
            6.33259404970958e-10,
            0.0,
            0.00019568236525071463,
            0.019469212673647443,
            0.0,
            0.00012652573221113935,
            0.0,
            0.09650198567979398,
            0.2801529203622715,
            0.0,
            0.1281007421283436,
            0.0,
            0.9999999999999999,
            0.6848602514927513,
            0.0,
            0.0,
            0.0
        ],
        [
            1.912176165122828e-10,
            8.816796282761098e-07,
            0.0,
            9.301716088222044e-11,
            0.0,
            5.068640575690858e-07,
            0.0001333518103753931,
            0.0,
            4.023403584346993e-07,
            0.0,
            0.00023628320842695666,
            0.006611680979764237,
            0.0,
            0.00024157559247100808,
            0.0,
            0.019469212673647453,
            0.10746071577775125,
            0.0,
            0.01909051504014772,
            0.0,
            0.2801529203622715,
            0.5725486991197355,
            0.0,
            0.16753330661609553,
            0.0,
            0.6848602514927513,
            1.0000000000000002,
            0.0,
            0.0,
            0.0
        ],
        [
            0.0,
            0.0,
            0.0,
            0.0,
            0.0,
            0.0,
            0.0,
            8.105970445250203e-24,
            0.0,
            0.0,
            0.0,
            0.0,
            1.0261310316162752e-13,
            0.0,
            0.0,
            0.0,
            0.0,
            1.6873347626513849e-06,
            0.0,
            0.0,
            0.0,
            0.0,
            0.03604128888142818,
            0.0,
            0.0,
            0.0,
            0.0,
            1.0000000000000004,
            0.0,
            0.0
        ],
        [
            -3.1483897485188538e-27,
            -9.301716088222068e-11,
            0.0,
            0.0,
            0.0,
            -1.8162820882574145e-17,
            -4.023403584346987e-07,
            0.0,
            -8.538738698968747e-22,
            0.0,
            -6.332594049709555e-10,
            -0.00024157559247100745,
            0.0,
            -6.035253438383109e-12,
            0.0,
            -0.00012652573221113935,
            -0.01909051504014772,
            0.0,
            -4.316998858739276e-05,
            0.0,
            -0.12810074212834352,
            -0.1675333066160955,
            0.0,
            -0.20349561053711918,
            0.0,
            0.0,
            0.0,
            0.0,
            1.0000000000000004,
            0.0
        ],
        [
            0.0,
            0.0,
            0.0,
            0.0,
            0.0,
            0.0,
            0.0,
            0.0,
            0.0,
            8.105970445250203e-24,
            0.0,
            0.0,
            0.0,
            0.0,
            1.0261310316162752e-13,
            0.0,
            0.0,
            0.0,
            0.0,
            1.6873347626513849e-06,
            0.0,
            0.0,
            0.0,
            0.0,
            0.03604128888142818,
            0.0,
            0.0,
            0.0,
            0.0,
            1.0000000000000004
        ]
    ],
    "h": [
        [
            -0.047828211818506494,
            -0.32611566669075065,
            1.2424155909010902e-17,
            -0.036431431757632526,
            -8.693098650401953e-18,
            -0.22302105701369232,
            -0.2650777907932409,
            1.1881169929162803e-18,
            0.11439480971106838,
            1.835579777237057e-18,
            -0.009101297051307895,
            -0.05351101592420443,
            -2.2233724649890032e-20,
            0.01988785605894214,
            2.9195459929542e-19,
            0.014352593117642356,
            0.010913257345628218,
            3.7186982959755357e-20,
            -0.002065427014912966,
            7.596326724654917e-20,
            0.0006272766383713275,
            0.0031416091334052444,
            3.522794615994148e-20,
            -0.003310148725716504,
            1.0217403968337845e-20,
            -0.004300061389895876,
            -0.004081380291011666,
            8.446068475141943e-21,
            0.00038439465767038054,
            -3.7341456067538736e-20
        ],
        [
            -0.32611566669075065,
            -0.225912702894135,
            1.5576004470746384e-17,
            -0.049885628245640995,
            -9.377717017493313e-18,
            -0.2715843744474178,
            -0.25928097587183574,
            -1.346813656726347e-19,
            0.04054392858680689,
            2.61887481400853e-18,
            -0.03911960252143611,
            -0.09326394966316508,
            -1.009918544068495e-19,
            0.03757431746919243,
            2.7198389787108003e-19,
            0.011793297101855284,
            0.0016524070409760158,
            2.182731796987238e-20,
            1.95563859107439e-05,
            6.357758705659631e-20,
            0.0010360394483872565,
            0.00290712893204673,
            2.9288283887878e-20,
            -0.003199438220019406,
            7.52407585712051e-21,
            -0.0040813802910116635,
            -0.0037761713720661687,
            6.352173085474323e-21,
            0.00028083865917896857,
            -3.788141381360328e-20
        ],
        [
            1.2424155909010902e-17,
            1.5576004470746384e-17,
            1.4812649137213931,
            4.333732416137347e-18,
            2.0105447709461128e-33,
            1.7259346266360214e-17,
            2.0125924555835864e-17,
            -0.03590658647442221,
            -4.062933624038956e-18,
            1.5199304856215593e-33,
            8.98051337085298e-18,
            1.4113699705182138e-17,
            -0.00017963364616630488,
            -1.0751777750771619e-18,
            -4.718988622568335e-35,
            8.007687368114994e-18,
            1.187032204204177e-17,
            9.735345399310499e-05,
            2.011838030644542e-19,
            -5.804083547704425e-35,
            9.084406296572537e-18,
            1.1904052393158889e-17,
            2.987326503060158e-06,
            -1.4955870178661935e-19,
            -1.3653188534875123e-35,
            6.093756835574756e-18,
            8.158861734421084e-18,
            -1.0412954317234914e-05,
            -1.5499959736258784e-18,
            3.4228491104392125e-35
        ],
        [
            -0.036431431757632526,
            -0.049885628245640995,
            4.333732416137347e-18,
            1.4577180668160976,
            -1.995783973529836e-18,
            -0.1145450984540396,
            -0.04522635179694748,
            -2.3155391964216466e-19,
            0.017809535422738276,
            1.036918794489977e-18,
            -0.0071413119865616805,
            -0.02851026986155099,
            -2.946014362007691e-21,
            0.0069941407249475085,
            6.48588211319426e-20,
            0.0019553350376264175,
            -7.065372874744461e-05,
            5.138083819919609e-21,
            -5.225195772024133e-07,
            1.048410220346857e-20,
            0.00039995565756550206,
            0.0007555537826814806,
            4.011113056939693e-21,
            -0.00045593648397768084,
            8.21920967235055e-22,
            -0.0003843946576703861,
            -0.0002808386591789764,
            6.2201825046630535e-22,
            2.0695563844212954e-06,
            -4.380728936235509e-21
        ],
        [
            -8.693098650401953e-18,
            -9.377717017493313e-18,
            2.0105447709461128e-33,
            -1.995783973529836e-18,
            1.481264913721393,
            -5.7108404695136005e-18,
            -5.742750934274455e-18,
            1.9961770909863783e-34,
            4.511401750645629e-18,
            -0.03590658647442221,
            4.816521425568041e-18,
            3.936946242533359e-18,
            -7.014897168270683e-35,
            9.565625954359954e-19,
            -0.00017963364616630488,
            3.4627581201027134e-18,
            3.984859881021764e-18,
            -3.991945725382776e-36,
            -1.368391591017438e-18,
            9.735345399310499e-05,
            -1.4148828089087667e-18,
            -9.499369391177675e-19,
            2.6408303421297264e-36,
            -8.623330999647294e-19,
            2.987326503060158e-06,
            -2.0909849334359756e-18,
            -2.392344809963934e-18,
            -1.3005702215925681e-36,
            3.820651141916297e-19,
            -1.0412954317234914e-05
        ],
        [
            -0.22302105701369232,
            -0.2715843744474178,
            1.7259346266360214e-17,
            -0.1145450984540396,
            -5.7108404695136005e-18,
            -0.06891338141618442,
            -0.35822925222098934,
            -3.9279496142411725e-18,
            0.011629505225640598,
            3.05805298378826e-18,
            -0.14785883312440606,
            -0.20566568749692182,
            -3.248064334918401e-19,
            0.0990786550771848,
            -3.836851308616181e-20,
            -0.008105138480629378,
            -0.03770314627032231,
            -4.570332622031605e-20,
            0.0074711719479741735,
            -3.575553154098455e-20,
            0.001859394745344918,
            -0.0002801327461870972,
            -1.2276063846458851e-20,
            0.00013291699240202786,
            -1.0274369930704026e-20,
            0.0006272766383713407,
            0.0010360394483872732,
            -4.03170554923633e-21,
            -0.0003999556575655121,
            -5.554189874597624e-21
        ],
        [
            -0.2650777907932409,
            -0.25928097587183574,
            2.0125924555835864e-17,
            -0.04522635179694748,
            -5.742750934274455e-18,
            -0.35822925222098934,
            -0.2881880715806835,
            -4.549115549341792e-18,
            0.015662428772192604,
            2.371321231225232e-18,
            -0.20575776099435494,
            -0.2138570697983896,
            -2.3081068613765882e-19,
            0.026019954190816957,
            -1.1009302079886463e-19,
            -0.05126690544026428,
            -0.09025318674008259,
            -2.5557417678996838e-20,
            0.0286055829376932,
            -8.13400665841221e-20,
            -0.00028013274618708087,
            -0.011810280386739659,
            -1.075993562264154e-20,
            0.004184325653627712,
            -1.7928941698530192e-20,
            0.0031416091334052834,
            0.002907128932046778,
            5.735739345050688e-22,
            -0.0007555537826814974,
            1.1045904954557064e-20
        ],
        [
            1.1881169929162803e-18,
            -1.346813656726347e-19,
            -0.03590658647442221,
            -2.3155391964216466e-19,
            1.9961770909863783e-34,
            -3.9279496142411725e-18,
            -4.549115549341792e-18,
            1.4809304811985724,
            -4.709934281140625e-19,
            -7.305038253577902e-34,
            -6.009641349756979e-18,
            -7.144398025028284e-18,
            -0.03332421258037712,
            3.5547662539683344e-19,
            -1.0371808613392179e-35,
            -4.291662405797119e-18,
            -5.930671110560153e-18,
            -0.0001669183047643244,
            6.210085982660896e-19,
            1.2791758667215835e-35,
            -2.5240019148280073e-18,
            -3.676360649976042e-18,
            1.2482139470263555e-05,
            4.1790169837041367e-19,
            2.6126057405023608e-36,
            -1.200413205223388e-18,
            -1.7765081144880523e-18,
            2.987326503060232e-06,
            3.754089332797591e-19,
            -6.180708315977118e-36
        ],
        [
            0.11439480971106838,
            0.04054392858680689,
            -4.062933624038956e-18,
            0.017809535422738276,
            4.511401750645629e-18,
            0.011629505225640598,
            0.015662428772192604,
            -4.709934281140625e-19,
            1.4345308845697906,
            -2.046658442216507e-18,
            -0.09871813424251608,
            -0.02505876210359359,
            -4.0776019622652175e-20,
            0.009743185495586892,
            -2.8551254650830636e-19,
            -0.018978659002906753,
            -0.035968532508128766,
            -1.4422188962217615e-20,
            0.007145090342775897,
            -6.232747950798926e-20,
            -0.0001329169924020012,
            -0.004184325653627682,
            -1.2186264292164265e-20,
            0.0028456390964386215,
            -1.1765962578848757e-20,
            0.0033101487257165304,
            0.003199438220019438,
            1.3642986075362983e-22,
            -0.00045593648397768534,
            2.27989661068857e-20
        ],
        [
            1.835579777237057e-18,
            2.61887481400853e-18,
            1.5199304856215593e-33,
            1.036918794489977e-18,
            -0.03590658647442221,
            3.05805298378826e-18,
            2.371321231225232e-18,
            -7.305038253577902e-34,
            -2.046658442216507e-18,
            1.4809304811985722,
            -2.5434493222315524e-18,
            -2.20640061229277e-18,
            -1.0616411723377509e-34,
            -5.154435536133171e-19,
            -0.03332421258037712,
            -2.82935471073759e-18,
            -3.734343514803628e-18,
            -3.717215869915718e-36,
            1.669782966775183e-19,
            -0.0001669183047643244,
            -2.260599519671506e-18,
            -3.087109363451624e-18,
            1.2378730705659443e-36,
            2.198895387988464e-19,
            1.2482139470263555e-05,
            -1.2543832115022943e-18,
            -1.7671157860437104e-18,
            -5.500375010234041e-37,
            3.62005496949629e-19,
            2.987326503060232e-06
        ],
        [
            -0.009101297051307895,
            -0.03911960252143611,
            8.98051337085298e-18,
            -0.0071413119865616805,
            4.816521425568041e-18,
            -0.14785883312440606,
            -0.20575776099435494,
            -6.009641349756979e-18,
            -0.09871813424251608,
            -2.5434493222315524e-18,
            -0.06959563331948293,
            -0.3559710872578261,
            1.2884008368848867e-19,
            -0.011069051437793792,
            -6.761321174777678e-19,
            -0.21760503482530835,
            -0.2639449052385441,
            1.2703794163601044e-20,
            0.11390303106025029,
            -3.0043618630409025e-19,
            -0.008105138480629302,
            -0.051266905440264125,
            -4.13294849622766e-20,
            0.01897865900290674,
            -4.523743097896113e-20,
            0.014352593117642436,
            0.011793297101855392,
            5.57235689433504e-21,
            -0.001955335037626433,
            1.0098293300264762e-19
        ],
        [
            -0.05351101592420443,
            -0.09326394966316508,
            1.4113699705182138e-17,
            -0.02851026986155099,
            3.936946242533359e-18,
            -0.20566568749692182,
            -0.2138570697983896,
            -7.144398025028284e-18,
            -0.02505876210359359,
            -2.20640061229277e-18,
            -0.3559710872578261,
            -0.28527689212974905,
            -1.4384554253514427e-19,
            -0.014783479358201422,
            -7.292974420557294e-19,
            -0.26394490523854475,
            -0.2578790706174766,
            -6.104999204801913e-20,
            0.04026284942989994,
            -2.1599321889981564e-19,
            -0.037703146270322285,
            -0.09025318674008245,
            -4.5231551262283474e-20,
            0.03596853250812876,
            -3.5499349975360756e-20,
            0.010913257345628275,
            0.0016524070409760592,
            4.159797552723114e-21,
            7.065372874743626e-05,
            8.923542616548595e-20
        ],
        [
            -2.2233724649890032e-20,
            -1.009918544068495e-19,
            -0.00017963364616630488,
            -2.946014362007691e-21,
            -7.014897168270683e-35,
            -3.248064334918401e-19,
            -2.3081068613765882e-19,
            -0.03332421258037712,
            -4.0776019622652175e-20,
            -1.0616411723377509e-34,
            1.2884008368848867e-19,
            -1.4384554253514427e-19,
            1.4774884161090245,
            -8.769974148230184e-20,
            3.191537609673529e-35,
            -5.205080424788532e-19,
            -7.803702501916707e-19,
            -0.03573773045344036,
            -3.1578912198938313e-19,
            1.438745975885634e-35,
            -1.3126176808636175e-18,
            -1.5385812261455083e-18,
            -0.00016691830476432335,
            -2.135571083460263e-20,
            2.425217294596756e-36,
            -8.823380288926545e-19,
            -1.1681219839492292e-18,
            9.735345399310548e-05,
            2.4045793176352706e-19,
            -4.9994191462452165e-36
        ],
        [
            0.01988785605894214,
            0.03757431746919243,
            -1.0751777750771619e-18,
            0.0069941407249475085,
            9.565625954359954e-19,
            0.0990786550771848,
            0.026019954190816957,
            3.5547662539683344e-19,
            0.009743185495586892,
            -5.154435536133171e-19,
            -0.011069051437793792,
            -0.014783479358201422,
            -8.769974148230184e-20,
            1.431558011376925,
            -1.542059810044182e-19,
            -0.11390303106025002,
            -0.040262849429900105,
            -1.2581622152329647e-20,
            0.017081714015056204,
            -5.468429987360675e-20,
            -0.00747117194797422,
            -0.02860558293769327,
            -8.279936092705791e-21,
            0.0071450903427758925,
            -8.422103337364145e-21,
            0.002065427014912941,
            -1.9556385910773715e-05,
            1.9553768856586967e-21,
            -5.225195771928032e-07,
            1.959499058132358e-20
        ],
        [
            2.9195459929542e-19,
            2.7198389787108003e-19,
            -4.718988622568335e-35,
            6.48588211319426e-20,
            -0.00017963364616630488,
            -3.836851308616181e-20,
            -1.1009302079886463e-19,
            -1.0371808613392179e-35,
            -2.8551254650830636e-19,
            -0.03332421258037712,
            -6.761321174777678e-19,
            -7.292974420557294e-19,
            3.191537609673529e-35,
            -1.542059810044182e-19,
            1.4774884161090243,
            -5.836534852263405e-19,
            -5.639560462530336e-19,
            1.4618835012254768e-36,
            3.7104420972600466e-19,
            -0.03573773045344036,
            3.5370348564621266e-19,
            2.726618084632634e-19,
            -4.826296490375689e-37,
            1.0429326077217495e-19,
            -0.00016691830476432335,
            3.44928685832854e-19,
            4.181214821732385e-19,
            1.9679312252446535e-37,
            -8.272834430319129e-20,
            9.735345399310548e-05
        ],
        [
            0.014352593117642356,
            0.011793297101855284,
            8.007687368114994e-18,
            0.0019553350376264175,
            3.4627581201027134e-18,
            -0.008105138480629378,
            -0.05126690544026428,
            -4.291662405797119e-18,
            -0.018978659002906753,
            -2.82935471073759e-18,
            -0.21760503482530835,
            -0.26394490523854475,
            -5.205080424788532e-19,
            -0.11390303106025002,
            -5.836534852263405e-19,
            -0.06959563331948537,
            -0.35597108725782656,
            -1.8328618276122195e-19,
            0.011069051437793919,
            1.6758573929302845e-19,
            -0.14785883312440606,
            -0.20575776099435467,
            -1.4104675577092425e-20,
            0.09871813424251599,
            4.2201805249240467e-20,
            -0.009101297051307914,
            -0.03911960252143605,
            9.717458615158429e-22,
