{
    "HF": -2.908793813976368,
    "coordinates": [
        [
            0.0,
            0.0,
            0.0
        ],
        [
            1.7,
            0.0,
            0.0
        ],
        [
            3.4,
            0.0,
            0.0
        ],
        [
            5.1,
            0.0,
            0.0
        ],
        [
            6.8,
            0.0,
            0.0
        ],
        [
            8.5,
            0.0,
            0.0
        ]
    ],
    "elements": [
        "H",
        "H",
        "H",
        "H",
        "H",
        "H"
    ],
    "Enn": 2.708142197061177,
    "S": [
        [
            0.9999999999999999,
            0.6848602514927513,
            0.0,
            0.0,
            0.0,
            0.07310628369165313,
            0.24971458518402298,
            0.0,
            -0.09715051900072397,
            0.0,
            6.854401830440863e-05,
            0.012333916106724092,
            0.0,
            -3.6619541941819894e-05,
            0.0,
            7.138508755601258e-10,
            8.519463401637975e-05,
            0.0,
            -3.6070499200221525e-11,
            0.0,
            7.568988833775163e-17,
            8.316989235291658e-08,
            0.0,
            -1.0626399358135708e-19,
            0.0,
            8.16083394050076e-26,
            1.1385815212241037e-11,
            0.0,
            0.0,
            0.0
        ],
        [
            0.6848602514927513,
            1.0000000000000002,
            0.0,
            0.0,
            0.0,
            0.2497145851840229,
            0.532835241412299,
            0.0,
            -0.1573850595943901,
            0.0,
            0.012333916106724081,
            0.08060681557134705,
            0.0,
            -0.012395960948713052,
            0.0,
            8.519463401637975e-05,
            0.0034620749838010527,
            0.0,
            -8.475837594785166e-05,
            0.0,
            8.316989235291628e-08,
            4.2216969773312594e-05,
            0.0,
            -5.962892757668131e-08,
            0.0,
            1.1385815212241037e-11,
            1.4615831494407146e-07,
            0.0,
            -4.552260584329667e-12,
            0.0
        ],
        [
            0.0,
            0.0,
            1.0000000000000004,
            0.0,
            0.0,
            0.0,
            0.0,
            0.023483501562978966,
            0.0,
            0.0,
            0.0,
            0.0,
            3.0412450539399513e-07,
            0.0,
            0.0,
            0.0,
            0.0,
            2.1720293286255626e-15,
            0.0,
            0.0,
            0.0,
            0.0,
            8.554717303156145e-27,
            0.0,
            0.0,
            0.0,
            0.0,
            0.0,
            0.0,
            0.0
        ],
        [
            0.0,
            0.0,
            0.0,
            1.0000000000000004,
            0.0,
            0.09715051900072395,
            0.15738505959438995,
            0.0,
            -0.1527111988579384,
            0.0,
            3.661954194181989e-05,
            0.012395960948713041,
            0.0,
            -8.823155934424227e-06,
            0.0,
            3.607049920022138e-11,
            8.475837594785148e-05,
            0.0,
            -1.4449692046689733e-13,
            0.0,
            1.0626399358135705e-19,
            5.962892757668126e-08,
            0.0,
            -1.0184102595324562e-24,
            0.0,
            0.0,
            4.552260584329667e-12,
            0.0,
            0.0,
            0.0
        ],
        [
            0.0,
            0.0,
            0.0,
            0.0,
            1.0000000000000004,
            0.0,
            0.0,
            0.0,
            0.0,
            0.023483501562978966,
            0.0,
            0.0,
            0.0,
            0.0,
            3.0412450539399513e-07,
            0.0,
            0.0,
            0.0,
            0.0,
            2.1720293286255626e-15,
            0.0,
            0.0,
            0.0,
            0.0,
            8.554717303156145e-27,
            0.0,
            0.0,
            0.0,
            0.0,
            0.0
        ],
        [
            0.07310628369165313,
            0.24971458518402298,
            0.0,
            0.09715051900072397,
            0.0,
            0.9999999999999999,
            0.6848602514927513,
            0.0,
            0.0,
            0.0,
            0.07310628369165313,
            0.24971458518402298,
            0.0,
            -0.09715051900072398,
            0.0,
            6.854401830440876e-05,
            0.012333916106724107,
            0.0,
            -3.661954194182001e-05,
            0.0,
            7.138508755601184e-10,
            8.519463401637943e-05,
            0.0,
            -3.607049920022113e-11,
            0.0,
            7.568988833775163e-17,
            8.316989235291658e-08,
            0.0,
            -1.0626399358135705e-19,
            0.0
        ],
        [
            0.2497145851840229,
            0.532835241412299,
            0.0,
            0.1573850595943901,
            0.0,
            0.6848602514927513,
            1.0000000000000002,
            0.0,
            0.0,
            0.0,
            0.2497145851840229,
            0.532835241412299,
            0.0,
            -0.15738505959439023,
            0.0,
            0.012333916106724104,
            0.08060681557134712,
            0.0,
            -0.012395960948713062,
            0.0,
            8.519463401637943e-05,
            0.003462074983801047,
            0.0,
            -8.475837594785107e-05,
            0.0,
            8.316989235291628e-08,
            4.2216969773312594e-05,
            0.0,
            -5.962892757668124e-08,
            0.0
        ],
        [
            0.0,
            0.0,
            0.023483501562978966,
            0.0,
            0.0,
            0.0,
            0.0,
            1.0000000000000004,
            0.0,
            0.0,
            0.0,
            0.0,
            0.023483501562978966,
            0.0,
            0.0,
            0.0,
            0.0,
            3.041245053939962e-07,
            0.0,
            0.0,
            0.0,
            0.0,
            2.1720293286255476e-15,
            0.0,
            0.0,
            0.0,
            0.0,
            8.554717303156145e-27,
            0.0,
            0.0
        ],
        [
            -0.09715051900072395,
            -0.1573850595943899,
            0.0,
            -0.1527111988579384,
            0.0,
            0.0,
            0.0,
            0.0,
            1.0000000000000004,
            0.0,
            0.09715051900072391,
            0.1573850595943899,
            0.0,
            -0.15271119885793838,
            0.0,
            3.661954194182001e-05,
            0.01239596094871306,
            0.0,
            -8.823155934424253e-06,
            0.0,
            3.607049920022114e-11,
            8.475837594785118e-05,
            0.0,
            -1.4449692046689637e-13,
            0.0,
            1.0626399358135708e-19,
            5.962892757668126e-08,
            0.0,
            -1.0184102595324562e-24,
            0.0
        ],
        [
            0.0,
            0.0,
            0.0,
            0.0,
            0.023483501562978966,
            0.0,
            0.0,
            0.0,
            0.0,
            1.0000000000000004,
            0.0,
            0.0,
            0.0,
            0.0,
            0.023483501562978966,
            0.0,
            0.0,
            0.0,
            0.0,
            3.041245053939962e-07,
            0.0,
            0.0,
            0.0,
            0.0,
            2.1720293286255476e-15,
            0.0,
            0.0,
            0.0,
            0.0,
            8.554717303156145e-27
        ],
        [
            6.854401830440863e-05,
            0.012333916106724092,
            0.0,
            3.6619541941819894e-05,
            0.0,
            0.07310628369165313,
            0.24971458518402298,
            0.0,
            0.09715051900072398,
            0.0,
            0.9999999999999999,
            0.6848602514927513,
            0.0,
            0.0,
            0.0,
            0.07310628369165321,
            0.2497145851840231,
            0.0,
            -0.09715051900072416,
            0.0,
            6.854401830440863e-05,
            0.012333916106724092,
            0.0,
            -3.66195419418199e-05,
            0.0,
            7.138508755601258e-10,
            8.519463401637975e-05,
            0.0,
            -3.607049920022151e-11,
            0.0
        ],
        [
            0.012333916106724081,
            0.08060681557134705,
            0.0,
            0.012395960948713052,
            0.0,
            0.2497145851840229,
            0.532835241412299,
            0.0,
            0.1573850595943901,
            0.0,
            0.6848602514927513,
            1.0000000000000002,
            0.0,
            0.0,
            0.0,
            0.2497145851840231,
            0.5328352414122992,
            0.0,
            -0.1573850595943897,
            0.0,
            0.012333916106724081,
            0.08060681557134705,
            0.0,
            -0.012395960948713064,
            0.0,
            8.519463401637975e-05,
            0.0034620749838010527,
            0.0,
            -8.475837594785166e-05,
            0.0
        ],
        [
            0.0,
            0.0,
            3.0412450539399513e-07,
            0.0,
            0.0,
            0.0,
            0.0,
            0.023483501562978966,
            0.0,
            0.0,
            0.0,
            0.0,
            1.0000000000000004,
            0.0,
            0.0,
            0.0,
            0.0,
            0.023483501562979014,
            0.0,
            0.0,
            0.0,
            0.0,
            3.0412450539399513e-07,
            0.0,
            0.0,
            0.0,
            0.0,
            2.1720293286255626e-15,
            0.0,
            0.0
        ],
        [
            -3.661954194181989e-05,
            -0.012395960948713036,
            0.0,
            -8.823155934424227e-06,
            0.0,
            -0.09715051900072398,
            -0.1573850595943899,
            0.0,
            -0.15271119885793838,
            0.0,
            0.0,
            0.0,
            0.0,
            1.0000000000000004,
            0.0,
            0.09715051900072406,
            0.15738505959439,
            0.0,
            -0.15271119885793863,
            0.0,
            3.6619541941819874e-05,
            0.012395960948713036,
            0.0,
            -8.823155934424226e-06,
            0.0,
            3.607049920022138e-11,
            8.475837594785151e-05,
            0.0,
            -1.4449692046689733e-13,
            0.0
        ],
        [
            0.0,
            0.0,
            0.0,
            0.0,
            3.0412450539399513e-07,
            0.0,
            0.0,
            0.0,
            0.0,
            0.023483501562978966,
            0.0,
            0.0,
            0.0,
            0.0,
            1.0000000000000004,
            0.0,
            0.0,
            0.0,
            0.0,
            0.023483501562979014,
            0.0,
            0.0,
            0.0,
            0.0,
            3.0412450539399513e-07,
            0.0,
            0.0,
            0.0,
            0.0,
            2.1720293286255626e-15
        ],
        [
            7.138508755601258e-10,
            8.519463401637975e-05,
            0.0,
            3.6070499200221525e-11,
            0.0,
            6.854401830440876e-05,
            0.012333916106724107,
            0.0,
            3.661954194182001e-05,
            0.0,
            0.07310628369165321,
            0.2497145851840231,
            0.0,
            0.0971505190007241,
            0.0,
            0.9999999999999999,
            0.6848602514927513,
            0.0,
            0.0,
            0.0,
            0.07310628369165299,
            0.2497145851840228,
            0.0,
            -0.09715051900072386,
            0.0,
            6.854401830440863e-05,
            0.012333916106724092,
            0.0,
            -3.66195419418199e-05,
            0.0
        ],
        [
            8.519463401637975e-05,
            0.0034620749838010527,
            0.0,
            8.475837594785166e-05,
            0.0,
            0.012333916106724104,
            0.08060681557134712,
            0.0,
            0.012395960948713062,
            0.0,
            0.2497145851840231,
            0.5328352414122992,
            0.0,
            0.15738505959439,
            0.0,
            0.6848602514927513,
            1.0000000000000002,
            0.0,
            0.0,
            0.0,
            0.24971458518402284,
            0.5328352414122989,
            0.0,
            -0.15738505959439017,
            0.0,
            0.012333916106724081,
            0.08060681557134705,
            0.0,
            -0.012395960948713064,
            0.0
        ],
        [
            0.0,
            0.0,
            2.1720293286255626e-15,
            0.0,
            0.0,
            0.0,
            0.0,
            3.041245053939962e-07,
            0.0,
            0.0,
            0.0,
            0.0,
            0.023483501562979014,
            0.0,
            0.0,
            0.0,
            0.0,
            1.0000000000000004,
            0.0,
            0.0,
            0.0,
            0.0,
            0.023483501562978907,
            0.0,
            0.0,
            0.0,
            0.0,
            3.0412450539399513e-07,
            0.0,
            0.0
        ],
        [
            -3.607049920022138e-11,
            -8.475837594785151e-05,
            0.0,
            -1.4449692046689733e-13,
            0.0,
            -3.6619541941819996e-05,
            -0.01239596094871306,
            0.0,
            -8.823155934424254e-06,
            0.0,
            -0.09715051900072412,
            -0.1573850595943903,
            0.0,
            -0.15271119885793863,
            0.0,
            0.0,
            0.0,
            0.0,
            1.0000000000000004,
            0.0,
            0.09715051900072386,
            0.15738505959439014,
            0.0,
            -0.15271119885793813,
            0.0,
            3.6619541941819874e-05,
            0.012395960948713036,
            0.0,
            -8.823155934424226e-06,
            0.0
        ],
        [
            0.0,
            0.0,
            0.0,
            0.0,
            2.1720293286255626e-15,
            0.0,
            0.0,
            0.0,
            0.0,
            3.041245053939962e-07,
            0.0,
            0.0,
            0.0,
            0.0,
            0.023483501562979014,
            0.0,
            0.0,
            0.0,
            0.0,
            1.0000000000000004,
            0.0,
            0.0,
            0.0,
            0.0,
            0.023483501562978907,
            0.0,
            0.0,
            0.0,
            0.0,
            3.0412450539399513e-07
        ],
        [
            7.568988833775163e-17,
            8.316989235291658e-08,
            0.0,
            1.0626399358135708e-19,
            0.0,
            7.138508755601184e-10,
            8.519463401637943e-05,
            0.0,
            3.607049920022113e-11,
            0.0,
            6.854401830440863e-05,
            0.012333916106724092,
            0.0,
            3.66195419418199e-05,
            0.0,
            0.07310628369165299,
            0.2497145851840228,
            0.0,
            0.09715051900072386,
            0.0,
            0.9999999999999999,
            0.6848602514927513,
            0.0,
            0.0,
            0.0,
            0.07310628369165321,
            0.2497145851840231,
            0.0,
            -0.09715051900072418,
            0.0
        ],
        [
            8.316989235291628e-08,
            4.2216969773312594e-05,
            0.0,
            5.962892757668131e-08,
            0.0,
            8.519463401637943e-05,
            0.003462074983801047,
            0.0,
            8.475837594785113e-05,
            0.0,
            0.012333916106724081,
            0.08060681557134705,
            0.0,
            0.012395960948713052,
            0.0,
            0.24971458518402284,
            0.5328352414122989,
            0.0,
            0.15738505959439017,
            0.0,
            0.6848602514927513,
            1.0000000000000002,
            0.0,
            0.0,
            0.0,
            0.2497145851840231,
            0.5328352414122992,
            0.0,
            -0.1573850595943903,
            0.0
        ],
        [
            0.0,
            0.0,
            8.554717303156145e-27,
            0.0,
            0.0,
            0.0,
            0.0,
            2.1720293286255476e-15,
            0.0,
            0.0,
            0.0,
            0.0,
            3.0412450539399513e-07,
            0.0,
            0.0,
            0.0,
            0.0,
            0.023483501562978907,
            0.0,
            0.0,
            0.0,
            0.0,
            1.0000000000000004,
            0.0,
            0.0,
            0.0,
            0.0,
            0.023483501562979014,
            0.0,
            0.0
        ],
        [
            -1.0626399358135705e-19,
            -5.962892757668123e-08,
            0.0,
            -1.0184102595324562e-24,
            0.0,
            -3.607049920022113e-11,
            -8.475837594785118e-05,
            0.0,
            -1.4449692046689637e-13,
            0.0,
            -3.66195419418199e-05,
            -0.012395960948713036,
            0.0,
            -8.823155934424226e-06,
            0.0,
            -0.09715051900072386,
            -0.15738505959439014,
            0.0,
            -0.15271119885793813,
            0.0,
            0.0,
            0.0,
            0.0,
            1.0000000000000004,
            0.0,
            0.09715051900072398,
            0.1573850595943903,
            0.0,
            -0.15271119885793863,
            0.0
        ],
        [
            0.0,
            0.0,
            0.0,
            0.0,
            8.554717303156145e-27,
            0.0,
            0.0,
            0.0,
            0.0,
            2.1720293286255476e-15,
            0.0,
            0.0,
            0.0,
            0.0,
            3.0412450539399513e-07,
            0.0,
            0.0,
            0.0,
            0.0,
            0.023483501562978907,
            0.0,
            0.0,
            0.0,
            0.0,
            1.0000000000000004,
            0.0,
            0.0,
            0.0,
            0.0,
            0.023483501562979014
        ],
        [
            8.16083394050076e-26,
            1.1385815212241037e-11,
            0.0,
            0.0,
            0.0,
            7.568988833775163e-17,
            8.316989235291658e-08,
            0.0,
            1.0626399358135708e-19,
            0.0,
            7.138508755601258e-10,
            8.519463401637975e-05,
            0.0,
            3.607049920022153e-11,
            0.0,
            6.854401830440863e-05,
            0.012333916106724092,
            0.0,
            3.66195419418199e-05,
            0.0,
            0.07310628369165321,
            0.2497145851840231,
            0.0,
            0.09715051900072418,
            0.0,
            0.9999999999999999,
            0.6848602514927513,
            0.0,
            0.0,
            0.0
        ],
        [
            1.1385815212241037e-11,
            1.4615831494407146e-07,
            0.0,
            4.552260584329667e-12,
            0.0,
            8.316989235291628e-08,
            4.2216969773312594e-05,
            0.0,
            5.962892757668127e-08,
            0.0,
            8.519463401637975e-05,
            0.0034620749838010527,
            0.0,
            8.475837594785166e-05,
            0.0,
            0.012333916106724081,
            0.08060681557134705,
            0.0,
            0.01239596094871304,
            0.0,
            0.2497145851840231,
            0.5328352414122992,
            0.0,
            0.1573850595943903,
            0.0,
            0.6848602514927513,
            1.0000000000000002,
            0.0,
            0.0,
            0.0
        ],
        [
            0.0,
            0.0,
            0.0,
            0.0,
            0.0,
            0.0,
            0.0,
            8.554717303156145e-27,
            0.0,
            0.0,
            0.0,
            0.0,
            2.1720293286255626e-15,
            0.0,
            0.0,
            0.0,
            0.0,
            3.0412450539399513e-07,
            0.0,
            0.0,
            0.0,
            0.0,
            0.023483501562979014,
            0.0,
            0.0,
            0.0,
            0.0,
            1.0000000000000004,
            0.0,
            0.0
        ],
        [
            0.0,
            -4.552260584329667e-12,
            0.0,
            0.0,
            0.0,
            -1.0626399358135705e-19,
            -5.962892757668123e-08,
            0.0,
            -1.0184102595324562e-24,
            0.0,
            -3.607049920022138e-11,
            -8.475837594785151e-05,
            0.0,
            -1.444969204668973e-13,
            0.0,
            -3.66195419418199e-05,
            -0.012395960948713036,
            0.0,
            -8.823155934424226e-06,
            0.0,
            -0.09715051900072398,
            -0.1573850595943903,
            0.0,
            -0.15271119885793863,
            0.0,
            0.0,
            0.0,
            0.0,
            1.0000000000000004,
            0.0
        ],
        [
            0.0,
            0.0,
            0.0,
            0.0,
            0.0,
            0.0,
            0.0,
            0.0,
            0.0,
            8.554717303156145e-27,
            0.0,
            0.0,
            0.0,
            0.0,
            2.1720293286255626e-15,
            0.0,
            0.0,
            0.0,
            0.0,
            3.0412450539399513e-07,
            0.0,
            0.0,
            0.0,
            0.0,
            0.023483501562979014,
            0.0,
            0.0,
            0.0,
            0.0,
            1.0000000000000004
        ]
    ],
    "h": [
        [
            -0.04253311439151064,
            -0.31872712377640866,
            -2.6833555009836726e-18,
            -0.027909721987819797,
            -6.409313510317636e-18,
            -0.198195274787821,
            -0.24779612100909862,
            -3.250214892304966e-19,
            0.10590620290002009,
            1.2798623474903679e-18,
            -0.006501112651392724,
            -0.04227921122912598,
            -8.995581056657369e-20,
            0.015390702314942724,
            3.538135859372725e-19,
            0.012961220719943609,
            0.011181021964102554,
            -1.9827671982949837e-20,
            -0.0017872515957228494,
            1.0551727081257626e-20,
            0.0004326930554515835,
            0.002639089646523612,
            -3.1601787902772673e-21,
            -0.0025788558627678746,
            3.572609176372944e-20,
            -0.003742332745064653,
            -0.003704218401049594,
            1.5889384197731806e-21,
            0.00032400356472148817,
            -9.070175667990779e-21
        ],
        [
            -0.31872712377640866,
            -0.21664370609775452,
            -4.288839567730534e-18,
            -0.04029897019953207,
            -7.838640474414859e-18,
            -0.2523265409211636,
            -0.2461179222087252,
            4.27933538451067e-19,
            0.03686949987945287,
            1.812128748732477e-18,
            -0.028960336049521734,
            -0.07809844235915986,
            1.5108123274143977e-21,
            0.029463388262003898,
            3.9913114567988273e-19,
            0.011816969479013359,
            0.005473945916896564,
            -1.0858396736344786e-20,
            -0.0005903292594001992,
            1.6630119380527205e-20,
            0.0008018546239766591,
            0.002754639716514349,
            -7.353857191690177e-21,
            -0.0026143473339555853,
            4.293879977816106e-20,
            -0.0037042184010495824,
            -0.003584254325914125,
            -7.578515863809364e-22,
            0.00026288193257550534,
            -6.613441880530718e-21
        ],
        [
            -2.6833555009836726e-18,
            -4.288839567730534e-18,
            1.4776750364766729,
            -1.7610177972084417e-18,
            -9.949169608077632e-34,
            -7.80029488541427e-18,
            -9.88880897466852e-18,
            -0.031939183735954814,
            -1.9709307162490209e-19,
            -4.734096737729777e-34,
            -8.888077629492979e-18,
            -1.1209556720763497e-17,
            -0.00011081874560415682,
            5.049783789536213e-19,
            -1.165284186110913e-34,
            -4.7336285141831435e-18,
            -6.318118620784482e-18,
            7.786150085349878e-05,
            1.57314216319816e-18,
            -5.042371695483306e-36,
            8.885740758204278e-19,
            1.5566436419953847e-19,
            1.8301136924717387e-06,
            8.339035592759622e-19,
            -1.4193667058210891e-35,
            1.747845255478815e-18,
            1.9714602602129454e-18,
            -8.038201634991132e-06,
            -2.7494211496860213e-19,
            3.453294493784064e-36
        ],
        [
            -0.027909721987819797,
            -0.04029897019953207,
            -1.7610177972084417e-18,
            1.4606574113025301,
            -1.9413543158192763e-18,
            -0.10596948479219706,
            -0.04019617345524623,
            2.585305527030537e-19,
            0.06256476861517188,
            5.184248515893232e-19,
            -0.0049302675862291125,
            -0.021898821411261416,
            -1.0286674495416484e-20,
            0.004834489290204264,
            7.003400398770317e-20,
            0.0017073750503635925,
            0.0005567028073367609,
            -2.6907344278758813e-21,
            -6.618965943256594e-05,
            2.1285208791351864e-21,
            0.0002922404167462092,
            0.0006090712241986993,
            -9.512812025715064e-22,
            -0.00033392082933611023,
            5.02106033119426e-21,
            -0.000324003564721481,
            -0.00026288193257549916,
            -1.570676806753473e-22,
            8.158570227548172e-06,
            -5.353943805551894e-22
        ],
        [
            -6.409313510317636e-18,
            -7.838640474414859e-18,
            -9.949169608077632e-34,
            -1.9413543158192763e-18,
            1.4776750364766726,
            -7.627619581259839e-18,
            -8.883054296300178e-18,
            1.426335754760726e-34,
            2.248690898909178e-18,
            -0.031939183735954814,
            -2.1131542886295914e-18,
            -3.768947033723588e-18,
            3.577247061633134e-36,
            7.515646971886812e-19,
            -0.00011081874560415682,
            -6.090084828225163e-19,
            -1.1222512096244802e-18,
            2.7815574750734857e-37,
            1.681421917379957e-19,
            7.786150085349878e-05,
            -3.0223831772298416e-19,
            -4.745975022063296e-19,
            -1.974775621067145e-37,
            2.9837752273800615e-20,
            1.8301136924717387e-06,
            -1.938546490966554e-19,
            -2.625414266294499e-19,
            -7.254742160538727e-38,
            4.127877132980576e-20,
            -8.038201634991132e-06
        ],
        [
            -0.198195274787821,
            -0.2523265409211636,
            -7.80029488541427e-18,
            -0.10596948479219706,
            -7.627619581259839e-18,
            -0.058048735980742894,
            -0.3451412109034151,
            3.510765351673852e-18,
            0.008860511009819275,
            2.014730236921598e-18,
            -0.12514319959037176,
            -0.18607856582457927,
            4.185436444589776e-19,
            0.09089268475689419,
            2.0357947333736286e-19,
            -0.005648672028514907,
            -0.027732550870908045,
            3.1038733396443464e-20,
            0.005172078190488033,
            2.4962231009438155e-20,
            0.001640397582982764,
            0.000423219546431361,
            -1.630114463247116e-20,
            8.277871504517741e-07,
            2.763306002336697e-20,
            0.0004326930554516004,
            0.0008018546239766645,
            -8.35668584861826e-21,
            -0.0002922404167462058,
            1.0260975390109505e-20
        ],
        [
            -0.24779612100909862,
            -0.2461179222087252,
            -9.88880897466852e-18,
            -0.04019617345524623,
            -8.883054296300178e-18,
            -0.3451412109034151,
            -0.27100127712495947,
            5.208132224240287e-18,
            0.013434504944867268,
            1.945652055042188e-18,
            -0.18611821974131781,
            -0.1959991341090599,
            1.8670496613552917e-19,
            0.02333866463270215,
            1.3556852231048715e-19,
            -0.04029689707357807,
            -0.07543681842186169,
            1.8957327755872596e-20,
            0.0219781316683091,
            2.0957159206558674e-20,
            0.0004232195464313576,
            -0.007674417269239928,
            -1.0940196569996684e-20,
            0.002832513259933296,
            8.538798519137412e-21,
            0.0026390896465236053,
            0.002754639716514325,
            -5.981160996122053e-21,
            -0.0006090712241986924,
            1.5927211111173844e-20
        ],
        [
            -3.250214892304966e-19,
            4.27933538451067e-19,
            -0.031939183735954814,
            2.585305527030537e-19,
            1.426335754760726e-34,
            3.510765351673852e-18,
            5.208132224240287e-18,
            1.4794154393025047,
            2.009818020464264e-18,
            2.1213658911407558e-33,
            8.530035250769392e-18,
            9.07683870980448e-18,
            -0.02925752109782867,
            -1.3438533372583028e-18,
            4.238207966460759e-34,
            2.4083165231216038e-18,
            3.2897619313850334e-18,
            -0.00010099294491314645,
            -1.7885571995010036e-18,
            1.3335296298917455e-35,
            -3.3338085985118086e-18,
            -3.3602358656821842e-18,
            9.91998515727151e-06,
            -6.444911672898069e-19,
            2.548590091059256e-35,
            -3.0879782270325365e-18,
            -3.855628690201344e-18,
            1.8301136924717643e-06,
            6.43241650514833e-19,
            -5.774762717517951e-36
        ],
        [
            0.10590620290002009,
            0.03686949987945287,
            -1.9709307162490209e-19,
            0.06256476861517188,
            2.248690898909178e-18,
            0.008860511009819275,
            0.013434504944867268,
            2.009818020464264e-18,
            1.4453979803890655,
            -1.1782722901768201e-18,
            -0.09054682478461235,
            -0.022505993139851466,
            1.3252655655852266e-19,
            0.0550179518832159,
            -2.1549159423538364e-19,
            -0.014673742812462785,
            -0.02825040544833379,
            8.956580606103393e-21,
            0.0049228324313181256,
            -2.3016627023659123e-21,
            -8.277871504576318e-07,
            -0.0028325132599333093,
            5.407533051164982e-22,
            0.00197629611068665,
            -1.8829178809644447e-20,
            0.0025788558627678555,
            0.002614347333955564,
            -4.282210221294194e-22,
            -0.00033392082933610915,
            7.251543477575517e-21
        ],
        [
            1.2798623474903679e-18,
            1.812128748732477e-18,
            -4.734096737729777e-34,
            5.184248515893232e-19,
            -0.031939183735954814,
            2.014730236921598e-18,
            1.945652055042188e-18,
            2.1213658911407558e-33,
            -1.1782722901768201e-18,
            1.4794154393025045,
            -3.0327810160385104e-19,
            6.547931759525085e-19,
            2.2305625375449628e-35,
            2.484131811389935e-19,
            -0.02925752109782867,
            2.2539298102007957e-18,
            3.35084998673629e-18,
            -4.751288631733435e-36,
            8.81796077807963e-19,
            -0.00010099294491314645,
            5.310852328272134e-18,
            6.4943042718567095e-18,
            3.9064890991449825e-36,
            1.8464473211251764e-19,
            9.919985157271506e-06,
            3.840130696430119e-18,
            5.046471748643011e-18,
            1.4860384721365106e-36,
            -8.813952025787826e-19,
            1.8301136924717643e-06
        ],
        [
            -0.006501112651392724,
            -0.028960336049521734,
            -8.888077629492979e-18,
            -0.0049302675862291125,
            -2.1131542886295914e-18,
            -0.12514319959037176,
            -0.18611821974131781,
            8.530035250769392e-18,
            -0.09054682478461235,
            -3.0327810160385104e-19,
            -0.058734891978788006,
            -0.3430756854613686,
            -3.600409462070207e-19,
            -0.008448068031303477,
            -5.314115327477371e-19,
            -0.19317461018824894,
            -0.24557473757631712,
            -1.4593855973245426e-20,
            0.10530819482964919,
            -1.3341738832927242e-20,
            -0.005648672028514908,
            -0.04029689707357807,
            1.94060250131427e-20,
            0.014673742812462757,
            -1.0689792267554237e-19,
            0.012961220719943501,
            0.011816969479013234,
            4.497234975336131e-21,
            -0.0017073750503635806,
            3.6502254911563647e-20
        ],
        [
            -0.04227921122912598,
            -0.07809844235915986,
            -1.1209556720763497e-17,
            -0.021898821411261416,
            -3.768947033723588e-18,
            -0.18607856582457927,
            -0.1959991341090599,
            9.07683870980448e-18,
            -0.022505993139851466,
            6.547931759525085e-19,
            -0.3430756854613686,
            -0.2680251396924094,
            -1.4134915982996037e-19,
            -0.012697006635183444,
            -2.292363303923716e-19,
            -0.24557473757631704,
            -0.2436183280343519,
            -2.2912661674045407e-20,
            0.03660339560132009,
            2.776776880830636e-20,
            -0.02773255087090796,
            -0.07543681842186165,
            1.4894570607444056e-20,
            0.028250405448333817,
            -9.193860417090419e-20,
            0.01118102196410249,
            0.005473945916896471,
            1.4403631021604058e-21,
            -0.0005567028073367574,
            3.7811774285577037e-20
        ],
        [
            -8.995581056657369e-20,
            1.5108123274143977e-21,
            -0.00011081874560415682,
            -1.0286674495416484e-20,
            3.577247061633134e-36,
            4.185436444589776e-19,
            1.8670496613552917e-19,
            -0.02925752109782867,
            1.3252655655852266e-19,
            2.2305625375449628e-35,
            -3.600409462070207e-19,
            -1.4134915982996037e-19,
            1.4760392417476962,
            2.8167095592603906e-19,
            -1.2337144346861646e-35,
            1.4363185248471664e-19,
            6.950995718267492e-20,
            -0.03176487929873897,
            -4.190433156485825e-20,
            -4.749830777126272e-38,
            8.480044301756623e-22,
            2.4537289876394218e-20,
            -0.00010099294491314668,
            -2.1214373572975906e-20,
            2.1716698189417144e-37,
            -2.651758370178434e-20,
            -2.7020709273909814e-20,
            7.786150085349825e-05,
            3.3831088400003452e-21,
            -5.459359327221902e-38
        ],
        [
            0.015390702314942724,
            0.029463388262003898,
            5.049783789536213e-19,
            0.004834489290204264,
            7.515646971886812e-19,
            0.09089268475689419,
            0.02333866463270215,
            -1.3438533372583028e-18,
            0.0550179518832159,
            2.484131811389935e-19,
            -0.008448068031303477,
            -0.012697006635183444,
            2.8167095592603906e-19,
            1.442361952155228,
            1.400401376316938e-20,
            -0.1053081948296489,
            -0.036603395601321226,
            -1.6263128425372182e-20,
            0.061937518687071313,
            1.9398052128153705e-20,
            -0.005172078190487999,
            -0.021978131668308993,
            6.167906683083122e-21,
            0.004922832431318115,
            -2.3487050859498114e-20,
            0.0017872515957228453,
            0.0005903292594002009,
            1.4365550164883254e-21,
            -6.618965943256957e-05,
            5.216094683692139e-21
        ],
        [
            3.538135859372725e-19,
            3.9913114567988273e-19,
            -1.165284186110913e-34,
            7.003400398770317e-20,
            -0.00011081874560415682,
            2.0357947333736286e-19,
            1.3556852231048715e-19,
            4.238207966460759e-34,
            -2.1549159423538364e-19,
            -0.02925752109782867,
            -5.314115327477371e-19,
            -2.292363303923716e-19,
            -1.2337144346861646e-35,
            1.400401376316938e-20,
            1.476039241747696,
            8.166471661922112e-19,
            1.2465834741032152e-18,
            -3.0984693332570586e-36,
            6.066183207906716e-19,
            -0.03176487929873897,
            2.5699366190257242e-18,
            3.02812162351556e-18,
            1.9888571248322026e-36,
            5.008430046062854e-20,
            -0.00010099294491314668,
            1.75198522329877e-18,
            2.3201887371427762e-18,
            6.74333767217908e-37,
            -4.304107327014083e-19,
            7.786150085349825e-05
        ],
        [
            0.012961220719943609,
            0.011816969479013359,
            -4.7336285141831435e-18,
            0.0017073750503635925,
            -6.090084828225163e-19,
            -0.005648672028514907,
            -0.04029689707357807,
            2.4083165231216038e-18,
            -0.014673742812462785,
            2.2539298102007957e-18,
            -0.19317461018824894,
            -0.24557473757631704,
            1.4363185248471664e-19,
            -0.1053081948296489,
            8.166471661922112e-19,
            -0.05873489197878867,
            -0.34307568546137,
            -4.883982015704436e-20,
            0.008448068031303619,
            7.565099288643402e-20,
            -0.1251431995903715,
            -0.18611821974131781,
            3.537914654215039e-21,
            0.09054682478461229,
            3.314745538827953e-20,
            -0.00650111265139269,
            -0.02896033604952175,
            -2.180878103800628e-21,
            0.00493026758622909,
            -6.192740185388653e-22
        ],
        [
