{
    "HF": -2.861704020734099,
    "coordinates": [
        [
            0.0,
            0.0,
            0.0
        ],
        [
            1.8,
            0.0,
            0.0
        ],
        [
            3.6,
            0.0,
            0.0
        ],
        [
            5.4,
            0.0,
            0.0
        ],
        [
            7.2,
            0.0,
            0.0
        ],
        [
            9.0,
            0.0,
            0.0
        ]
    ],
    "elements": [
        "H",
        "H",
        "H",
        "H",
        "H",
        "H"
    ],
    "Enn": 2.5576898527800007,
    "S": [
        [
            0.9999999999999999,
            0.6848602514927513,
            0.0,
            0.0,
            0.0,
            0.05459186262713134,
            0.22104805329171323,
            0.0,
            -0.0721782316226826,
            0.0,
            2.2544190954142265e-05,
            0.007604015794880222,
            0.0,
            -9.761614101673427e-06,
            0.0,
            5.856007200560567e-11,
            2.8903511985607194e-05,
            0.0,
            -1.714753269392087e-12,
            0.0,
            8.87894273551803e-19,
            1.2240575471459192e-08,
            0.0,
            -4.520296038452451e-22,
            0.0,
            0.0,
            5.715929660800581e-13,
            0.0,
            0.0,
            0.0
        ],
        [
            0.6848602514927513,
            1.0000000000000002,
            0.0,
            0.0,
            0.0,
            0.22104805329171323,
            0.49372072671821526,
            0.0,
            -0.14624468474732574,
            0.0,
            0.007604015794880222,
            0.059419013648835894,
            0.0,
            -0.007785308013405154,
            0.0,
            2.8903511985607194e-05,
            0.0017431398687962993,
            0.0,
            -2.7710428848194295e-05,
            0.0,
            1.2240575471459192e-08,
            1.246527181537145e-05,
            0.0,
            -7.815713795899729e-09,
            0.0,
            5.715929660800561e-13,
            2.1728712276756868e-08,
            0.0,
            -1.84236553154136e-13,
            0.0
        ],
        [
            0.0,
            0.0,
            1.0000000000000004,
            0.0,
            0.0,
            0.0,
            0.0,
            0.014909064608637022,
            0.0,
            0.0,
            0.0,
            0.0,
            4.9408490648249275e-08,
            0.0,
            0.0,
            0.0,
            0.0,
            3.6395992840327966e-17,
            0.0,
            0.0,
            0.0,
            0.0,
            5.9594523043907376e-30,
            0.0,
            0.0,
            0.0,
            0.0,
            0.0,
            0.0,
            0.0
        ],
        [
            0.0,
            0.0,
            0.0,
            1.0000000000000004,
            0.0,
            0.07217823162268258,
            0.14624468474732566,
            0.0,
            -0.11049960246031332,
            0.0,
            9.761614101673423e-06,
            0.007785308013405156,
            0.0,
            -1.6130037710830646e-06,
            0.0,
            1.7147532693920931e-12,
            2.771042884819428e-05,
            0.0,
            -2.7189315623847994e-15,
            0.0,
            4.52029603845245e-22,
            7.81571379589975e-09,
            0.0,
            -7.960943205625317e-28,
            0.0,
            0.0,
            1.8423655315413586e-13,
            0.0,
            0.0,
            0.0
        ],
        [
            0.0,
            0.0,
            0.0,
            0.0,
            1.0000000000000004,
            0.0,
            0.0,
            0.0,
            0.0,
            0.014909064608637022,
            0.0,
            0.0,
            0.0,
            0.0,
            4.9408490648249275e-08,
            0.0,
            0.0,
            0.0,
            0.0,
            3.6395992840327966e-17,
            0.0,
            0.0,
            0.0,
            0.0,
            5.9594523043907376e-30,
            0.0,
            0.0,
            0.0,
            0.0,
            0.0
        ],
        [
            0.05459186262713134,
            0.22104805329171323,
            0.0,
            0.0721782316226826,
            0.0,
            0.9999999999999999,
            0.6848602514927513,
            0.0,
            0.0,
            0.0,
            0.05459186262713134,
            0.22104805329171323,
            0.0,
            -0.07217823162268262,
            0.0,
            2.2544190954142225e-05,
            0.007604015794880215,
            0.0,
            -9.761614101673373e-06,
            0.0,
            5.856007200560567e-11,
            2.8903511985607194e-05,
            0.0,
            -1.7147532693920862e-12,
            0.0,
            8.87894273551803e-19,
            1.2240575471459192e-08,
            0.0,
            -4.52029603845245e-22,
            0.0
        ],
        [
            0.22104805329171323,
            0.49372072671821526,
            0.0,
            0.14624468474732574,
            0.0,
            0.6848602514927513,
            1.0000000000000002,
            0.0,
            0.0,
            0.0,
            0.22104805329171323,
            0.49372072671821526,
            0.0,
            -0.1462446847473256,
            0.0,
            0.007604015794880215,
            0.05941901364883587,
            0.0,
            -0.00778530801340514,
            0.0,
            2.8903511985607194e-05,
            0.0017431398687962993,
            0.0,
            -2.7710428848194295e-05,
            0.0,
            1.2240575471459192e-08,
            1.246527181537145e-05,
            0.0,
            -7.815713795899722e-09,
            0.0
        ],
        [
            0.0,
            0.0,
            0.014909064608637022,
            0.0,
            0.0,
            0.0,
            0.0,
            1.0000000000000004,
            0.0,
            0.0,
            0.0,
            0.0,
            0.014909064608637022,
            0.0,
            0.0,
            0.0,
            0.0,
            4.940849064824893e-08,
            0.0,
            0.0,
            0.0,
            0.0,
            3.6395992840327966e-17,
            0.0,
            0.0,
            0.0,
            0.0,
            5.9594523043907376e-30,
            0.0,
            0.0
        ],
        [
            -0.07217823162268258,
            -0.1462446847473256,
            0.0,
            -0.11049960246031332,
            0.0,
            0.0,
            0.0,
            0.0,
            1.0000000000000004,
            0.0,
            0.07217823162268258,
            0.1462446847473256,
            0.0,
            -0.11049960246031329,
            0.0,
            9.761614101673373e-06,
            0.007785308013405147,
            0.0,
            -1.6130037710830538e-06,
            0.0,
            1.714753269392093e-12,
            2.771042884819428e-05,
            0.0,
            -2.7189315623847998e-15,
            0.0,
            4.520296038452449e-22,
            7.81571379589975e-09,
            0.0,
            -7.960943205625315e-28,
            0.0
        ],
        [
            0.0,
            0.0,
            0.0,
            0.0,
            0.014909064608637022,
            0.0,
            0.0,
            0.0,
            0.0,
            1.0000000000000004,
            0.0,
            0.0,
            0.0,
            0.0,
            0.014909064608637022,
            0.0,
            0.0,
            0.0,
            0.0,
            4.940849064824893e-08,
            0.0,
            0.0,
            0.0,
            0.0,
            3.6395992840327966e-17,
            0.0,
            0.0,
            0.0,
            0.0,
            5.9594523043907376e-30
        ],
        [
            2.2544190954142265e-05,
            0.007604015794880222,
            0.0,
            9.761614101673427e-06,
            0.0,
            0.05459186262713134,
            0.22104805329171323,
            0.0,
            0.07217823162268258,
            0.0,
            0.9999999999999999,
            0.6848602514927513,
            0.0,
            0.0,
            0.0,
            0.05459186262713128,
            0.22104805329171312,
            0.0,
            -0.07217823162268248,
            0.0,
            2.2544190954142265e-05,
            0.007604015794880222,
            0.0,
            -9.76161410167343e-06,
            0.0,
            5.856007200560608e-11,
            2.8903511985607296e-05,
            0.0,
            -1.7147532693921056e-12,
            0.0
        ],
        [
            0.007604015794880222,
            0.059419013648835894,
            0.0,
            0.007785308013405154,
            0.0,
            0.22104805329171323,
            0.49372072671821526,
            0.0,
            0.14624468474732574,
            0.0,
            0.6848602514927513,
            1.0000000000000002,
            0.0,
            0.0,
            0.0,
            0.22104805329171306,
            0.4937207267182151,
            0.0,
            -0.14624468474732555,
            0.0,
            0.007604015794880222,
            0.059419013648835894,
            0.0,
            -0.007785308013405147,
            0.0,
            2.8903511985607296e-05,
            0.0017431398687963026,
            0.0,
            -2.7710428848194356e-05,
            0.0
        ],
        [
            0.0,
            0.0,
            4.9408490648249275e-08,
            0.0,
            0.0,
            0.0,
            0.0,
            0.014909064608637022,
            0.0,
            0.0,
            0.0,
            0.0,
            1.0000000000000004,
            0.0,
            0.0,
            0.0,
            0.0,
            0.014909064608636982,
            0.0,
            0.0,
            0.0,
            0.0,
            4.9408490648249275e-08,
            0.0,
            0.0,
            0.0,
            0.0,
            3.6395992840327966e-17,
            0.0,
            0.0
        ],
        [
            -9.761614101673423e-06,
            -0.0077853080134051515,
            0.0,
            -1.6130037710830646e-06,
            0.0,
            -0.07217823162268258,
            -0.1462446847473256,
            0.0,
            -0.11049960246031332,
            0.0,
            0.0,
            0.0,
            0.0,
            1.0000000000000004,
            0.0,
            0.07217823162268248,
            0.14624468474732555,
            0.0,
            -0.11049960246031307,
            0.0,
            9.761614101673423e-06,
            0.0077853080134051515,
            0.0,
            -1.6130037710830644e-06,
            0.0,
            1.7147532693920933e-12,
            2.7710428848194305e-05,
            0.0,
            -2.7189315623847986e-15,
            0.0
        ],
        [
            0.0,
            0.0,
            0.0,
            0.0,
            4.9408490648249275e-08,
            0.0,
            0.0,
            0.0,
            0.0,
            0.014909064608637022,
            0.0,
            0.0,
            0.0,
            0.0,
            1.0000000000000004,
            0.0,
            0.0,
            0.0,
            0.0,
            0.014909064608636982,
            0.0,
            0.0,
            0.0,
            0.0,
            4.9408490648249275e-08,
            0.0,
            0.0,
            0.0,
            0.0,
            3.6395992840327966e-17
        ],
        [
            5.856007200560567e-11,
            2.8903511985607194e-05,
            0.0,
            1.714753269392087e-12,
            0.0,
            2.2544190954142225e-05,
            0.007604015794880215,
            0.0,
            9.761614101673373e-06,
            0.0,
            0.05459186262713128,
            0.22104805329171312,
            0.0,
            0.07217823162268248,
            0.0,
            0.9999999999999999,
            0.6848602514927513,
            0.0,
            0.0,
            0.0,
            0.05459186262713141,
            0.22104805329171334,
            0.0,
            -0.07217823162268272,
            0.0,
            2.2544190954142387e-05,
            0.007604015794880242,
            0.0,
            -9.761614101673474e-06,
            0.0
        ],
        [
            2.8903511985607194e-05,
            0.0017431398687962993,
            0.0,
            2.7710428848194295e-05,
            0.0,
            0.007604015794880215,
            0.05941901364883587,
            0.0,
            0.007785308013405147,
            0.0,
            0.22104805329171306,
            0.4937207267182151,
            0.0,
            0.14624468474732555,
            0.0,
            0.6848602514927513,
            1.0000000000000002,
            0.0,
            0.0,
            0.0,
            0.22104805329171334,
            0.49372072671821543,
            0.0,
            -0.14624468474732574,
            0.0,
            0.007604015794880242,
            0.05941901364883599,
            0.0,
            -0.007785308013405176,
            0.0
        ],
        [
            0.0,
            0.0,
            3.6395992840327966e-17,
            0.0,
            0.0,
            0.0,
            0.0,
            4.940849064824893e-08,
            0.0,
            0.0,
            0.0,
            0.0,
            0.014909064608636982,
            0.0,
            0.0,
            0.0,
            0.0,
            1.0000000000000004,
            0.0,
            0.0,
            0.0,
            0.0,
            0.014909064608637047,
            0.0,
            0.0,
            0.0,
            0.0,
            4.940849064824963e-08,
            0.0,
            0.0
        ],
        [
            -1.7147532693920933e-12,
            -2.7710428848194295e-05,
            0.0,
            -2.7189315623847994e-15,
            0.0,
            -9.76161410167337e-06,
            -0.00778530801340514,
            0.0,
            -1.6130037710830538e-06,
            0.0,
            -0.07217823162268248,
            -0.14624468474732555,
            0.0,
            -0.1104996024603131,
            0.0,
            0.0,
            0.0,
            0.0,
            1.0000000000000004,
            0.0,
            0.07217823162268262,
            0.14624468474732574,
            0.0,
            -0.11049960246031343,
            0.0,
            9.761614101673474e-06,
            0.007785308013405176,
            0.0,
            -1.6130037710830754e-06,
            0.0
        ],
        [
            0.0,
            0.0,
            0.0,
            0.0,
            3.6395992840327966e-17,
            0.0,
            0.0,
            0.0,
            0.0,
            4.940849064824893e-08,
            0.0,
            0.0,
            0.0,
            0.0,
            0.014909064608636982,
            0.0,
            0.0,
            0.0,
            0.0,
            1.0000000000000004,
            0.0,
            0.0,
            0.0,
            0.0,
            0.014909064608637047,
            0.0,
            0.0,
            0.0,
            0.0,
            4.940849064824963e-08
        ],
        [
            8.87894273551803e-19,
            1.2240575471459192e-08,
            0.0,
            4.520296038452451e-22,
            0.0,
            5.856007200560567e-11,
            2.8903511985607194e-05,
            0.0,
            1.7147532693920866e-12,
            0.0,
            2.2544190954142265e-05,
            0.007604015794880222,
            0.0,
            9.761614101673423e-06,
            0.0,
            0.05459186262713141,
            0.22104805329171334,
            0.0,
            0.07217823162268272,
            0.0,
            0.9999999999999999,
            0.6848602514927513,
            0.0,
            0.0,
            0.0,
            0.05459186262713141,
            0.22104805329171334,
            0.0,
            -0.07217823162268272,
            0.0
        ],
        [
            1.2240575471459192e-08,
            1.246527181537145e-05,
            0.0,
            7.815713795899729e-09,
            0.0,
            2.8903511985607194e-05,
            0.0017431398687962993,
            0.0,
            2.771042884819428e-05,
            0.0,
            0.007604015794880222,
            0.059419013648835894,
            0.0,
            0.007785308013405154,
            0.0,
            0.22104805329171334,
            0.49372072671821543,
            0.0,
            0.14624468474732574,
            0.0,
            0.6848602514927513,
            1.0000000000000002,
            0.0,
            0.0,
            0.0,
            0.22104805329171334,
            0.49372072671821543,
            0.0,
            -0.14624468474732522,
            0.0
        ],
        [
            0.0,
            0.0,
            5.9594523043907376e-30,
            0.0,
            0.0,
            0.0,
            0.0,
            3.6395992840327966e-17,
            0.0,
            0.0,
            0.0,
            0.0,
            4.9408490648249275e-08,
            0.0,
            0.0,
            0.0,
            0.0,
            0.014909064608637047,
            0.0,
            0.0,
            0.0,
            0.0,
            1.0000000000000004,
            0.0,
            0.0,
            0.0,
            0.0,
            0.014909064608637047,
            0.0,
            0.0
        ],
        [
            -4.52029603845245e-22,
            -7.815713795899747e-09,
            0.0,
            -7.960943205625317e-28,
            0.0,
            -1.7147532693920933e-12,
            -2.7710428848194295e-05,
            0.0,
            -2.7189315623847994e-15,
            0.0,
            -9.761614101673423e-06,
            -0.0077853080134051515,
            0.0,
            -1.6130037710830646e-06,
            0.0,
            -0.07217823162268262,
            -0.14624468474732574,
            0.0,
            -0.11049960246031343,
            0.0,
            0.0,
            0.0,
            0.0,
            1.0000000000000004,
            0.0,
            0.07217823162268262,
            0.14624468474732574,
            0.0,
            -0.11049960246031343,
            0.0
        ],
        [
            0.0,
            0.0,
            0.0,
            0.0,
            5.9594523043907376e-30,
            0.0,
            0.0,
            0.0,
            0.0,
            3.6395992840327966e-17,
            0.0,
            0.0,
            0.0,
            0.0,
            4.9408490648249275e-08,
            0.0,
            0.0,
            0.0,
            0.0,
            0.014909064608637047,
            0.0,
            0.0,
            0.0,
            0.0,
            1.0000000000000004,
            0.0,
            0.0,
            0.0,
            0.0,
            0.014909064608637047
        ],
        [
            0.0,
            5.715929660800581e-13,
            0.0,
            0.0,
            0.0,
            8.87894273551803e-19,
            1.2240575471459192e-08,
            0.0,
            4.52029603845245e-22,
            0.0,
            5.856007200560608e-11,
            2.8903511985607296e-05,
            0.0,
            1.7147532693921056e-12,
            0.0,
            2.2544190954142387e-05,
            0.007604015794880242,
            0.0,
            9.761614101673474e-06,
            0.0,
            0.05459186262713141,
            0.22104805329171334,
            0.0,
            0.07217823162268272,
            0.0,
            0.9999999999999999,
            0.6848602514927513,
            0.0,
            0.0,
            0.0
        ],
        [
            5.715929660800561e-13,
            2.1728712276756868e-08,
            0.0,
            1.84236553154136e-13,
            0.0,
            1.2240575471459192e-08,
            1.246527181537145e-05,
            0.0,
            7.815713795899725e-09,
            0.0,
            2.8903511985607296e-05,
            0.0017431398687963026,
            0.0,
            2.7710428848194356e-05,
            0.0,
            0.007604015794880242,
            0.05941901364883599,
            0.0,
            0.007785308013405176,
            0.0,
            0.22104805329171334,
            0.49372072671821543,
            0.0,
            0.14624468474732574,
            0.0,
            0.6848602514927513,
            1.0000000000000002,
            0.0,
            0.0,
            0.0
        ],
        [
            0.0,
            0.0,
            0.0,
            0.0,
            0.0,
            0.0,
            0.0,
            5.9594523043907376e-30,
            0.0,
            0.0,
            0.0,
            0.0,
            3.6395992840327966e-17,
            0.0,
            0.0,
            0.0,
            0.0,
            4.940849064824963e-08,
            0.0,
            0.0,
            0.0,
            0.0,
            0.014909064608637047,
            0.0,
            0.0,
            0.0,
            0.0,
            1.0000000000000004,
            0.0,
            0.0
        ],
        [
            0.0,
            -1.8423655315413594e-13,
            0.0,
            0.0,
            0.0,
            -4.52029603845245e-22,
            -7.815713795899747e-09,
            0.0,
            -7.960943205625317e-28,
            0.0,
            -1.7147532693920925e-12,
            -2.7710428848194305e-05,
            0.0,
            -2.7189315623847986e-15,
            0.0,
            -9.761614101673474e-06,
            -0.007785308013405176,
            0.0,
            -1.6130037710830754e-06,
            0.0,
            -0.07217823162268262,
            -0.14624468474732627,
            0.0,
            -0.11049960246031343,
            0.0,
            0.0,
            0.0,
            0.0,
            1.0000000000000004,
            0.0
        ],
        [
            0.0,
            0.0,
            0.0,
            0.0,
            0.0,
            0.0,
            0.0,
            0.0,
            0.0,
            5.9594523043907376e-30,
            0.0,
            0.0,
            0.0,
            0.0,
            3.6395992840327966e-17,
            0.0,
            0.0,
            0.0,
            0.0,
            4.940849064824963e-08,
            0.0,
            0.0,
            0.0,
            0.0,
            0.014909064608637047,
            0.0,
            0.0,
            0.0,
            0.0,
            1.0000000000000004
        ]
    ],
    "h": [
        [
            -0.038672572764874014,
            -0.31252111513059433,
            -5.3824666701438256e-18,
            -0.021287514921941426,
            -8.619157064829302e-19,
            -0.17635592170576256,
            -0.2314987717215871,
            6.815646845526788e-18,
            0.09566963289520221,
            3.702233084437265e-18,
            -0.004719987306658957,
            -0.033527190752901184,
            1.2423140949442453e-19,
            0.012146226222208819,
            2.353261030487202e-20,
            0.011736925827432363,
            0.01099148828112233,
            2.941834416215657e-20,
            -0.0015303073719806918,
            -3.2761657469754495e-21,
            0.00029264342304516616,
            0.0022096076010229716,
            1.5916272422711137e-20,
            -0.0020185803307492607,
            3.0759298896475148e-21,
            -0.0032665234673165946,
            -0.003338940980402367,
            4.463556430663232e-22,
            0.00026836854482450523,
            1.3217293163792047e-20
        ],
        [
            -0.31252111513059433,
            -0.2078809335538585,
            -5.1823215514218704e-18,
            -0.032533097195783324,
            -8.15657191351173e-19,
            -0.23461415548568557,
            -0.23316026802733059,
            8.377183254037219e-18,
            0.03457778728190103,
            4.32166321166075e-18,
            -0.021317783027923108,
            -0.0649728615563376,
            1.5995378517111048e-19,
            0.022951164009818094,
            3.766085649182622e-20,
            0.011449763054230679,
            0.0077131900915141955,
            2.6565225268910194e-20,
            -0.0008422353623644676,
            -7.482585861814088e-21,
            0.0006097136233261877,
            0.002477894088704516,
            1.3925770447348908e-20,
            -0.0021190281866842924,
            7.477345325769839e-22,
            -0.003338940980402373,
            -0.003347389399310007,
            -4.9257469940345885e-22,
            0.0002342778893211964,
            1.2974141283884025e-20
        ],
        [
            -5.3824666701438256e-18,
            -5.1823215514218704e-18,
            1.4744177741275668,
            -9.53722792216712e-19,
            -5.45930492800765e-34,
            -5.555496588942817e-20,
            1.8480472135535983e-19,
            -0.02647075247284011,
            2.3347704736420785e-18,
            3.801838148196199e-34,
            6.7839428692940245e-18,
            7.771509602214693e-18,
            -7.171149818151498e-05,
            3.1871199292460033e-19,
            -1.0649179997963899e-36,
            5.1138386525150296e-18,
            6.730912859305664e-18,
            6.288023385601289e-05,
            -9.59132162164308e-19,
            -1.0208061074145927e-36,
            1.0644655626168128e-18,
            2.1269333572996556e-18,
            1.1099248079996707e-06,
            -6.12018009918454e-19,
            -1.1107854816529294e-37,
            -1.9345451927981872e-19,
            8.796167075198663e-21,
            -6.265637042143759e-06,
            -5.350484258913119e-20,
            8.29047026376398e-37
        ],
        [
            -0.021287514921941426,
            -0.032533097195783324,
            -9.53722792216712e-19,
            1.4622022076961179,
            -3.518830454603418e-19,
            -0.09566488702903331,
            -0.03697034271580074,
            2.5613744638155075e-18,
            0.08384033825624598,
            1.2965323286667674e-18,
            -0.0035225293672386127,
            -0.01663442376662595,
            3.7726790185751894e-20,
            0.003451724730345767,
            1.1959667250430266e-20,
            0.0014689814515915466,
            0.0008177199238492987,
            4.420862470995888e-21,
            -8.986811805632103e-05,
            -5.723524673492002e-22,
            0.00021474506692307772,
            0.00048246901683061797,
            1.4753676134400138e-21,
            -0.0002432074017736434,
            1.7310048335931835e-22,
            -0.00026836854482450404,
            -0.00023427788932119383,
            -7.099497425877217e-23,
            9.75646475227374e-06,
            1.183949308098506e-21
        ],
        [
            -8.619157064829302e-19,
            -8.15657191351173e-19,
            -5.45930492800765e-34,
            -3.518830454603418e-19,
            1.4744177741275666,
            -1.4289104832881416e-19,
            -3.0946359557048266e-19,
            3.7986840042558823e-34,
            1.5895092732234146e-19,
            -0.02647075247284011,
            3.8444342339953173e-19,
            5.625385874037467e-19,
            9.388511311041059e-36,
            1.266401380628872e-19,
            -7.171149818151498e-05,
            1.0146304062812744e-18,
            1.4716682659181534e-18,
            -1.8275868725092162e-36,
            1.624593746947457e-19,
            6.288023385601289e-05,
            1.6995778353473766e-18,
            2.1726411669342808e-18,
            -4.130240654706946e-36,
            2.6327168568336058e-20,
            1.1099248079996707e-06,
            1.2178736215688717e-18,
            1.6090246731131499e-18,
            -2.3445741026767645e-37,
            -2.4636272386192887e-19,
            -6.265637042143759e-06
        ],
        [
            -0.17635592170576256,
            -0.23461415548568557,
            -5.555496588942817e-20,
            -0.09566488702903331,
            -1.4289104832881416e-19,
            -0.049879233177492655,
            -0.33418658010684843,
            8.21620152348385e-18,
            0.006607627536894471,
            3.4144632429385744e-18,
            -0.10541617192463941,
            -0.1683922164840822,
            2.0504688617384143e-19,
            0.08111729510377269,
            7.057488785042256e-20,
            -0.003993756849579121,
            -0.020258322325768834,
            -6.714872891868518e-21,
            0.003701745220650509,
            -1.7421408784074888e-20,
            0.0014396185797221838,
            0.0007614234124635421,
            -1.0616224951382798e-20,
            -6.714198865671283e-05,
            -9.091809112807141e-21,
            0.00029264342304515916,
            0.000609713623326181,
            -4.4397823838641296e-21,
            -0.0002147450669230735,
            -2.4245211944548135e-21
        ],
        [
            -0.2314987717215871,
            -0.23316026802733059,
            1.8480472135535983e-19,
            -0.03697034271580074,
            -3.0946359557048266e-19,
            -0.33418658010684843,
            -0.2549430222710847,
            9.940011173434401e-18,
            0.01139532644102383,
            3.902337091759709e-18,
            -0.16839810084081197,
            -0.17950955728987872,
            -1.0659848712049818e-19,
            0.02189542031060762,
            -5.167013362271016e-20,
            -0.0318074446175752,
            -0.0626568680933598,
            -6.85583902920331e-21,
            0.016700769499760952,
            -7.128745920246662e-21,
            0.0007614234124635446,
            -0.004912624954024791,
            -1.778757563644695e-20,
            0.0019653033301045026,
            -7.06175061681704e-21,
            0.002209607601022971,
            0.002477894088704512,
            -4.711724470795975e-21,
            -0.0004824690168306132,
            -7.560732182244632e-21
        ],
        [
            6.815646845526788e-18,
            8.377183254037219e-18,
            -0.02647075247284011,
            2.5613744638155075e-18,
            3.7986840042558823e-34,
            8.21620152348385e-18,
            9.940011173434401e-18,
            1.4775350419585513,
            -1.3500073314300332e-18,
            -1.0596894770669776e-33,
            3.0942418492515167e-18,
            4.426263197881066e-18,
            -0.02381843465275973,
            -1.8019121276000475e-18,
            -4.2181897458307527e-35,
            -9.615412959971158e-19,
            -9.725613261264705e-19,
            -6.41000786094707e-05,
            -5.293648147286109e-19,
            -3.507851674450111e-36,
            -2.599942083841995e-18,
            -3.179203013617429e-18,
            7.843944793972037e-06,
            -5.092811346983135e-20,
            -4.829682516274747e-37,
            -1.81300358565371e-18,
            -2.4047862689507237e-18,
            1.1099248079996376e-06,
            3.870592674643752e-19,
            5.053655437905915e-36
        ],
        [
            0.09566963289520221,
            0.03457778728190103,
            2.3347704736420785e-18,
            0.08384033825624598,
            1.5895092732234146e-19,
            0.006607627536894471,
            0.01139532644102383,
            -1.3500073314300332e-18,
            1.452588870790416,
            -1.0628552494320017e-18,
            -0.08080605103552423,
            -0.021182558194557943,
            -7.232279716831695e-20,
            0.07659430716613139,
            -3.1096431733282004e-20,
            -0.011577534836173499,
            -0.02202819143437575,
            -7.607131206771983e-21,
            0.003504706825693117,
            1.0625375213313205e-21,
            6.714198865671192e-05,
            -0.001965303330104502,
            -1.0104637823120646e-20,
            0.0013838339169124766,
            -1.1344034027232918e-21,
            0.0020185803307492616,
            0.002119028186684291,
            -1.0077208078130187e-21,
            -0.00024320740177364295,
            -6.859777135728405e-21
        ],
        [
            3.702233084437265e-18,
            4.32166321166075e-18,
            3.801838148196199e-34,
            1.2965323286667674e-18,
            -0.02647075247284011,
            3.4144632429385744e-18,
            3.902337091759709e-18,
            -1.0596894770669776e-33,
            -1.0628552494320017e-18,
            1.4775350419585511,
            -5.391094716188343e-19,
            -2.122659127202556e-19,
            -2.170792001823482e-35,
            -7.840918075084802e-19,
            -0.02381843465275973,
            -1.940126771586488e-18,
            -2.5178991757883104e-18,
            2.225310571318971e-36,
            -7.144490901637022e-20,
            -6.41000786094707e-05,
            -2.114820300902426e-18,
            -2.790295806055177e-18,
            4.57379630443592e-36,
            9.224564963939878e-20,
            7.843944793972037e-06,
            -1.294284150937116e-18,
            -1.767207105253889e-18,
            2.415448627903971e-37,
            2.920856557001147e-19,
            1.1099248079996376e-06
        ],
        [
            -0.004719987306658957,
            -0.021317783027923108,
            6.7839428692940245e-18,
            -0.0035225293672386127,
            3.8444342339953173e-19,
            -0.10541617192463941,
            -0.16839810084081197,
            3.0942418492515167e-18,
            -0.08080605103552423,
            -5.391094716188343e-19,
            -0.050609824568428774,
            -0.332346792897377,
            -9.759877342966258e-19,
            -0.006323533309862931,
            -3.3415593378801324e-19,
            -0.17176070508819657,
            -0.22866026742020415,
            -4.3329893585460356e-20,
            0.09505444460760379,
            4.542206789453576e-20,
            -0.0039937568495791,
            -0.03180744461757519,
            -5.354087128964551e-20,
            0.011577534836173502,
            1.854784067807743e-21,
            0.011736925827432418,
            0.011449763054230731,
            -3.226310660457092e-21,
            -0.0014689814515915485,
            -3.735558395854205e-20
        ],
        [
            -0.033527190752901184,
            -0.0649728615563376,
            7.771509602214693e-18,
            -0.01663442376662595,
            5.625385874037467e-19,
            -0.1683922164840822,
            -0.17950955728987872,
            4.426263197881066e-18,
            -0.021182558194557943,
            -2.122659127202556e-19,
            -0.332346792897377,
            -0.2520790603660956,
            -8.186579141620735e-19,
            -0.01080697582764064,
            -2.7434736056597796e-19,
            -0.22866026742020398,
            -0.2300524934788764,
            -9.236344062008978e-20,
            0.034344136347096405,
            1.155243429591443e-20,
            -0.02025832232576888,
            -0.06265686809335994,
            -5.476993768235401e-20,
            0.022028191434375774,
            -1.4438439104936858e-21,
            0.010991488281122374,
            0.007713190091514206,
            -4.184915781021231e-21,
            -0.0008177199238492945,
            -3.7296213758993255e-20
        ],
        [
            1.2423140949442453e-19,
            1.5995378517111048e-19,
            -7.171149818151498e-05,
            3.7726790185751894e-20,
            9.388511311041059e-36,
            2.0504688617384143e-19,
            -1.0659848712049818e-19,
            -0.02381843465275973,
            -7.232279716831695e-20,
            -2.170792001823482e-35,
            -9.759877342966258e-19,
            -8.186579141620735e-19,
            1.4742475990682304,
            4.830975305549928e-19,
            3.294400960446045e-36,
            -3.534878664420753e-20,
            -2.355791259018267e-19,
            -0.02630799654499036,
            -2.951058574561167e-20,
            -2.7846862396782413e-37,
            -1.540921932702541e-19,
            -1.8334475742076753e-19,
            -6.41000786094705e-05,
            -4.4287280996097656e-21,
            -3.2039070503769504e-38,
            -1.0745246326833832e-19,
            -1.4189570456641662e-19,
            6.288023385601315e-05,
            2.3661426004327815e-20,
            3.0420408434304553e-37
        ],
        [
            0.012146226222208819,
            0.022951164009818094,
            3.1871199292460033e-19,
            0.003451724730345767,
            1.266401380628872e-19,
            0.08111729510377269,
            0.02189542031060762,
            -1.8019121276000475e-18,
            0.07659430716613139,
            -7.840918075084802e-19,
            -0.006323533309862931,
            -0.01080697582764064,
            4.830975305549928e-19,
            1.449551155066214,
            2.313354868611524e-19,
            -0.09505444460760348,
            -0.03434413634709624,
            -2.1625517517572443e-20,
            0.08330935951799329,
            7.78901655108625e-21,
            -0.0037017452206505024,
            -0.016700769499760973,
            -9.070420993960067e-21,
            0.003504706825693114,
            9.386028668449427e-22,
            0.001530307371980696,
            0.0008422353623644696,
            -2.1997762247149765e-22,
            -8.986811805632135e-05,
            -5.407300951264292e-21
        ],
        [
            2.353261030487202e-20,
            3.766085649182622e-20,
            -1.0649179997963899e-36,
            1.1959667250430266e-20,
            -7.171149818151498e-05,
            7.057488785042256e-20,
            -5.167013362271016e-20,
            -4.2181897458307527e-35,
            -3.1096431733282004e-20,
            -0.02381843465275973,
            -3.3415593378801324e-19,
            -2.7434736056597796e-19,
            3.294400960446045e-36,
            2.313354868611524e-19,
            1.4742475990682302,
            7.410513060653724e-21,
            -1.084339096609201e-19,
            4.888822178418559e-37,
            -8.819540013104935e-20,
            -0.026307996544990365,
            -2.6825937654897903e-19,
            -3.0581870028936324e-19,
            7.761863561153269e-37,
            -1.1966794805379957e-20,
            -6.41000786094705e-05,
            -1.926487465608868e-19,
            -2.5265035399878616e-19,
            3.8188980549892583e-38,
            4.215664622293229e-20,
            6.288023385601315e-05
        ],
        [
            0.011736925827432363,
            0.011449763054230679,
            5.1138386525150296e-18,
            0.0014689814515915466,
            1.0146304062812744e-18,
            -0.003993756849579121,
            -0.0318074446175752,
            -9.615412959971158e-19,
            -0.011577534836173499,
            -1.940126771586488e-18,
            -0.17176070508819657,
            -0.22866026742020398,
            -3.534878664420753e-20,
            -0.09505444460760348,
            7.410513060653724e-21,
            -0.05060982456842833,
            -0.33234679289737834,
            -1.837920653754137e-19,
            0.006323533309862911,
            -9.092480982818599e-20,
            -0.10541617192463973,
            -0.16839810084081225,
            1.5132056421168383e-20,
            0.08080605103552471,
            -5.962757767036364e-21,
            -0.00471998730665902,
            -0.02131778302792324,
            1.0389798037857922e-21,
            0.0035225293672386496,
