{
    "HF": -2.817145189421813,
    "coordinates": [
        [
            0.0,
            0.0,
            0.0
        ],
        [
            1.9,
            0.0,
            0.0
        ],
        [
            3.8,
            0.0,
            0.0
        ],
        [
            5.7,
            0.0,
            0.0
        ],
        [
            7.6,
            0.0,
            0.0
        ],
        [
            9.5,
            0.0,
            0.0
        ]
    ],
    "elements": [
        "H",
        "H",
        "H",
        "H",
        "H",
        "H"
    ],
    "Enn": 2.4230745973705266,
    "S": [
        [
            0.9999999999999999,
            0.6848602514927513,
            0.0,
            0.0,
            0.0,
            0.04018567008426245,
            0.19432416694040625,
            0.0,
            -0.05253253763699431,
            0.0,
            6.960613429508728e-06,
            0.0045623803571460345,
            0.0,
            -2.3975167209616424e-06,
            0.0,
            4.1642661915026755e-12,
            9.226434293294524e-06,
            0.0,
            -6.806016157523e-14,
            0.0,
            8.079049477699809e-21,
            1.6156212944431186e-09,
            0.0,
            -1.3985835031478719e-24,
            0.0,
            0.0,
            2.419083583470607e-14,
            0.0,
            0.0,
            0.0
        ],
        [
            0.6848602514927513,
            1.0000000000000002,
            0.0,
            0.0,
            0.0,
            0.19432416694040625,
            0.45548878435187173,
            0.0,
            -0.13446640399605148,
            0.0,
            0.0045623803571460345,
            0.043043814456234376,
            0.0,
            -0.00473115648208039,
            0.0,
            9.226434293294524e-06,
            0.0008439159381044444,
            0.0,
            -8.444963592503328e-06,
            0.0,
            1.6156212944431186e-09,
            3.432756535582809e-06,
            0.0,
            -9.063405528610864e-10,
            0.0,
            2.419083583470607e-14,
            2.8969579520105126e-09,
            0.0,
            -6.168392541924115e-15,
            0.0
        ],
        [
            0.0,
            0.0,
            1.0000000000000004,
            0.0,
            0.0,
            0.0,
            0.0,
            0.009222803210591714,
            0.0,
            0.0,
            0.0,
            0.0,
            7.235220452318305e-09,
            0.0,
            0.0,
            0.0,
            0.0,
            4.827991298727717e-19,
            0.0,
            0.0,
            0.0,
            0.0,
            0.0,
            0.0,
            0.0,
            0.0,
            0.0,
            0.0,
            0.0,
            0.0
        ],
        [
            0.0,
            0.0,
            0.0,
            1.0000000000000004,
            0.0,
            0.0525325376369943,
            0.13446640399605136,
            0.0,
            -0.07721471498916116,
            0.0,
            2.397516720961642e-06,
            0.004731156482080382,
            0.0,
            -2.640031374509569e-07,
            0.0,
            6.806016157522999e-14,
            8.444963592503338e-06,
            0.0,
            -4.0241004533799493e-17,
            0.0,
            1.3985835031478717e-24,
            9.063405528610826e-10,
            0.0,
            0.0,
            0.0,
            0.0,
            6.168392541924068e-15,
            0.0,
            0.0,
            0.0
        ],
        [
            0.0,
            0.0,
            0.0,
            0.0,
            1.0000000000000004,
            0.0,
            0.0,
            0.0,
            0.0,
            0.009222803210591714,
            0.0,
            0.0,
            0.0,
            0.0,
            7.235220452318305e-09,
            0.0,
            0.0,
            0.0,
            0.0,
            4.827991298727717e-19,
            0.0,
            0.0,
            0.0,
            0.0,
            0.0,
            0.0,
            0.0,
            0.0,
            0.0,
            0.0
        ],
        [
            0.04018567008426245,
            0.19432416694040625,
            0.0,
            0.05253253763699431,
            0.0,
            0.9999999999999999,
            0.6848602514927513,
            0.0,
            0.0,
            0.0,
            0.04018567008426245,
            0.19432416694040625,
            0.0,
            -0.052532537636994295,
            0.0,
            6.960613429508666e-06,
            0.004562380357146023,
            0.0,
            -2.397516720961617e-06,
            0.0,
            4.1642661915027046e-12,
            9.226434293294575e-06,
            0.0,
            -6.806016157523095e-14,
            0.0,
            8.079049477699523e-21,
            1.6156212944431012e-09,
            0.0,
            -1.3985835031478127e-24,
            0.0
        ],
        [
            0.19432416694040625,
            0.45548878435187173,
            0.0,
            0.13446640399605148,
            0.0,
            0.6848602514927513,
            1.0000000000000002,
            0.0,
            0.0,
            0.0,
            0.19432416694040625,
            0.45548878435187173,
            0.0,
            -0.1344664039960516,
            0.0,
            0.004562380357146022,
            0.0430438144562343,
            0.0,
            -0.004731156482080369,
            0.0,
            9.226434293294575e-06,
            0.000843915938104446,
            0.0,
            -8.444963592503372e-06,
            0.0,
            1.6156212944431012e-09,
            3.4327565355827853e-06,
            0.0,
            -9.063405528610734e-10,
            0.0
        ],
        [
            0.0,
            0.0,
            0.009222803210591714,
            0.0,
            0.0,
            0.0,
            0.0,
            1.0000000000000004,
            0.0,
            0.0,
            0.0,
            0.0,
            0.009222803210591714,
            0.0,
            0.0,
            0.0,
            0.0,
            7.235220452318228e-09,
            0.0,
            0.0,
            0.0,
            0.0,
            4.827991298727785e-19,
            0.0,
            0.0,
            0.0,
            0.0,
            0.0,
            0.0,
            0.0
        ],
        [
            -0.052532537636994295,
            -0.1344664039960513,
            0.0,
            -0.07721471498916116,
            0.0,
            0.0,
            0.0,
            0.0,
            1.0000000000000004,
            0.0,
            0.052532537636994295,
            0.1344664039960513,
            0.0,
            -0.07721471498916116,
            0.0,
            2.397516720961617e-06,
            0.004731156482080367,
            0.0,
            -2.6400313745095423e-07,
            0.0,
            6.806016157523094e-14,
            8.444963592503368e-06,
            0.0,
            -4.024100453380004e-17,
            0.0,
            1.3985835031478127e-24,
            9.063405528610699e-10,
            0.0,
            0.0,
            0.0
        ],
        [
            0.0,
            0.0,
            0.0,
            0.0,
            0.009222803210591714,
            0.0,
            0.0,
            0.0,
            0.0,
            1.0000000000000004,
            0.0,
            0.0,
            0.0,
            0.0,
            0.009222803210591714,
            0.0,
            0.0,
            0.0,
            0.0,
            7.235220452318228e-09,
            0.0,
            0.0,
            0.0,
            0.0,
            4.827991298727785e-19,
            0.0,
            0.0,
            0.0,
            0.0,
            0.0
        ],
        [
            6.960613429508728e-06,
            0.0045623803571460345,
            0.0,
            2.3975167209616424e-06,
            0.0,
            0.04018567008426245,
            0.19432416694040625,
            0.0,
            0.052532537636994295,
            0.0,
            0.9999999999999999,
            0.6848602514927513,
            0.0,
            0.0,
            0.0,
            0.040185670084262326,
            0.19432416694040602,
            0.0,
            -0.0525325376369942,
            0.0,
            6.960613429508728e-06,
            0.0045623803571460345,
            0.0,
            -2.3975167209616416e-06,
            0.0,
            4.164266191502646e-12,
            9.22643429329451e-06,
            0.0,
            -6.806016157522905e-14,
            0.0
        ],
        [
            0.0045623803571460345,
            0.043043814456234376,
            0.0,
            0.00473115648208039,
            0.0,
            0.19432416694040625,
            0.45548878435187173,
            0.0,
            0.1344664039960516,
            0.0,
            0.6848602514927513,
            1.0000000000000002,
            0.0,
            0.0,
            0.0,
            0.19432416694040602,
            0.4554887843518714,
            0.0,
            -0.13446640399605134,
            0.0,
            0.0045623803571460345,
            0.043043814456234376,
            0.0,
            -0.004731156482080394,
            0.0,
            9.22643429329451e-06,
            0.0008439159381044419,
            0.0,
            -8.444963592503282e-06,
            0.0
        ],
        [
            0.0,
            0.0,
            7.235220452318305e-09,
            0.0,
            0.0,
            0.0,
            0.0,
            0.009222803210591714,
            0.0,
            0.0,
            0.0,
            0.0,
            1.0000000000000004,
            0.0,
            0.0,
            0.0,
            0.0,
            0.009222803210591674,
            0.0,
            0.0,
            0.0,
            0.0,
            7.235220452318305e-09,
            0.0,
            0.0,
            0.0,
            0.0,
            4.827991298727648e-19,
            0.0,
            0.0
        ],
        [
            -2.3975167209616416e-06,
            -0.004731156482080379,
            0.0,
            -2.640031374509569e-07,
            0.0,
            -0.052532537636994295,
            -0.1344664039960513,
            0.0,
            -0.07721471498916116,
            0.0,
            0.0,
            0.0,
            0.0,
            1.0000000000000004,
            0.0,
            0.05253253763699414,
            0.13446640399605134,
            0.0,
            -0.07721471498916092,
            0.0,
            2.3975167209616416e-06,
            0.004731156482080379,
            0.0,
            -2.640031374509569e-07,
            0.0,
            6.806016157522905e-14,
            8.44496359250331e-06,
            0.0,
            -4.024100453379893e-17,
            0.0
        ],
        [
            0.0,
            0.0,
            0.0,
            0.0,
            7.235220452318305e-09,
            0.0,
            0.0,
            0.0,
            0.0,
            0.009222803210591714,
            0.0,
            0.0,
            0.0,
            0.0,
            1.0000000000000004,
            0.0,
            0.0,
            0.0,
            0.0,
            0.009222803210591674,
            0.0,
            0.0,
            0.0,
            0.0,
            7.235220452318305e-09,
            0.0,
            0.0,
            0.0,
            0.0,
            4.827991298727648e-19
        ],
        [
            4.1642661915026755e-12,
            9.226434293294524e-06,
            0.0,
            6.806016157523e-14,
            0.0,
            6.960613429508666e-06,
            0.004562380357146023,
            0.0,
            2.397516720961617e-06,
            0.0,
            0.040185670084262326,
            0.19432416694040602,
            0.0,
            0.0525325376369942,
            0.0,
            0.9999999999999999,
            0.6848602514927513,
            0.0,
            0.0,
            0.0,
            0.04018567008426255,
            0.19432416694040644,
            0.0,
            -0.052532537636994475,
            0.0,
            6.960613429508666e-06,
            0.004562380357146023,
            0.0,
            -2.397516720961617e-06,
            0.0
        ],
        [
            9.226434293294524e-06,
            0.0008439159381044444,
            0.0,
            8.444963592503328e-06,
            0.0,
            0.004562380357146022,
            0.0430438144562343,
            0.0,
            0.004731156482080373,
            0.0,
            0.19432416694040602,
            0.4554887843518714,
            0.0,
            0.13446640399605134,
            0.0,
            0.6848602514927513,
            1.0000000000000002,
            0.0,
            0.0,
            0.0,
            0.19432416694040644,
            0.455488784351872,
            0.0,
            -0.13446640399605128,
            0.0,
            0.004562380357146022,
            0.0430438144562343,
            0.0,
            -0.004731156482080377,
            0.0
        ],
        [
            0.0,
            0.0,
            4.827991298727717e-19,
            0.0,
            0.0,
            0.0,
            0.0,
            7.235220452318228e-09,
            0.0,
            0.0,
            0.0,
            0.0,
            0.009222803210591674,
            0.0,
            0.0,
            0.0,
            0.0,
            1.0000000000000004,
            0.0,
            0.0,
            0.0,
            0.0,
            0.009222803210591749,
            0.0,
            0.0,
            0.0,
            0.0,
            7.235220452318228e-09,
            0.0,
            0.0
        ],
        [
            -6.806016157522999e-14,
            -8.44496359250334e-06,
            0.0,
            -4.0241004533799493e-17,
            0.0,
            -2.397516720961617e-06,
            -0.004731156482080364,
            0.0,
            -2.6400313745095423e-07,
            0.0,
            -0.05253253763699414,
            -0.13446640399605134,
            0.0,
            -0.07721471498916092,
            0.0,
            0.0,
            0.0,
            0.0,
            1.0000000000000004,
            0.0,
            0.052532537636994434,
            0.13446640399605123,
            0.0,
            -0.07721471498916135,
            0.0,
            2.397516720961617e-06,
            0.004731156482080364,
            0.0,
            -2.6400313745095423e-07,
            0.0
        ],
        [
            0.0,
            0.0,
            0.0,
            0.0,
            4.827991298727717e-19,
            0.0,
            0.0,
            0.0,
            0.0,
            7.235220452318228e-09,
            0.0,
            0.0,
            0.0,
            0.0,
            0.009222803210591674,
            0.0,
            0.0,
            0.0,
            0.0,
            1.0000000000000004,
            0.0,
            0.0,
            0.0,
            0.0,
            0.009222803210591749,
            0.0,
            0.0,
            0.0,
            0.0,
            7.235220452318228e-09
        ],
        [
            8.079049477699809e-21,
            1.6156212944431186e-09,
            0.0,
            1.3985835031478719e-24,
            0.0,
            4.1642661915027046e-12,
            9.226434293294575e-06,
            0.0,
            6.806016157523095e-14,
            0.0,
            6.960613429508728e-06,
            0.0045623803571460345,
            0.0,
            2.3975167209616416e-06,
            0.0,
            0.04018567008426255,
            0.19432416694040644,
            0.0,
            0.052532537636994475,
            0.0,
            0.9999999999999999,
            0.6848602514927513,
            0.0,
            0.0,
            0.0,
            0.0401856700842622,
            0.19432416694040577,
            0.0,
            -0.05253253763699406,
            0.0
        ],
        [
            1.6156212944431186e-09,
            3.432756535582809e-06,
            0.0,
            9.063405528610864e-10,
            0.0,
            9.226434293294575e-06,
            0.000843915938104446,
            0.0,
            8.444963592503372e-06,
            0.0,
            0.0045623803571460345,
            0.043043814456234376,
            0.0,
            0.004731156482080394,
            0.0,
            0.19432416694040644,
            0.455488784351872,
            0.0,
            0.13446640399605173,
            0.0,
            0.6848602514927513,
            1.0000000000000002,
            0.0,
            0.0,
            0.0,
            0.19432416694040577,
            0.455488784351871,
            0.0,
            -0.13446640399605073,
            0.0
        ],
        [
            0.0,
            0.0,
            0.0,
            0.0,
            0.0,
            0.0,
            0.0,
            4.827991298727785e-19,
            0.0,
            0.0,
            0.0,
            0.0,
            7.235220452318305e-09,
            0.0,
            0.0,
            0.0,
            0.0,
            0.009222803210591749,
            0.0,
            0.0,
            0.0,
            0.0,
            1.0000000000000004,
            0.0,
            0.0,
            0.0,
            0.0,
            0.009222803210591634,
            0.0,
            0.0
        ],
        [
            -1.3985835031478713e-24,
            -9.063405528610821e-10,
            0.0,
            0.0,
            0.0,
            -6.806016157523093e-14,
            -8.444963592503368e-06,
            0.0,
            -4.024100453380004e-17,
            0.0,
            -2.3975167209616416e-06,
            -0.004731156482080379,
            0.0,
            -2.640031374509569e-07,
            0.0,
            -0.052532537636994434,
            -0.13446640399605123,
            0.0,
            -0.07721471498916135,
            0.0,
            0.0,
            0.0,
            0.0,
            1.0000000000000004,
            0.0,
            0.05253253763699399,
            0.13446640399605114,
            0.0,
            -0.07721471498916066,
            0.0
        ],
        [
            0.0,
            0.0,
            0.0,
            0.0,
            0.0,
            0.0,
            0.0,
            0.0,
            0.0,
            4.827991298727785e-19,
            0.0,
            0.0,
            0.0,
            0.0,
            7.235220452318305e-09,
            0.0,
            0.0,
            0.0,
            0.0,
            0.009222803210591749,
            0.0,
            0.0,
            0.0,
            0.0,
            1.0000000000000004,
            0.0,
            0.0,
            0.0,
            0.0,
            0.009222803210591634
        ],
        [
            0.0,
            2.419083583470607e-14,
            0.0,
            0.0,
            0.0,
            8.079049477699523e-21,
            1.6156212944431012e-09,
            0.0,
            1.3985835031478127e-24,
            0.0,
            4.164266191502646e-12,
            9.22643429329451e-06,
            0.0,
            6.806016157522905e-14,
            0.0,
            6.960613429508666e-06,
            0.004562380357146023,
            0.0,
            2.397516720961617e-06,
            0.0,
            0.0401856700842622,
            0.19432416694040577,
            0.0,
            0.05253253763699399,
            0.0,
            0.9999999999999999,
            0.6848602514927513,
            0.0,
            0.0,
            0.0
        ],
        [
            2.419083583470607e-14,
            2.8969579520105126e-09,
            0.0,
            6.168392541924115e-15,
            0.0,
            1.6156212944431012e-09,
            3.4327565355827853e-06,
            0.0,
            9.063405528610734e-10,
            0.0,
            9.22643429329451e-06,
            0.0008439159381044419,
            0.0,
            8.444963592503282e-06,
            0.0,
            0.004562380357146022,
            0.0430438144562343,
            0.0,
            0.004731156482080369,
            0.0,
            0.19432416694040577,
            0.455488784351871,
            0.0,
            0.1344664039960512,
            0.0,
            0.6848602514927513,
            1.0000000000000002,
            0.0,
            0.0,
            0.0
        ],
        [
            0.0,
            0.0,
            0.0,
            0.0,
            0.0,
            0.0,
            0.0,
            0.0,
            0.0,
            0.0,
            0.0,
            0.0,
            4.827991298727648e-19,
            0.0,
            0.0,
            0.0,
            0.0,
            7.235220452318228e-09,
            0.0,
            0.0,
            0.0,
            0.0,
            0.009222803210591634,
            0.0,
            0.0,
            0.0,
            0.0,
            1.0000000000000004,
            0.0,
            0.0
        ],
        [
            0.0,
            -6.168392541924067e-15,
            0.0,
            0.0,
            0.0,
            -1.3985835031478127e-24,
            -9.063405528610699e-10,
            0.0,
            0.0,
            0.0,
            -6.806016157522905e-14,
            -8.44496359250331e-06,
            0.0,
            -4.024100453379893e-17,
            0.0,
            -2.397516720961617e-06,
            -0.0047311564820803715,
            0.0,
            -2.640031374509542e-07,
            0.0,
            -0.05253253763699406,
            -0.13446640399605067,
            0.0,
            -0.07721471498916066,
            0.0,
            0.0,
            0.0,
            0.0,
            1.0000000000000004,
            0.0
        ],
        [
            0.0,
            0.0,
            0.0,
            0.0,
            0.0,
            0.0,
            0.0,
            0.0,
            0.0,
            0.0,
            0.0,
            0.0,
            0.0,
            0.0,
            4.827991298727648e-19,
            0.0,
            0.0,
            0.0,
            0.0,
            7.235220452318228e-09,
            0.0,
            0.0,
            0.0,
            0.0,
            0.009222803210591634,
            0.0,
            0.0,
            0.0,
            0.0,
            1.0000000000000004
        ]
    ],
    "h": [
        [
            -0.035873391830220314,
            -0.30729834060344074,
            -2.65220058966709e-19,
            -0.01613923426441398,
            -1.6807375242452116e-18,
            -0.15733000736728991,
            -0.21613350679721197,
            4.463911370426067e-18,
            0.08451318396327517,
            2.3592552040501187e-19,
            -0.00345720825736878,
            -0.026756939830886773,
            7.663679418864719e-20,
            0.009717509955871997,
            7.705999826802007e-21,
            0.010661394803544322,
            0.010556587420687928,
            1.797524269414218e-20,
            -0.0013012893477478175,
            -4.5347862961255155e-21,
            0.0001915114338977889,
            0.0018483896280068854,
            3.661869997451747e-21,
            -0.0015869378789101617,
            -1.0031318385742436e-20,
            -0.002859379872129949,
            -0.00299482913172818,
            1.7295207414827666e-21,
            0.00021976680325889309,
            -6.223576842989555e-21
        ],
        [
            -0.30729834060344074,
            -0.19969038117654558,
            7.07029512776802e-19,
            -0.02624907906309871,
            -1.9058992859288425e-18,
            -0.2182460025707451,
            -0.2205182438662331,
            5.414895895335703e-18,
            0.03325370113977899,
            3.739688806602973e-19,
            -0.01563930931562562,
            -0.053720482564569495,
            8.659875814381406e-20,
            0.01780315714707513,
            1.5561160118253795e-20,
            0.010886276857127576,
            0.008873104432418573,
            1.4725815465540536e-20,
            -0.0009070337652257359,
            3.700314084731767e-22,
            0.0004561823447251214,
            0.0021679716077670145,
            1.6088751964466785e-21,
            -0.0017088077604552926,
            -6.305795034595638e-21,
            -0.002994829131728181,
            -0.0030857777943874504,
            1.0547589902316116e-21,
            0.0002022840645366509,
            -4.8253253006869086e-21
        ],
        [
            -2.65220058966709e-19,
            7.07029512776802e-19,
            1.4715478389909995,
            3.4144968959364953e-19,
            -4.1472967747856566e-34,
            4.36890418203144e-18,
            5.529139766288896e-18,
            -0.020842079035482252,
            4.655321148604359e-19,
            2.6489518601230167e-36,
            6.538076685152233e-18,
            8.174008410643628e-18,
            -4.7405841123974864e-05,
            -2.1402633471597875e-19,
            4.479009415149966e-36,
            3.8118190811703235e-18,
            5.0508586727656436e-18,
            5.12629087022587e-05,
            -9.295527265307327e-19,
            -8.52356835086382e-37,
            -3.8567046577906154e-19,
            1.581052397297387e-19,
            6.576032936339987e-07,
            -4.877448968884675e-19,
            -1.861726412705415e-36,
            -1.065714597156879e-18,
            -1.206499052519243e-18,
            -4.927975722279339e-06,
            1.2771638739206966e-19,
            -1.3076185463780813e-36
        ],
        [
            -0.01613923426441398,
            -0.02624907906309871,
            3.4144968959364953e-19,
            1.462869889850157,
            -2.8035426690473257e-19,
            -0.08445577962483317,
            -0.0349876344447326,
            1.554937788901248e-18,
            0.08792177989504835,
            7.589901121737871e-20,
            -0.0025813229915571632,
            -0.012523651818803733,
            1.9514369672853393e-20,
            0.0025115656048128395,
            8.588621232793487e-22,
            0.0012525594609934174,
            0.0008874388786568054,
            2.4179968502198006e-21,
            -9.255127946598902e-05,
            -2.7062994644813055e-22,
            0.00015866806378904595,
            0.00037833935455096346,
            1.579670206633777e-22,
            -0.00017657325045214404,
            -7.47542269191105e-22,
            -0.0002197668032588992,
            -0.0002022840645366574,
            5.109587278679126e-23,
            9.32730011038345e-06,
            -4.1808706975571825e-22
        ],
        [
            -1.6807375242452116e-18,
            -1.9058992859288425e-18,
            -4.1472967747856566e-34,
            -2.8035426690473257e-19,
            1.4715478389909993,
            -1.1081767929492477e-18,
            -1.3576757798608447e-18,
            -5.987668903482666e-34,
            5.568897067321524e-19,
            -0.02084207903548225,
            3.2014956207105516e-19,
            2.749840681213406e-20,
            -7.869099728616195e-36,
            4.7157004477189505e-21,
            -4.7405841123974864e-05,
            -5.260403917773123e-19,
            -9.214867462316787e-19,
            1.8008829933068447e-36,
            -3.164805942470962e-19,
            5.12629087022587e-05,
            -2.1217193181397476e-18,
            -2.607810904130336e-18,
            2.4282581176976727e-36,
            -1.177993064801294e-19,
            6.576032936339987e-07,
            -1.6841712577907243e-18,
            -2.1785768912668685e-18,
            1.8213550550954513e-36,
            2.924279912115933e-19,
            -4.927975722279339e-06
        ],
        [
            -0.15733000736728991,
            -0.2182460025707451,
            4.36890418203144e-18,
            -0.08445577962483317,
            -1.1081767929492477e-18,
            -0.04377295679692228,
            -0.32501744361286833,
            4.985553414210046e-18,
            0.00480194480944162,
            6.867064605758806e-19,
            -0.08844081483833907,
            -0.15230831150240445,
            7.311512545790813e-20,
            0.07053659553229175,
            5.226077818565438e-20,
            -0.0028405223721709788,
            -0.01472967383009929,
            -1.27298499503812e-20,
            0.002715157625326094,
            2.702156185163888e-20,
            0.00126049448535045,
            0.0009022929327198575,
            -1.2274891091088259e-20,
            -9.84465858633561e-05,
            1.9210237711464032e-20,
            0.00019151143389775115,
            0.0004561823447250762,
            -4.887209192742794e-21,
            -0.00015866806378904001,
            7.312420452611705e-21
        ],
        [
            -0.21613350679721197,
            -0.2205182438662331,
            5.529139766288896e-18,
            -0.0349876344447326,
            -1.3576757798608447e-18,
            -0.32501744361286833,
            -0.2401195901833001,
            6.21779778746241e-18,
            0.009584555177072171,
            1.1157788545747017e-18,
            -0.15229491332667505,
            -0.16426582413700452,
            -1.2107399220680622e-19,
            0.02127796171173854,
            3.942204692101833e-20,
            -0.025283272950445926,
            -0.05172999898170526,
            -1.320059697227986e-20,
            0.012579436550431223,
            2.817591292650042e-20,
            0.0009022929327198717,
            -0.0030969060230162495,
            -1.456474361149765e-20,
            0.0013916563786723739,
            2.075227899797461e-20,
            0.0018483896280068616,
            0.0021679716077669855,
            -6.6094775150675465e-21,
            -0.00037833935455095603,
            8.355473032975416e-21
        ],
        [
            4.463911370426067e-18,
            5.414895895335703e-18,
            -0.020842079035482252,
            1.554937788901248e-18,
            -5.987668903482666e-34,
            4.985553414210046e-18,
            6.21779778746241e-18,
            1.475497461952227,
            -5.681985572598388e-19,
            2.2659085111113675e-33,
            1.797111874106306e-18,
            2.5087155180605488e-18,
            -0.01830600338047999,
            -1.1473416228729415e-18,
            5.715825206351103e-35,
            -1.356484520323386e-18,
            -1.758133632222646e-18,
            -4.149845316623606e-05,
            -4.545956119384146e-19,
            -1.5235724122050233e-36,
            -3.1852359500526323e-18,
            -3.96288225663022e-18,
            6.199246695226161e-06,
            -4.2209031781853825e-20,
            -4.0059765919966865e-36,
            -2.2369733940727864e-18,
            -2.955479866223879e-18,
            6.576032936338875e-07,
            4.2756961620742697e-19,
            -2.6796016018541217e-36
        ],
        [
            0.08451318396327517,
            0.03325370113977899,
            4.655321148604359e-19,
            0.08792177989504835,
            5.568897067321524e-19,
            0.00480194480944162,
            0.009584555177072171,
            -5.681985572598388e-19,
            1.457238895743783,
            1.1296462498185274e-19,
            -0.07026944199304971,
            -0.02067600050536897,
            -3.629733811553886e-20,
            0.08098063234395735,
            1.8749987682178587e-20,
            -0.00926562130677894,
            -0.017097692916051423,
            -5.665612201436791e-21,
            0.002543981331271095,
            8.056076176417207e-21,
            9.844658586335296e-05,
            -0.0013916563786723784,
            -4.394409271525804e-21,
            0.0009759569934473516,
            6.24898471170134e-21,
            0.0015869378789101702,
            0.0017088077604553008,
            -2.228580056153067e-21,
            -0.00017657325045214157,
            2.9654785142047327e-21
        ],
        [
            2.3592552040501187e-19,
            3.739688806602973e-19,
            2.6489518601230167e-36,
            7.589901121737871e-20,
            -0.02084207903548225,
            6.867064605758806e-19,
            1.1157788545747017e-18,
            2.2659085111113675e-33,
            1.1296462498185274e-19,
            1.4754974619522268,
            1.9423648748990656e-18,
            2.6517876395376446e-18,
            3.03120147299767e-35,
            1.2698042303852292e-19,
            -0.018306003380479982,
            3.227430825874458e-18,
            4.667446499825121e-18,
            -4.215516442452127e-36,
            3.218727614792034e-19,
            -4.149845316623606e-05,
            4.941990891122333e-18,
            6.337612630404518e-18,
            -5.127411771597965e-36,
            -2.8656438348263824e-20,
            6.199246695226161e-06,
            3.3561479519842934e-18,
            4.461464845101984e-18,
            -3.6208119257349444e-36,
            -6.472897519812459e-19,
            6.576032936338875e-07
        ],
        [
            -0.00345720825736878,
            -0.01563930931562562,
            6.538076685152233e-18,
            -0.0025813229915571632,
            3.2014956207105516e-19,
            -0.08844081483833907,
            -0.15229491332667505,
            1.797111874106306e-18,
            -0.07026944199304971,
            1.9423648748990656e-18,
            -0.04457037139958664,
            -0.32342372867894154,
            -7.034385394399075e-19,
            -0.004621020396778169,
            -1.0930578217313983e-20,
            -0.15315706354380237,
            -0.21300116972227745,
            -3.125766831232385e-20,
            0.08392349559251733,
            2.3396182771002488e-20,
            -0.0028405223721709757,
            -0.02528327295044592,
            -1.9355186321442307e-20,
            0.009265621306778936,
            2.5721451963566067e-20,
            0.010661394803544383,
            0.010886276857127642,
            -1.1440476594889162e-20,
            -0.0012525594609934015,
            1.4107965377529352e-20
        ],
        [
            -0.026756939830886773,
            -0.053720482564569495,
            8.174008410643628e-18,
            -0.012523651818803733,
            2.749840681213406e-20,
            -0.15230831150240445,
            -0.16426582413700452,
            2.5087155180605488e-18,
            -0.02067600050536897,
            2.6517876395376446e-18,
            -0.32342372867894154,
            -0.23748474002120523,
            -6.348143416204305e-19,
            -0.009132845350583393,
            4.718880609729118e-20,
            -0.21300116972227714,
            -0.21714239782638922,
            -6.027711500947001e-20,
            0.033051593341089036,
            3.4699071547405744e-20,
            -0.014729673830099361,
            -0.0517299989817054,
            -2.1992964277097595e-20,
            0.017097692916051475,
            3.021699514804122e-20,
            0.010556587420687942,
            0.00887310443241858,
            -1.23659246924696e-20,
            -0.0008874388786567752,
            1.5802465303761947e-20
        ],
        [
            7.663679418864719e-20,
            8.659875814381406e-20,
            -4.7405841123974864e-05,
            1.9514369672853393e-20,
            -7.869099728616195e-36,
            7.311512545790813e-20,
            -1.2107399220680622e-19,
            -0.01830600338047999,
            -3.629733811553886e-20,
            3.03120147299767e-35,
            -7.034385394399075e-19,
            -6.348143416204305e-19,
            1.4723189727400716,
            2.8536825428375616e-19,
            -7.752463579840642e-36,
            -7.473318838183741e-20,
            -2.0304196274828588e-19,
            -0.020697872378127747,
            2.9663254246203836e-21,
            -6.319225534208503e-38,
            -9.210408859688179e-20,
            -1.1891337083359872e-19,
            -4.149845316623603e-05,
            2.6610322231125888e-21,
            -1.1339978910972407e-37,
            -5.807927604561575e-20,
            -7.810472236956682e-20,
            5.126290870225891e-05,
            1.1983099953445278e-20,
            -6.960705363925955e-38
        ],
        [
            0.009717509955871997,
            0.01780315714707513,
            -2.1402633471597875e-19,
            0.0025115656048128395,
            4.7157004477189505e-21,
            0.07053659553229175,
            0.02127796171173854,
            -1.1473416228729415e-18,
            0.08098063234395735,
            1.2698042303852292e-19,
            -0.004621020396778169,
            -0.009132845350583393,
            2.8536825428375616e-19,
            1.4542480689094692,
            4.885205796605183e-20,
            -0.08392349559251673,
            -0.03305159334108887,
            -1.1114392850799371e-20,
            0.08748093906199847,
            5.688386961638071e-21,
            -0.0027151576253261226,
            -0.012579436550431224,
            -2.5976555799954228e-21,
            0.0025439813312710877,
            3.475572229766713e-21,
            0.001301289347747805,
            0.0009070337652257177,
            -1.2350354567662915e-21,
            -9.255127946598173e-05,
            1.5452023159160458e-21
        ],
        [
            7.705999826802007e-21,
            1.5561160118253795e-20,
            4.479009415149966e-36,
            8.588621232793487e-22,
            -4.7405841123974864e-05,
            5.226077818565438e-20,
            3.942204692101833e-20,
            5.715825206351103e-35,
            1.8749987682178587e-20,
            -0.018306003380479982,
            -1.0930578217313983e-20,
            4.718880609729118e-20,
            -7.752463579840642e-36,
            4.885205796605183e-20,
            1.4723189727400714,
            1.9143567742535907e-19,
            2.5617602964940376e-19,
            -3.6985110874720897e-37,
            2.7456362763524024e-20,
            -0.020697872378127747,
            3.197676487785062e-19,
            4.0027481299098264e-19,
            -3.4457073159225897e-37,
            -6.621400342369249e-21,
            -4.149845316623603e-05,
            2.046997083120248e-19,
            2.742531549106697e-19,
            -2.1964743599376044e-37,
            -4.223835206025725e-20,
            5.126290870225891e-05
        ],
        [
            0.010661394803544322,
            0.010886276857127576,
            3.8118190811703235e-18,
            0.0012525594609934174,
            -5.260403917773123e-19,
            -0.0028405223721709788,
            -0.025283272950445926,
            -1.356484520323386e-18,
            -0.00926562130677894,
            3.227430825874458e-18,
            -0.15315706354380237,
            -0.21300116972227714,
            -7.473318838183741e-20,
            -0.08392349559251673,
            1.9143567742535907e-19,
            -0.044570371399587305,
            -0.32342372867894187,
            -1.0769285738694198e-19,
            0.004621020396777845,
            2.808223566559267e-20,
            -0.08844081483833933,
            -0.15229491332667566,
            8.264127062288467e-21,
            0.07026944199304988,
            -7.937785471695796e-21,
            -0.003457208257368884,
            -0.015639309315625773,
            4.069714343765885e-21,
            0.002581322991557214,
            -3.328076940683396e-21
        ],
        [
            0.010556587420687928,
            0.008873104432418573,
            5.0508586727656436e-18,
            0.0008874388786568054,
            -9.214867462316787e-19,
            -0.01472967383009929,
            -0.05172999898170526,
