{
    "HF": -2.7751981616846733,
    "coordinates": [
        [
            0.0,
            0.0,
            0.0
        ],
        [
            2.0,
            0.0,
            0.0
        ],
        [
            4.0,
            0.0,
            0.0
        ],
        [
            6.0,
            0.0,
            0.0
        ],
        [
            8.0,
            0.0,
            0.0
        ],
        [
            10.0,
            0.0,
            0.0
        ]
    ],
    "elements": [
        "H",
        "H",
        "H",
        "H",
        "H",
        "H"
    ],
    "Enn": 2.301920867502001,
    "S": [
        [
            0.9999999999999999,
            0.6848602514927513,
            0.0,
            0.0,
            0.0,
            0.02915955210954658,
            0.16965538024636875,
            0.0,
            -0.03745231479155643,
            0.0,
            2.017198394314069e-06,
            0.0026641625396760693,
            0.0,
            -5.427110253744595e-07,
            0.0,
            2.566953213126052e-13,
            2.7710324961049164e-06,
            0.0,
            -2.2561291051394387e-15,
            0.0,
            5.702100965555621e-23,
            1.912176165122828e-10,
            0.0,
            -3.148389748518855e-27,
            0.0,
            0.0,
            8.630299441591075e-16,
            0.0,
            0.0,
            0.0
        ],
        [
            0.6848602514927513,
            1.0000000000000002,
            0.0,
            0.0,
            0.0,
            0.16965538024636875,
            0.4183906064901829,
            0.0,
            -0.12237772912422547,
            0.0,
            0.0026641625396760693,
            0.030642747430177416,
            0.0,
            -0.0027828674775050347,
            0.0,
            2.771032496104922e-06,
            0.00039285956237835993,
            0.0,
            -2.3998495562908165e-06,
            0.0,
            1.912176165122828e-10,
            8.816796282761098e-07,
            0.0,
            -9.301716088222044e-11,
            0.0,
            8.630299441591137e-16,
            3.4637627292246816e-10,
            0.0,
            -1.709045053177079e-16,
            0.0
        ],
        [
            0.0,
            0.0,
            1.0000000000000004,
            0.0,
            0.0,
            0.0,
            0.0,
            0.0055590488427281854,
            0.0,
            0.0,
            0.0,
            0.0,
            9.549968945595543e-10,
            0.0,
            0.0,
            0.0,
            0.0,
            5.06995854794911e-21,
            0.0,
            0.0,
            0.0,
            0.0,
            0.0,
            0.0,
            0.0,
            0.0,
            0.0,
            0.0,
            0.0,
            0.0
        ],
        [
            0.0,
            0.0,
            0.0,
            1.0000000000000004,
            0.0,
            0.037452314791556425,
            0.12237772912422541,
            0.0,
            -0.0521697639313941,
            0.0,
            5.427110253744593e-07,
            0.0027828674775050356,
            0.0,
            -3.871426199170736e-08,
            0.0,
            2.2561291051394383e-15,
            2.3998495562908064e-06,
            0.0,
            -4.687780439803558e-19,
            0.0,
            3.1483897485188538e-27,
            9.301716088222071e-11,
            0.0,
            0.0,
            0.0,
            0.0,
            1.7090450531770794e-16,
            0.0,
            0.0,
            0.0
        ],
        [
            0.0,
            0.0,
            0.0,
            0.0,
            1.0000000000000004,
            0.0,
            0.0,
            0.0,
            0.0,
            0.0055590488427281854,
            0.0,
            0.0,
            0.0,
            0.0,
            9.549968945595543e-10,
            0.0,
            0.0,
            0.0,
            0.0,
            5.06995854794911e-21,
            0.0,
            0.0,
            0.0,
            0.0,
            0.0,
            0.0,
            0.0,
            0.0,
            0.0,
            0.0
        ],
        [
            0.02915955210954658,
            0.16965538024636875,
            0.0,
            0.03745231479155643,
            0.0,
            0.9999999999999999,
            0.6848602514927513,
            0.0,
            0.0,
            0.0,
            0.02915955210954658,
            0.16965538024636875,
            0.0,
            -0.03745231479155642,
            0.0,
            2.017198394314069e-06,
            0.0026641625396760693,
            0.0,
            -5.427110253744593e-07,
            0.0,
            2.566953213126052e-13,
            2.7710324961049164e-06,
            0.0,
            -2.256129105139439e-15,
            0.0,
            5.702100965555621e-23,
            1.912176165122828e-10,
            0.0,
            -3.148389748518855e-27,
            0.0
        ],
        [
            0.16965538024636875,
            0.4183906064901829,
            0.0,
            0.12237772912422547,
            0.0,
            0.6848602514927513,
            1.0000000000000002,
            0.0,
            0.0,
            0.0,
            0.16965538024636875,
            0.4183906064901829,
            0.0,
            -0.12237772912422537,
            0.0,
            0.0026641625396760693,
            0.030642747430177416,
            0.0,
            -0.0027828674775050325,
            0.0,
            2.771032496104922e-06,
            0.00039285956237835993,
            0.0,
            -2.3998495562908165e-06,
            0.0,
            1.912176165122828e-10,
            8.816796282761098e-07,
            0.0,
            -9.301716088222037e-11,
            0.0
        ],
        [
            0.0,
            0.0,
            0.0055590488427281854,
            0.0,
            0.0,
            0.0,
            0.0,
            1.0000000000000004,
            0.0,
            0.0,
            0.0,
            0.0,
            0.0055590488427281854,
            0.0,
            0.0,
            0.0,
            0.0,
            9.549968945595543e-10,
            0.0,
            0.0,
            0.0,
            0.0,
            5.06995854794911e-21,
            0.0,
            0.0,
            0.0,
            0.0,
            0.0,
            0.0,
            0.0
        ],
        [
            -0.037452314791556425,
            -0.12237772912422537,
            0.0,
            -0.0521697639313941,
            0.0,
            0.0,
            0.0,
            0.0,
            1.0000000000000004,
            0.0,
            0.037452314791556425,
            0.12237772912422537,
            0.0,
            -0.0521697639313941,
            0.0,
            5.427110253744593e-07,
            0.0027828674775050343,
            0.0,
            -3.871426199170736e-08,
            0.0,
            2.2561291051394383e-15,
            2.399849556290807e-06,
            0.0,
            -4.687780439803558e-19,
            0.0,
            3.1483897485188538e-27,
            9.301716088222071e-11,
            0.0,
            0.0,
            0.0
        ],
        [
            0.0,
            0.0,
            0.0,
            0.0,
            0.0055590488427281854,
            0.0,
            0.0,
            0.0,
            0.0,
            1.0000000000000004,
            0.0,
            0.0,
            0.0,
            0.0,
            0.0055590488427281854,
            0.0,
            0.0,
            0.0,
            0.0,
            9.549968945595543e-10,
            0.0,
            0.0,
            0.0,
            0.0,
            5.06995854794911e-21,
            0.0,
            0.0,
            0.0,
            0.0,
            0.0
        ],
        [
            2.017198394314069e-06,
            0.0026641625396760693,
            0.0,
            5.427110253744595e-07,
            0.0,
            0.02915955210954658,
            0.16965538024636875,
            0.0,
            0.03745231479155642,
            0.0,
            0.9999999999999999,
            0.6848602514927513,
            0.0,
            0.0,
            0.0,
            0.02915955210954658,
            0.16965538024636875,
            0.0,
            -0.03745231479155642,
            0.0,
            2.017198394314069e-06,
            0.0026641625396760693,
            0.0,
            -5.427110253744593e-07,
            0.0,
            2.566953213126052e-13,
            2.7710324961049164e-06,
            0.0,
            -2.256129105139439e-15,
            0.0
        ],
        [
            0.0026641625396760693,
            0.030642747430177416,
            0.0,
            0.0027828674775050347,
            0.0,
            0.16965538024636875,
            0.4183906064901829,
            0.0,
            0.12237772912422537,
            0.0,
            0.6848602514927513,
            1.0000000000000002,
            0.0,
            0.0,
            0.0,
            0.16965538024636875,
            0.4183906064901829,
            0.0,
            -0.12237772912422537,
            0.0,
            0.0026641625396760693,
            0.030642747430177416,
            0.0,
            -0.0027828674775050325,
            0.0,
            2.771032496104922e-06,
            0.00039285956237835993,
            0.0,
            -2.3998495562908195e-06,
            0.0
        ],
        [
            0.0,
            0.0,
            9.549968945595543e-10,
            0.0,
            0.0,
            0.0,
            0.0,
            0.0055590488427281854,
            0.0,
            0.0,
            0.0,
            0.0,
            1.0000000000000004,
            0.0,
            0.0,
            0.0,
            0.0,
            0.0055590488427281854,
            0.0,
            0.0,
            0.0,
            0.0,
            9.549968945595543e-10,
            0.0,
            0.0,
            0.0,
            0.0,
            5.06995854794911e-21,
            0.0,
            0.0
        ],
        [
            -5.427110253744593e-07,
            -0.0027828674775050343,
            0.0,
            -3.871426199170736e-08,
            0.0,
            -0.037452314791556425,
            -0.12237772912422537,
            0.0,
            -0.0521697639313941,
            0.0,
            0.0,
            0.0,
            0.0,
            1.0000000000000004,
            0.0,
            0.037452314791556425,
            0.12237772912422537,
            0.0,
            -0.0521697639313941,
            0.0,
            5.427110253744593e-07,
            0.0027828674775050343,
            0.0,
            -3.871426199170736e-08,
            0.0,
            2.2561291051394383e-15,
            2.3998495562908055e-06,
            0.0,
            -4.687780439803558e-19,
            0.0
        ],
        [
            0.0,
            0.0,
            0.0,
            0.0,
            9.549968945595543e-10,
            0.0,
            0.0,
            0.0,
            0.0,
            0.0055590488427281854,
            0.0,
            0.0,
            0.0,
            0.0,
            1.0000000000000004,
            0.0,
            0.0,
            0.0,
            0.0,
            0.0055590488427281854,
            0.0,
            0.0,
            0.0,
            0.0,
            9.549968945595543e-10,
            0.0,
            0.0,
            0.0,
            0.0,
            5.06995854794911e-21
        ],
        [
            2.566953213126052e-13,
            2.7710324961049164e-06,
            0.0,
            2.2561291051394387e-15,
            0.0,
            2.017198394314069e-06,
            0.0026641625396760693,
            0.0,
            5.427110253744595e-07,
            0.0,
            0.02915955210954658,
            0.16965538024636875,
            0.0,
            0.03745231479155642,
            0.0,
            0.9999999999999999,
            0.6848602514927513,
            0.0,
            0.0,
            0.0,
            0.02915955210954658,
            0.16965538024636875,
            0.0,
            -0.03745231479155642,
            0.0,
            2.017198394314069e-06,
            0.0026641625396760693,
            0.0,
            -5.427110253744593e-07,
            0.0
        ],
        [
            2.771032496104922e-06,
            0.00039285956237835993,
            0.0,
            2.3998495562908165e-06,
            0.0,
            0.0026641625396760693,
            0.030642747430177416,
            0.0,
            0.0027828674775050347,
            0.0,
            0.16965538024636875,
            0.4183906064901829,
            0.0,
            0.12237772912422537,
            0.0,
            0.6848602514927513,
            1.0000000000000002,
            0.0,
            0.0,
            0.0,
            0.16965538024636875,
            0.4183906064901829,
            0.0,
            -0.12237772912422537,
            0.0,
            0.0026641625396760693,
            0.030642747430177416,
            0.0,
            -0.0027828674775050325,
            0.0
        ],
        [
            0.0,
            0.0,
            5.06995854794911e-21,
            0.0,
            0.0,
            0.0,
            0.0,
            9.549968945595543e-10,
            0.0,
            0.0,
            0.0,
            0.0,
            0.0055590488427281854,
            0.0,
            0.0,
            0.0,
            0.0,
            1.0000000000000004,
            0.0,
            0.0,
            0.0,
            0.0,
            0.0055590488427281854,
            0.0,
            0.0,
            0.0,
            0.0,
            9.549968945595543e-10,
            0.0,
            0.0
        ],
        [
            -2.2561291051394383e-15,
            -2.3998495562908055e-06,
            0.0,
            -4.687780439803558e-19,
            0.0,
            -5.427110253744593e-07,
            -0.0027828674775050343,
            0.0,
            -3.871426199170736e-08,
            0.0,
            -0.037452314791556425,
            -0.12237772912422537,
            0.0,
            -0.0521697639313941,
            0.0,
            0.0,
            0.0,
            0.0,
            1.0000000000000004,
            0.0,
            0.037452314791556425,
            0.12237772912422537,
            0.0,
            -0.0521697639313941,
            0.0,
            5.427110253744593e-07,
            0.0027828674775050343,
            0.0,
            -3.871426199170736e-08,
            0.0
        ],
        [
            0.0,
            0.0,
            0.0,
            0.0,
            5.06995854794911e-21,
            0.0,
            0.0,
            0.0,
            0.0,
            9.549968945595543e-10,
            0.0,
            0.0,
            0.0,
            0.0,
            0.0055590488427281854,
            0.0,
            0.0,
            0.0,
            0.0,
            1.0000000000000004,
            0.0,
            0.0,
            0.0,
            0.0,
            0.0055590488427281854,
            0.0,
            0.0,
            0.0,
            0.0,
            9.549968945595543e-10
        ],
        [
            5.702100965555621e-23,
            1.912176165122828e-10,
            0.0,
            3.148389748518855e-27,
            0.0,
            2.566953213126052e-13,
            2.7710324961049164e-06,
            0.0,
            2.256129105139439e-15,
            0.0,
            2.017198394314069e-06,
            0.0026641625396760693,
            0.0,
            5.427110253744593e-07,
            0.0,
            0.02915955210954658,
            0.16965538024636875,
            0.0,
            0.03745231479155642,
            0.0,
            0.9999999999999999,
            0.6848602514927513,
            0.0,
            0.0,
            0.0,
            0.02915955210954658,
            0.16965538024636875,
            0.0,
            -0.03745231479155647,
            0.0
        ],
        [
            1.912176165122828e-10,
            8.816796282761098e-07,
            0.0,
            9.301716088222044e-11,
            0.0,
            2.771032496104922e-06,
            0.00039285956237835993,
            0.0,
            2.3998495562908165e-06,
            0.0,
            0.0026641625396760693,
            0.030642747430177416,
            0.0,
            0.0027828674775050325,
            0.0,
            0.16965538024636875,
            0.4183906064901829,
            0.0,
            0.12237772912422537,
            0.0,
            0.6848602514927513,
            1.0000000000000002,
            0.0,
            0.0,
            0.0,
            0.16965538024636875,
            0.4183906064901829,
            0.0,
            -0.12237772912422537,
            0.0
        ],
        [
            0.0,
            0.0,
            0.0,
            0.0,
            0.0,
            0.0,
            0.0,
            5.06995854794911e-21,
            0.0,
            0.0,
            0.0,
            0.0,
            9.549968945595543e-10,
            0.0,
            0.0,
            0.0,
            0.0,
            0.0055590488427281854,
            0.0,
            0.0,
            0.0,
            0.0,
            1.0000000000000004,
            0.0,
            0.0,
            0.0,
            0.0,
            0.0055590488427281854,
            0.0,
            0.0
        ],
        [
            -3.1483897485188538e-27,
            -9.301716088222068e-11,
            0.0,
            0.0,
            0.0,
            -2.2561291051394383e-15,
            -2.3998495562908055e-06,
            0.0,
            -4.687780439803558e-19,
            0.0,
            -5.427110253744593e-07,
            -0.0027828674775050343,
            0.0,
            -3.871426199170736e-08,
            0.0,
            -0.037452314791556425,
            -0.12237772912422537,
            0.0,
            -0.0521697639313941,
            0.0,
            0.0,
            0.0,
            0.0,
            1.0000000000000004,
            0.0,
            0.037452314791556474,
            0.12237772912422537,
            0.0,
            -0.0521697639313941,
            0.0
        ],
        [
            0.0,
            0.0,
            0.0,
            0.0,
            0.0,
            0.0,
            0.0,
            0.0,
            0.0,
            5.06995854794911e-21,
            0.0,
            0.0,
            0.0,
            0.0,
            9.549968945595543e-10,
            0.0,
            0.0,
            0.0,
            0.0,
            0.0055590488427281854,
            0.0,
            0.0,
            0.0,
            0.0,
            1.0000000000000004,
            0.0,
            0.0,
            0.0,
            0.0,
            0.0055590488427281854
        ],
        [
            0.0,
            8.630299441591075e-16,
            0.0,
            0.0,
            0.0,
            5.702100965555621e-23,
            1.912176165122828e-10,
            0.0,
            3.148389748518855e-27,
            0.0,
            2.566953213126052e-13,
            2.7710324961049164e-06,
            0.0,
            2.256129105139439e-15,
            0.0,
            2.017198394314069e-06,
            0.0026641625396760693,
            0.0,
            5.427110253744593e-07,
            0.0,
            0.02915955210954658,
            0.16965538024636875,
            0.0,
            0.03745231479155647,
            0.0,
            0.9999999999999999,
            0.6848602514927513,
            0.0,
            0.0,
            0.0
        ],
        [
            8.630299441591137e-16,
            3.4637627292246816e-10,
            0.0,
            1.709045053177079e-16,
            0.0,
            1.912176165122828e-10,
            8.816796282761098e-07,
            0.0,
            9.301716088222044e-11,
            0.0,
            2.771032496104922e-06,
            0.00039285956237835993,
            0.0,
            2.3998495562908165e-06,
            0.0,
            0.0026641625396760693,
            0.030642747430177416,
            0.0,
            0.0027828674775050325,
            0.0,
            0.16965538024636875,
            0.4183906064901829,
            0.0,
            0.12237772912422537,
            0.0,
            0.6848602514927513,
            1.0000000000000002,
            0.0,
            0.0,
            0.0
        ],
        [
            0.0,
            0.0,
            0.0,
            0.0,
            0.0,
            0.0,
            0.0,
            0.0,
            0.0,
            0.0,
            0.0,
            0.0,
            5.06995854794911e-21,
            0.0,
            0.0,
            0.0,
            0.0,
            9.549968945595543e-10,
            0.0,
            0.0,
            0.0,
            0.0,
            0.0055590488427281854,
            0.0,
            0.0,
            0.0,
            0.0,
            1.0000000000000004,
            0.0,
            0.0
        ],
        [
            0.0,
            -1.7090450531770787e-16,
            0.0,
            0.0,
            0.0,
            -3.1483897485188538e-27,
            -9.301716088222068e-11,
            0.0,
            0.0,
            0.0,
            -2.2561291051394383e-15,
            -2.3998495562908055e-06,
            0.0,
            -4.687780439803558e-19,
            0.0,
            -5.427110253744593e-07,
            -0.0027828674775050343,
            0.0,
            -3.871426199170736e-08,
            0.0,
            -0.037452314791556474,
            -0.12237772912422537,
            0.0,
            -0.0521697639313941,
            0.0,
            0.0,
            0.0,
            0.0,
            1.0000000000000004,
            0.0
        ],
        [
            0.0,
            0.0,
            0.0,
            0.0,
            0.0,
            0.0,
            0.0,
            0.0,
            0.0,
            0.0,
            0.0,
            0.0,
            0.0,
            0.0,
            5.06995854794911e-21,
            0.0,
            0.0,
            0.0,
            0.0,
            9.549968945595543e-10,
            0.0,
            0.0,
            0.0,
            0.0,
            0.0055590488427281854,
            0.0,
            0.0,
            0.0,
            0.0,
            1.0000000000000004
        ]
    ],
    "h": [
        [
            -0.03386023459475729,
            -0.3028912222745096,
            -3.229964446056401e-18,
            -0.012137600981856095,
            9.07354421191248e-19,
            -0.1409070896431587,
            -0.20165647470613698,
            1.1630860328799695e-18,
            0.07317280212882801,
            5.9424855795981514e-18,
            -0.002534268780666747,
            -0.021534807967796686,
            3.797268835631251e-20,
            0.00784838531992133,
            5.416337680404993e-20,
            0.009714476657887949,
            0.009998064745567503,
            5.206179012088968e-21,
            -0.0011014891411485807,
            -5.127381777377211e-21,
            0.00011827840996058604,
            0.0015463395727024142,
            -3.4059386057266735e-21,
            -0.0012520810571283719,
            5.950684672312923e-21,
            -0.0025091277725150423,
            -0.0026759920488344207,
            -2.196703285214824e-21,
            0.00017863565709576532,
            3.588330780685635e-21
        ],
        [
            -0.3028912222745096,
            -0.1921153177161672,
            -3.502112750784061e-18,
            -0.021165821298358166,
            7.691685308818234e-19,
            -0.20306693567786976,
            -0.20829194501665488,
            1.5378278026548303e-18,
            0.0325319490150964,
            6.925425947000687e-18,
            -0.011460111617514396,
            -0.04416865111376754,
            3.612065444473078e-20,
            0.01378985820963894,
            5.227956362031657e-20,
            0.010235193851735758,
            0.009323813513136816,
            4.2436044555352045e-21,
            -0.000878780808018792,
            -3.461778119171584e-21,
            0.0003352633653746826,
            0.0018663694311466799,
            -3.5104836088794765e-21,
            -0.0013730012521911527,
            9.983520257222695e-21,
            -0.002675992048834419,
            -0.0028149981755973465,
            -2.180363886812367e-21,
            0.00017098451527054807,
            5.340365738897652e-21
        ],
        [
            -3.229964446056401e-18,
            -3.502112750784061e-18,
            1.4690780802440573,
            -4.162050868081484e-19,
            2.437083009439841e-33,
            -1.1788243042879062e-18,
            -1.3229910905701701e-18,
            -0.01579865898258015,
            1.0911021067077707e-18,
            1.604376322886563e-33,
            2.5298813987837853e-18,
            2.6442678383671137e-18,
            -3.1544590969548425e-05,
            5.936917532551907e-20,
            5.494626599492717e-35,
            1.1570042622234245e-18,
            1.3076960393634333e-18,
            4.216323659863057e-05,
            -5.308737157961793e-19,
            5.7988199509087065e-37,
            -1.749939591112083e-18,
            -1.9199958420486414e-18,
            3.721249370897863e-07,
            -2.5001360196194046e-19,
            -6.692492124742789e-39,
            -1.6944083634295854e-18,
            -2.121804880615367e-18,
            -3.906945709107719e-06,
            2.439514786700747e-19,
            -4.20489927577438e-39
        ],
        [
            -0.012137600981856095,
            -0.021165821298358166,
            -4.162050868081484e-19,
            1.4630093594837918,
            -3.7858682312126284e-19,
            -0.07307824738175363,
            -0.03379213260282621,
            3.746031638882968e-19,
            0.08113378018202923,
            1.6672249988229702e-18,
            -0.0019266009083585569,
            -0.009376372200106956,
            6.6362932624912825e-21,
            0.0018500296978807471,
            5.299170449016882e-21,
            0.0010624252281809582,
            0.0008624801985500111,
            6.908819185697475e-22,
            -8.563271586815304e-05,
            -7.600950981905111e-22,
            0.00011778167921117605,
            0.0002948175132265837,
            -3.7603430765704063e-22,
            -0.00012796076293410374,
            8.931635128304426e-22,
            -0.00017863565709576982,
            -0.00017098451527055385,
            -1.9540839678151227e-22,
            8.130898980128132e-06,
            4.377940282388153e-22
        ],
        [
            9.07354421191248e-19,
            7.691685308818234e-19,
            2.437083009439841e-33,
            -3.7858682312126284e-19,
            1.469078080244057,
            -1.1786135229540527e-18,
            -1.9564673403792163e-18,
            1.539559757451052e-34,
            -8.334978171202604e-19,
            -0.015798658982580146,
            -4.399821800018827e-18,
            -5.092551968960189e-18,
            -1.7141870971750124e-35,
            1.3811703765098092e-19,
            -3.1544590969548425e-05,
            -1.763772931908535e-18,
            -2.0677244751914105e-18,
            -4.502424684365939e-37,
            8.440215058668932e-19,
            4.216323659863057e-05,
            2.7310965113462937e-18,
            3.000764339355474e-18,
            6.161794545693643e-38,
            3.785267023246002e-19,
            3.721249370897863e-07,
            2.612865179554643e-18,
            3.2778951474288747e-18,
            2.9609537080254445e-38,
            -3.790834792451519e-19,
            -3.906945709107719e-06
        ],
        [
            -0.1409070896431587,
            -0.20306693567786976,
            -1.1788243042879062e-18,
            -0.07307824738175363,
            -1.1786135229540527e-18,
            -0.03925035799593024,
            -0.3173398605976563,
            1.6281425406043559e-18,
            0.0033742335230913557,
            4.380925656178835e-18,
            -0.07396407676812095,
            -0.13759403345335883,
            -1.4931321849982403e-20,
            0.0598456518050685,
            -9.106210863543178e-20,
            -0.0020118312138757703,
            -0.010683032395765386,
            -4.585264927137351e-21,
            0.0020270669129833093,
            6.6304895486928926e-21,
            0.0011028246371462657,
            0.000937497300030639,
            -2.0228377476472394e-21,
            -0.0001091164211555418,
            2.5562729858132983e-20,
            0.00011827840996060105,
            0.00033526336537469836,
            -7.388497980044373e-22,
            -0.00011778167921118357,
            1.1176460555149524e-20
        ],
        [
            -0.20165647470613698,
            -0.20829194501665488,
            -1.3229910905701701e-18,
            -0.03379213260282621,
            -1.9564673403792163e-18,
            -0.3173398605976563,
            -0.22658892332862046,
            1.7895521901793956e-18,
            0.008011622336412921,
            4.958481657765137e-18,
            -0.13757208193096204,
            -0.15016354719185776,
            -5.567422951559254e-20,
            0.02113900561315679,
            -2.9332240778311694e-19,
            -0.020283456891347165,
            -0.042475325044007715,
            -4.906477376249704e-21,
            0.009422834649409257,
            2.605510212088511e-21,
            0.000937497300030657,
            -0.001914673673591574,
            -2.4093105854303726e-21,
            0.0009999947112192542,
            2.5929649021331004e-20,
            0.00154633957270244,
            0.0018663694311467094,
            -1.0540174135593416e-21,
            -0.00029481751322659426,
            1.147915045244954e-20
        ],
        [
            1.1630860328799695e-18,
            1.5378278026548303e-18,
            -0.01579865898258015,
            3.746031638882968e-19,
            1.539559757451052e-34,
            1.6281425406043559e-18,
            1.7895521901793956e-18,
            1.4734428098947985,
            -4.402340497097402e-19,
            5.722102845813643e-34,
            -1.2503963693574656e-19,
            7.311917512606843e-20,
            -0.013429369845352118,
            -2.0060983281212149e-19,
            1.948730249492763e-35,
            -5.309660377190926e-19,
            -7.011476180000091e-19,
            -2.695247719617421e-05,
            -1.5371755161980444e-20,
            1.0124874615479973e-37,
            -6.14141781777673e-19,
            -8.077941736822379e-19,
            4.908933125290277e-06,
            2.1423704009984835e-20,
            -9.82988081731251e-39,
            -3.861437761745296e-19,
            -5.183864410328878e-19,
            3.7212493708981724e-07,
            7.011923609808519e-20,
            -2.7048557495787587e-39
        ],
        [
            0.07317280212882801,
            0.0325319490150964,
            1.0911021067077707e-18,
            0.08113378018202923,
            -8.334978171202604e-19,
            0.0033742335230913557,
            0.008011622336412921,
            -4.402340497097402e-19,
            1.4601432391546008,
            -1.820021622740502e-18,
            -0.059624999018571184,
            -0.020638268039795293,
            -2.749670749207833e-20,
            0.07458720200636403,
            -1.2958321050494267e-19,
            -0.007490201091760677,
            -0.013250018653227585,
            -1.7639944351369603e-21,
            0.0018700731515122887,
            4.837775861506657e-22,
            0.00010911642115554954,
            -0.000999994711219248,
            -2.1565901375176033e-22,
            0.0006921907160389346,
            3.4975510846124104e-21,
            0.0012520810571283788,
            0.0013730012521911607,
            -1.6667290757422528e-23,
            -0.00012796076293410428,
            1.1382920973742027e-21
        ],
        [
            5.9424855795981514e-18,
            6.925425947000687e-18,
            1.604376322886563e-33,
            1.6672249988229702e-18,
            -0.015798658982580146,
            4.380925656178835e-18,
            4.958481657765137e-18,
            5.722102845813643e-34,
            -1.820021622740502e-18,
            1.4734428098947983,
            -2.4113889007625193e-18,
            -1.3780947961452286e-18,
            -5.079126705289848e-35,
            -7.814229047210426e-20,
            -0.013429369845352115,
            1.0964738804222982e-18,
            2.1087791935851405e-18,
            -7.333185959876799e-37,
            1.1209945368201348e-18,
            -2.695247719617421e-05,
            7.05287069717632e-18,
            8.530561710814824e-18,
            1.428527794461971e-37,
            2.8287203347706405e-19,
            4.908933125290277e-06,
            5.403037722522531e-18,
            6.997584593434243e-18,
            5.441100431906327e-38,
            -8.93011356333906e-19,
            3.7212493708981724e-07
        ],
        [
            -0.002534268780666747,
            -0.011460111617514396,
            2.5298813987837853e-18,
            -0.0019266009083585569,
            -4.399821800018827e-18,
            -0.07396407676812095,
            -0.13757208193096204,
            -1.2503963693574656e-19,
            -0.059624999018571184,
            -2.4113889007625193e-18,
            -0.04012364825554493,
            -0.31600034260178345,
            -1.9980452064940085e-19,
            -0.0032722773898198696,
            -8.925700094960759e-19,
            -0.13713636510752863,
            -0.19844729115254514,
            -1.0402939859170718e-20,
            0.07262587860058492,
            -1.4568691456677765e-20,
            -0.002011831213875683,
            -0.020283456891347064,
            1.0867966444670864e-21,
            0.00749020109176066,
            5.198102643414266e-21,
            0.009714476657887999,
            0.010235193851735797,
            4.871223491530956e-22,
            -0.0010624252281809668,
            1.811679267632525e-21
        ],
        [
            -0.021534807967796686,
            -0.04416865111376754,
            2.6442678383671137e-18,
            -0.009376372200106956,
            -5.092551968960189e-18,
            -0.13759403345335883,
            -0.15016354719185776,
            7.311917512606843e-20,
            -0.020638268039795293,
            -1.3780947961452286e-18,
            -0.31600034260178345,
            -0.2242542534887535,
            -2.0033003587955727e-19,
            -0.007675481401802949,
            -8.730427754501034e-19,
            -0.19844729115254506,
            -0.20487581801214305,
            -1.0382273369712248e-20,
            0.03235287379641527,
            -1.8857060321372056e-20,
            -0.010683032395765292,
            -0.04247532504400764,
            5.022391263663282e-22,
            0.013250018653227549,
            1.0254636011620904e-20,
            0.009998064745567524,
            0.009323813513136821,
            3.286261549492103e-22,
            -0.0008624801985500155,
            4.065918938194708e-21
        ],
        [
            3.797268835631251e-20,
            3.612065444473078e-20,
            -3.1544590969548425e-05,
            6.6362932624912825e-21,
            -1.7141870971750124e-35,
            -1.4931321849982403e-20,
            -5.567422951559254e-20,
            -0.013429369845352118,
            -2.749670749207833e-20,
            -5.079126705289848e-35,
            -1.9980452064940085e-19,
            -2.0033003587955727e-19,
            1.4703897951994636,
            3.943085370346181e-20,
            -9.293863435767083e-36,
            -2.9918224638021175e-20,
            -3.699896430597388e-20,
            -0.015674551290201878,
            4.2312718192223476e-20,
            -5.815657434183867e-38,
            1.2680558548747944e-19,
            1.4353574201785558e-19,
            -2.6952477196173387e-05,
            4.431300365579855e-21,
            9.620898520338057e-40,
            9.224409926628847e-20,
            1.2009340152103325e-19,
            4.216323659863075e-05,
            -1.655748750938056e-20,
            3.1822517531699268e-40
        ],
        [
            0.00784838531992133,
            0.01378985820963894,
            5.936917532551907e-20,
            0.0018500296978807471,
            1.3811703765098092e-19,
            0.0598456518050685,
            0.02113900561315679,
            -2.0060983281212149e-19,
            0.07458720200636403,
            -7.814229047210426e-20,
            -0.0032722773898198696,
            -0.007675481401802949,
            3.943085370346181e-20,
            1.4572342229522512,
            1.8414149793715946e-19,
            -0.07262587860058486,
            -0.032352873796415355,
            -2.5400561887598283e-21,
            0.08077276808966738,
            -4.312357905353463e-21,
            -0.0020270669129833045,
            -0.009422834649409252,
            2.3552912997707507e-22,
            0.001870073151512276,
            2.299135928506224e-22,
            0.0011014891411485616,
            0.0008787808080187682,
            7.86797227333311e-23,
            -8.56327158681497e-05,
            -5.498951730779841e-23
        ],
        [
            5.416337680404993e-20,
            5.227956362031657e-20,
            5.494626599492717e-35,
            5.299170449016882e-21,
            -3.1544590969548425e-05,
            -9.106210863543178e-20,
            -2.9332240778311694e-19,
            1.948730249492763e-35,
            -1.2958321050494267e-19,
            -0.013429369845352115,
            -8.925700094960759e-19,
            -8.730427754501034e-19,
            -9.293863435767083e-36,
            1.8414149793715946e-19,
            1.4703897951994633,
            -6.212347052834379e-21,
            -2.242560609718349e-20,
            -1.04776850783003e-37,
            1.6720377281880715e-19,
            -0.015674551290201875,
            6.431107983028828e-19,
            7.498969913295189e-19,
            1.3736145917900893e-38,
            1.2905032742893647e-20,
            -2.6952477196173387e-05,
            4.543944477528479e-19,
            5.946167802664758e-19,
            4.81931396513296e-39,
            -8.213395812171323e-20,
            4.216323659863075e-05
        ],
        [
            0.009714476657887949,
            0.010235193851735758,
            1.1570042622234245e-18,
            0.0010624252281809582,
            -1.763772931908535e-18,
            -0.0020118312138757703,
            -0.020283456891347165,
            -5.309660377190926e-19,
            -0.007490201091760677,
            1.0964738804222982e-18,
            -0.13713636510752863,
            -0.19844729115254506,
            -2.9918224638021175e-20,
            -0.07262587860058486,
            -6.212347052834379e-21,
            -0.040123648255544486,
            -0.3160003426017838,
            2.0591514006740547e-21,
            0.003272277389819594,
            -3.462201678840224e-20,
            -0.07396407676812106,
            -0.13757208193096204,
            -5.199730025095733e-22,
            0.05962499901857113,
            -1.0192425100838855e-21,
            -0.0025342687806669557,
            -0.011460111617514642,
            5.312123776628195e-23,
            0.0019266009083585922,
            -7.152978772592461e-24
        ],
        [
            0.009998064745567503,
            0.009323813513136816,
            1.3076960393634333e-18,
            0.0008624801985500111,
