{
    "HF": -2.7358510397134705,
    "coordinates": [
        [
            0.0,
            0.0,
            0.0
        ],
        [
            2.1,
            0.0,
            0.0
        ],
        [
            4.2,
            0.0,
            0.0
        ],
        [
            6.3,
            0.0,
            0.0
        ],
        [
            8.4,
            0.0,
            0.0
        ],
        [
            10.5,
            0.0,
            0.0
        ]
    ],
    "elements": [
        "H",
        "H",
        "H",
        "H",
        "H",
        "H"
    ],
    "Enn": 2.192305588097143,
    "S": [
        [
            0.9999999999999999,
            0.6848602514927513,
            0.0,
            0.0,
            0.0,
            0.020856220946818476,
            0.14709996688200683,
            0.0,
            -0.026152597806796386,
            0.0,
            5.486611652416393e-07,
            0.0015141265199115027,
            0.0,
            -1.1325557902521426e-07,
            0.0,
            1.3716394601906157e-14,
            7.829773038047897e-07,
            0.0,
            -6.247872556079315e-17,
            0.0,
            3.1216568439119025e-25,
            2.029196973204691e-11,
            0.0,
            0.0,
            0.0,
            0.0,
            2.595330134667604e-17,
            0.0,
            0.0,
            0.0
        ],
        [
            0.6848602514927513,
            1.0000000000000002,
            0.0,
            0.0,
            0.0,
            0.14709996688200683,
            0.38264326424095907,
            0.0,
            -0.11027155374109388,
            0.0,
            0.0015141265199115027,
            0.021437606305259215,
            0.0,
            -0.0015847802253850262,
            0.0,
            7.829773038047897e-07,
            0.0001758517338533171,
            0.0,
            -6.360914516272776e-07,
            0.0,
            2.029196973204691e-11,
            2.112054710431504e-07,
            0.0,
            -8.450866770568959e-12,
            0.0,
            2.5953301346676225e-17,
            3.7140848282244745e-11,
            0.0,
            -3.919565532238353e-18,
            0.0
        ],
        [
            0.0,
            0.0,
            1.0000000000000004,
            0.0,
            0.0,
            0.0,
            0.0,
            0.0032648485503669164,
            0.0,
            0.0,
            0.0,
            0.0,
            1.1361931331528756e-10,
            0.0,
            0.0,
            0.0,
            0.0,
            4.2147067273573767e-23,
            0.0,
            0.0,
            0.0,
            0.0,
            0.0,
            0.0,
            0.0,
            0.0,
            0.0,
            0.0,
            0.0,
            0.0
        ],
        [
            0.0,
            0.0,
            0.0,
            1.0000000000000004,
            0.0,
            0.026152597806796383,
            0.11027155374109382,
            0.0,
            -0.03411467611751992,
            0.0,
            1.1325557902521425e-07,
            0.0015847802253850254,
            0.0,
            -5.089728847309015e-09,
            0.0,
            6.247872556079313e-17,
            6.360914516272773e-07,
            0.0,
            -4.300760681354227e-21,
            0.0,
            0.0,
            8.450866770568956e-12,
            0.0,
            0.0,
            0.0,
            0.0,
            3.919565532238351e-18,
            0.0,
            0.0,
            0.0
        ],
        [
            0.0,
            0.0,
            0.0,
            0.0,
            1.0000000000000004,
            0.0,
            0.0,
            0.0,
            0.0,
            0.0032648485503669164,
            0.0,
            0.0,
            0.0,
            0.0,
            1.1361931331528756e-10,
            0.0,
            0.0,
            0.0,
            0.0,
            4.2147067273573767e-23,
            0.0,
            0.0,
            0.0,
            0.0,
            0.0,
            0.0,
            0.0,
            0.0,
            0.0,
            0.0
        ],
        [
            0.020856220946818476,
            0.14709996688200683,
            0.0,
            0.026152597806796386,
            0.0,
            0.9999999999999999,
            0.6848602514927513,
            0.0,
            0.0,
            0.0,
            0.020856220946818476,
            0.14709996688200683,
            0.0,
            -0.026152597806796386,
            0.0,
            5.486611652416431e-07,
            0.0015141265199115066,
            0.0,
            -1.1325557902521464e-07,
            0.0,
            1.371639460190606e-14,
            7.829773038047869e-07,
            0.0,
            -6.247872556079226e-17,
            0.0,
            3.1216568439119916e-25,
            2.0291969732047124e-11,
            0.0,
            0.0,
            0.0
        ],
        [
            0.14709996688200683,
            0.38264326424095907,
            0.0,
            0.11027155374109388,
            0.0,
            0.6848602514927513,
            1.0000000000000002,
            0.0,
            0.0,
            0.0,
            0.14709996688200683,
            0.38264326424095907,
            0.0,
            -0.11027155374109396,
            0.0,
            0.0015141265199115066,
            0.02143760630525925,
            0.0,
            -0.0015847802253850308,
            0.0,
            7.829773038047855e-07,
            0.00017585173385331647,
            0.0,
            -6.36091451627273e-07,
            0.0,
            2.0291969732047124e-11,
            2.1120547104315186e-07,
            0.0,
            -8.450866770569084e-12,
            0.0
        ],
        [
            0.0,
            0.0,
            0.0032648485503669164,
            0.0,
            0.0,
            0.0,
            0.0,
            1.0000000000000004,
            0.0,
            0.0,
            0.0,
            0.0,
            0.0032648485503669164,
            0.0,
            0.0,
            0.0,
            0.0,
            1.1361931331528876e-10,
            0.0,
            0.0,
            0.0,
            0.0,
            4.214706727357286e-23,
            0.0,
            0.0,
            0.0,
            0.0,
            0.0,
            0.0,
            0.0
        ],
        [
            -0.026152597806796386,
            -0.11027155374109385,
            0.0,
            -0.03411467611751992,
            0.0,
            0.0,
            0.0,
            0.0,
            1.0000000000000004,
            0.0,
            0.026152597806796386,
            0.11027155374109376,
            0.0,
            -0.03411467611751992,
            0.0,
            1.1325557902521464e-07,
            0.0015847802253850301,
            0.0,
            -5.089728847309067e-09,
            0.0,
            6.247872556079226e-17,
            6.36091451627273e-07,
            0.0,
            -4.300760681354136e-21,
            0.0,
            0.0,
            8.450866770569072e-12,
            0.0,
            0.0,
            0.0
        ],
        [
            0.0,
            0.0,
            0.0,
            0.0,
            0.0032648485503669164,
            0.0,
            0.0,
            0.0,
            0.0,
            1.0000000000000004,
            0.0,
            0.0,
            0.0,
            0.0,
            0.0032648485503669164,
            0.0,
            0.0,
            0.0,
            0.0,
            1.1361931331528876e-10,
            0.0,
            0.0,
            0.0,
            0.0,
            4.214706727357286e-23,
            0.0,
            0.0,
            0.0,
            0.0,
            0.0
        ],
        [
            5.486611652416393e-07,
            0.0015141265199115027,
            0.0,
            1.1325557902521426e-07,
            0.0,
            0.020856220946818476,
            0.14709996688200683,
            0.0,
            0.026152597806796386,
            0.0,
            0.9999999999999999,
            0.6848602514927513,
            0.0,
            0.0,
            0.0,
            0.020856220946818542,
            0.14709996688200705,
            0.0,
            -0.026152597806796452,
            0.0,
            5.486611652416393e-07,
            0.0015141265199115027,
            0.0,
            -1.1325557902521426e-07,
            0.0,
            1.3716394601906255e-14,
            7.829773038047926e-07,
            0.0,
            -6.247872556079356e-17,
            0.0
        ],
        [
            0.0015141265199115027,
            0.021437606305259215,
            0.0,
            0.0015847802253850262,
            0.0,
            0.14709996688200683,
            0.38264326424095907,
            0.0,
            0.11027155374109396,
            0.0,
            0.6848602514927513,
            1.0000000000000002,
            0.0,
            0.0,
            0.0,
            0.14709996688200702,
            0.38264326424095946,
            0.0,
            -0.11027155374109379,
            0.0,
            0.0015141265199115027,
            0.021437606305259215,
            0.0,
            -0.0015847802253850275,
            0.0,
            7.829773038047912e-07,
            0.00017585173385331737,
            0.0,
            -6.360914516272794e-07,
            0.0
        ],
        [
            0.0,
            0.0,
            1.1361931331528756e-10,
            0.0,
            0.0,
            0.0,
            0.0,
            0.0032648485503669164,
            0.0,
            0.0,
            0.0,
            0.0,
            1.0000000000000004,
            0.0,
            0.0,
            0.0,
            0.0,
            0.003264848550366936,
            0.0,
            0.0,
            0.0,
            0.0,
            1.1361931331528756e-10,
            0.0,
            0.0,
            0.0,
            0.0,
            4.214706727357466e-23,
            0.0,
            0.0
        ],
        [
            -1.1325557902521426e-07,
            -0.0015847802253850258,
            0.0,
            -5.089728847309015e-09,
            0.0,
            -0.026152597806796386,
            -0.11027155374109376,
            0.0,
            -0.03411467611751992,
            0.0,
            0.0,
            0.0,
            0.0,
            1.0000000000000004,
            0.0,
            0.026152597806796483,
            0.11027155374109412,
            0.0,
            -0.034114676117520094,
            0.0,
            1.1325557902521426e-07,
            0.0015847802253850245,
            0.0,
            -5.089728847309015e-09,
            0.0,
            6.247872556079354e-17,
            6.360914516272798e-07,
            0.0,
            -4.300760681354316e-21,
            0.0
        ],
        [
            0.0,
            0.0,
            0.0,
            0.0,
            1.1361931331528756e-10,
            0.0,
            0.0,
            0.0,
            0.0,
            0.0032648485503669164,
            0.0,
            0.0,
            0.0,
            0.0,
            1.0000000000000004,
            0.0,
            0.0,
            0.0,
            0.0,
            0.003264848550366936,
            0.0,
            0.0,
            0.0,
            0.0,
            1.1361931331528756e-10,
            0.0,
            0.0,
            0.0,
            0.0,
            4.214706727357466e-23
        ],
        [
            1.3716394601906157e-14,
            7.829773038047897e-07,
            0.0,
            6.247872556079315e-17,
            0.0,
            5.486611652416431e-07,
            0.0015141265199115066,
            0.0,
            1.1325557902521466e-07,
            0.0,
            0.020856220946818542,
            0.14709996688200705,
            0.0,
            0.026152597806796483,
            0.0,
            0.9999999999999999,
            0.6848602514927513,
            0.0,
            0.0,
            0.0,
            0.020856220946818403,
            0.1470999668820066,
            0.0,
            -0.026152597806796272,
            0.0,
            5.486611652416431e-07,
            0.0015141265199115066,
            0.0,
            -1.132555790252147e-07,
            0.0
        ],
        [
            7.829773038047897e-07,
            0.0001758517338533171,
            0.0,
            6.360914516272776e-07,
            0.0,
            0.0015141265199115066,
            0.02143760630525925,
            0.0,
            0.0015847802253850319,
            0.0,
            0.14709996688200702,
            0.38264326424095946,
            0.0,
            0.11027155374109414,
            0.0,
            0.6848602514927513,
            1.0000000000000002,
            0.0,
            0.0,
            0.0,
            0.14709996688200658,
            0.3826432642409588,
            0.0,
            -0.11027155374109379,
            0.0,
            0.0015141265199115066,
            0.02143760630525925,
            0.0,
            -0.0015847802253850332,
            0.0
        ],
        [
            0.0,
            0.0,
            4.2147067273573767e-23,
            0.0,
            0.0,
            0.0,
            0.0,
            1.1361931331528876e-10,
            0.0,
            0.0,
            0.0,
            0.0,
            0.003264848550366936,
            0.0,
            0.0,
            0.0,
            0.0,
            1.0000000000000004,
            0.0,
            0.0,
            0.0,
            0.0,
            0.003264848550366901,
            0.0,
            0.0,
            0.0,
            0.0,
            1.1361931331528876e-10,
            0.0,
            0.0
        ],
        [
            -6.247872556079313e-17,
            -6.360914516272774e-07,
            0.0,
            -4.300760681354227e-21,
            0.0,
            -1.1325557902521464e-07,
            -0.0015847802253850301,
            0.0,
            -5.089728847309067e-09,
            0.0,
            -0.026152597806796452,
            -0.11027155374109378,
            0.0,
            -0.034114676117520094,
            0.0,
            0.0,
            0.0,
            0.0,
            1.0000000000000004,
            0.0,
            0.026152597806796254,
            0.11027155374109378,
            0.0,
            -0.03411467611751979,
            0.0,
            1.1325557902521464e-07,
            0.0015847802253850301,
            0.0,
            -5.089728847309067e-09,
            0.0
        ],
        [
            0.0,
            0.0,
            0.0,
            0.0,
            4.2147067273573767e-23,
            0.0,
            0.0,
            0.0,
            0.0,
            1.1361931331528876e-10,
            0.0,
            0.0,
            0.0,
            0.0,
            0.003264848550366936,
            0.0,
            0.0,
            0.0,
            0.0,
            1.0000000000000004,
            0.0,
            0.0,
            0.0,
            0.0,
            0.003264848550366901,
            0.0,
            0.0,
            0.0,
            0.0,
            1.1361931331528876e-10
        ],
        [
            3.1216568439119025e-25,
            2.029196973204691e-11,
            0.0,
            0.0,
            0.0,
            1.371639460190606e-14,
            7.829773038047869e-07,
            0.0,
            6.247872556079226e-17,
            0.0,
            5.486611652416393e-07,
            0.0015141265199115027,
            0.0,
            1.1325557902521426e-07,
            0.0,
            0.020856220946818403,
            0.1470999668820066,
            0.0,
            0.026152597806796272,
            0.0,
            0.9999999999999999,
            0.6848602514927513,
            0.0,
            0.0,
            0.0,
            0.020856220946818615,
            0.14709996688200724,
            0.0,
            -0.026152597806796577,
            0.0
        ],
        [
            2.029196973204691e-11,
            2.112054710431504e-07,
            0.0,
            8.450866770568959e-12,
            0.0,
            7.829773038047855e-07,
            0.00017585173385331647,
            0.0,
            6.36091451627273e-07,
            0.0,
            0.0015141265199115027,
            0.021437606305259215,
            0.0,
            0.0015847802253850275,
            0.0,
            0.14709996688200658,
            0.3826432642409588,
            0.0,
            0.11027155374109379,
            0.0,
            0.6848602514927513,
            1.0000000000000002,
            0.0,
            0.0,
            0.0,
            0.14709996688200724,
            0.3826432642409598,
            0.0,
            -0.11027155374109428,
            0.0
        ],
        [
            0.0,
            0.0,
            0.0,
            0.0,
            0.0,
            0.0,
            0.0,
            4.214706727357286e-23,
            0.0,
            0.0,
            0.0,
            0.0,
            1.1361931331528756e-10,
            0.0,
            0.0,
            0.0,
            0.0,
            0.003264848550366901,
            0.0,
            0.0,
            0.0,
            0.0,
            1.0000000000000004,
            0.0,
            0.0,
            0.0,
            0.0,
            0.0032648485503669476,
            0.0,
            0.0
        ],
        [
            0.0,
            -8.450866770568958e-12,
            0.0,
            0.0,
            0.0,
            -6.247872556079226e-17,
            -6.36091451627273e-07,
            0.0,
            -4.300760681354136e-21,
            0.0,
            -1.1325557902521426e-07,
            -0.0015847802253850245,
            0.0,
            -5.089728847309015e-09,
            0.0,
            -0.026152597806796254,
            -0.11027155374109378,
            0.0,
            -0.03411467611751979,
            0.0,
            0.0,
            0.0,
            0.0,
            1.0000000000000004,
            0.0,
            0.026152597806796577,
            0.11027155374109426,
            0.0,
            -0.03411467611752018,
            0.0
        ],
        [
            0.0,
            0.0,
            0.0,
            0.0,
            0.0,
            0.0,
            0.0,
            0.0,
            0.0,
            4.214706727357286e-23,
            0.0,
            0.0,
            0.0,
            0.0,
            1.1361931331528756e-10,
            0.0,
            0.0,
            0.0,
            0.0,
            0.003264848550366901,
            0.0,
            0.0,
            0.0,
            0.0,
            1.0000000000000004,
            0.0,
            0.0,
            0.0,
            0.0,
            0.0032648485503669476
        ],
        [
            0.0,
            2.595330134667604e-17,
            0.0,
            0.0,
            0.0,
            3.1216568439119916e-25,
            2.0291969732047124e-11,
            0.0,
            0.0,
            0.0,
            1.3716394601906255e-14,
            7.829773038047926e-07,
            0.0,
            6.247872556079356e-17,
            0.0,
            5.486611652416431e-07,
            0.0015141265199115066,
            0.0,
            1.1325557902521464e-07,
            0.0,
            0.020856220946818615,
            0.14709996688200724,
            0.0,
            0.026152597806796577,
            0.0,
            0.9999999999999999,
            0.6848602514927513,
            0.0,
            0.0,
            0.0
        ],
        [
            2.5953301346676225e-17,
            3.7140848282244745e-11,
            0.0,
            3.919565532238353e-18,
            0.0,
            2.0291969732047124e-11,
            2.1120547104315186e-07,
            0.0,
            8.450866770569077e-12,
            0.0,
            7.829773038047912e-07,
            0.00017585173385331737,
            0.0,
            6.360914516272788e-07,
            0.0,
            0.0015141265199115066,
            0.02143760630525925,
            0.0,
            0.0015847802253850308,
            0.0,
            0.14709996688200724,
            0.3826432642409598,
            0.0,
            0.11027155374109428,
            0.0,
            0.6848602514927513,
            1.0000000000000002,
            0.0,
            0.0,
            0.0
        ],
        [
            0.0,
            0.0,
            0.0,
            0.0,
            0.0,
            0.0,
            0.0,
            0.0,
            0.0,
            0.0,
            0.0,
            0.0,
            4.214706727357466e-23,
            0.0,
            0.0,
            0.0,
            0.0,
            1.1361931331528876e-10,
            0.0,
            0.0,
            0.0,
            0.0,
            0.0032648485503669476,
            0.0,
            0.0,
            0.0,
            0.0,
            1.0000000000000004,
            0.0,
            0.0
        ],
        [
            0.0,
            -3.919565532238351e-18,
            0.0,
            0.0,
            0.0,
            0.0,
            -8.450866770569069e-12,
            0.0,
            0.0,
            0.0,
            -6.247872556079354e-17,
            -6.360914516272792e-07,
            0.0,
            -4.300760681354316e-21,
            0.0,
            -1.132555790252147e-07,
            -0.0015847802253850327,
            0.0,
            -5.089728847309067e-09,
            0.0,
            -0.026152597806796577,
            -0.11027155374109426,
            0.0,
            -0.03411467611752018,
            0.0,
            0.0,
            0.0,
            0.0,
            1.0000000000000004,
            0.0
        ],
        [
            0.0,
            0.0,
            0.0,
            0.0,
            0.0,
            0.0,
            0.0,
            0.0,
            0.0,
            0.0,
            0.0,
            0.0,
            0.0,
            0.0,
            4.214706727357466e-23,
            0.0,
            0.0,
            0.0,
            0.0,
            1.1361931331528876e-10,
            0.0,
            0.0,
            0.0,
            0.0,
            0.0032648485503669476,
            0.0,
            0.0,
            0.0,
            0.0,
            1.0000000000000004
        ]
    ],
    "h": [
        [
            -0.03243272049908019,
            -0.29916262655623826,
            -1.1872180554014988e-18,
            -0.00903130656319686,
            5.4530181308355585e-18,
            -0.12684937314856043,
            -0.18803221567802725,
            5.4567239095993924e-18,
            0.06225330168452936,
            3.1527180824779513e-18,
            -0.0018434307797241104,
            -0.017499291010162312,
            -4.8991140908225506e-20,
            0.006381007949523994,
            -1.056844191695153e-20,
            0.008876857611686348,
            0.009385194776560283,
            -1.533918124547099e-20,
            -0.0009297089327490175,
            -7.388754751434062e-21,
            6.523949331239003e-05,
            0.0012938620229249766,
            4.0165078706222496e-21,
            -0.0009903353390061072,
            -5.043853741308433e-21,
            -0.0022057718805485577,
            -0.002383450681618863,
            4.692291990616616e-21,
            0.00014449700893690303,
            -2.1234903884202884e-21
        ],
        [
            -0.29916262655623826,
            -0.18517780508440773,
            -2.1592610602717996e-18,
            -0.017053968557408976,
            6.638886328041492e-18,
            -0.18895846189026091,
            -0.19656371997471084,
            6.913829629267063e-18,
            0.03211532653156676,
            3.84353808665155e-18,
            -0.008402933612711081,
            -0.03614027486457182,
            -3.0886124981960403e-20,
            0.010695602838035874,
            -1.0696344369662948e-20,
            0.009556000448960116,
            0.009325600704677726,
            -1.4653954289309387e-20,
            -0.0008079903056924207,
            -8.46665931018275e-21,
            0.000240936789745232,
            0.0015900355621004379,
            2.8805940914413637e-21,
            -0.0010997403762798585,
            -6.818334722951055e-21,
            -0.0023834506816188725,
            -0.0025459122984358793,
            4.259184526671074e-21,
            0.00014240446656603358,
            -2.8646142602505643e-21
        ],
        [
            -1.1872180554014988e-18,
            -2.1592610602717996e-18,
            1.4669932432360266,
            -1.0796534001644225e-18,
            1.7802013422844888e-33,
            -5.514642933085734e-18,
            -7.688274441653362e-18,
            -0.011658366472914024,
            -5.272857685534728e-19,
            1.6343239048510446e-33,
            -9.294166173325849e-18,
            -1.1445368060568091e-17,
            -2.0920722386119604e-05,
            3.851655971409643e-19,
            -3.96314859188364e-35,
            -4.717043162949347e-18,
            -5.98934958435748e-18,
            3.4959058496605145e-05,
            1.2748503785223722e-18,
            5.399466569868402e-37,
            2.642385538579468e-18,
            2.5026792572076282e-18,
            1.921981867787754e-07,
            5.846218078028136e-19,
            1.0140980838053417e-38,
            3.029951786208208e-18,
            3.712422935565065e-18,
            -3.118648020618297e-06,
            -3.709211719324434e-19,
            -1.0535599362541616e-37
        ],
        [
            -0.00903130656319686,
            -0.017053968557408976,
            -1.0796534001644225e-18,
            1.4628491454140866,
            8.207901201407288e-19,
            -0.06213686987332349,
            -0.033030036837897916,
            1.6054706698384054e-18,
            0.06880924905758676,
            9.809553761263911e-19,
            -0.0014577172194548142,
            -0.007008850458763901,
            -9.566380336545951e-21,
            0.0013750607497732866,
            -3.192481636245426e-21,
            0.0008987080654603271,
            0.0007945285332695538,
            -2.1440110566575535e-21,
            -7.513715326102144e-05,
            -1.0563808977313833e-21,
            8.774607616016354e-05,
            0.00022875652789545753,
            3.880893272700869e-22,
            -9.261876900366869e-05,
            -6.0155704463532135e-22,
            -0.00014449700893690346,
            -0.0001424044665660326,
            3.560027403952919e-22,
            6.765677426884608e-06,
            -2.1492194243557516e-22
        ],
        [
            5.4530181308355585e-18,
            6.638886328041492e-18,
            1.7802013422844888e-33,
            8.207901201407288e-19,
            1.4669932432360264,
            5.153305934146974e-18,
            6.124094724030471e-18,
            -7.135703743636493e-34,
            -1.6591510378628525e-18,
            -0.011658366472914024,
            -8.420221113764848e-19,
            -4.591978862656839e-19,
            4.4395897141920185e-36,
            -4.255106975238624e-19,
            -2.0920722386119604e-05,
            -2.124277182289389e-18,
            -2.9081562962071264e-18,
            3.2044187843930373e-37,
            -9.385730191223866e-20,
            3.4959058496605145e-05,
            -2.734724813921965e-18,
            -3.581733414833646e-18,
            -5.235860409054822e-37,
            4.6082340378403733e-20,
            1.921981867787754e-07,
            -1.8505925082949315e-18,
            -2.4366658362103937e-18,
            9.759169430051433e-37,
            2.8332167787114696e-19,
            -3.118648020618297e-06
        ],
        [
            -0.12684937314856043,
            -0.18895846189026091,
            -5.514642933085734e-18,
            -0.06213686987332349,
            5.153305934146974e-18,
            -0.0359467156176978,
            -0.3109095577725641,
            6.7830412313026225e-18,
            0.0022603316498143074,
            3.5126796231157e-18,
            -0.06172354818044726,
            -0.1240722803524929,
            8.989836433611771e-20,
            0.049614636082495986,
            4.6867735972714576e-21,
            -0.0014015592669687487,
            -0.007742201855930846,
            -2.751021530370601e-21,
            0.0015333498036827545,
            -1.0442920977140723e-20,
            0.0009648433265386058,
            0.000916499502465872,
            -5.06260231972129e-21,
            -0.00010840115382278376,
            -1.408808651930611e-20,
            6.523949331237014e-05,
            0.00024093678974521627,
            -1.926152308288276e-21,
            -8.774607616015957e-05,
            -5.7844675295367674e-21
        ],
        [
            -0.18803221567802725,
            -0.19656371997471084,
            -7.688274441653362e-18,
            -0.033030036837897916,
            6.124094724030471e-18,
            -0.3109095577725641,
            -0.21436597978339145,
            8.332472106989614e-18,
            0.006666754489740634,
            4.632254620122451e-18,
            -0.12404877958832763,
            -0.13711472077412556,
            -8.93931862976692e-20,
            0.02120745687532455,
            -1.3717935728074676e-19,
            -0.016444432397012647,
            -0.034712265288368946,
            -5.298334597390918e-21,
            0.007046669911911374,
            -1.0837102733718432e-20,
            0.0009164995024658672,
            -0.001147994610917981,
            -3.454596965396546e-21,
            0.0007252526369100363,
            -1.3777926633877896e-20,
            0.0012938620229249527,
            0.0015900355621004147,
            -1.7377789158906454e-21,
            -0.00022875652789545114,
            -5.744235322962273e-21
        ],
        [
            5.4567239095993924e-18,
            6.913829629267063e-18,
            -0.011658366472914024,
            1.6054706698384054e-18,
            -7.135703743636493e-34,
            6.7830412313026225e-18,
            8.332472106989614e-18,
            1.4714628238564338,
            -7.744935143181537e-19,
            -1.6820786778791198e-33,
            2.084877702425142e-18,
            3.3149934274728866e-18,
            -0.00947842617794745,
            -1.0416060623776685e-18,
            2.9660338254652406e-35,
            -5.131168420542701e-19,
            -5.458709409561232e-19,
            -1.7345889996270682e-05,
            -2.1558041671935478e-19,
            -2.8450287949479587e-37,
            -1.4965900847161842e-18,
            -1.8520252617376173e-18,
            3.899494875664467e-06,
            -5.674283340836483e-21,
            -1.7404165548723468e-38,
            -1.0404681333055532e-18,
            -1.3626221701631962e-18,
            1.9219818677872662e-07,
            1.6436838181525815e-19,
            3.3384309462972653e-38
        ],
        [
            0.06225330168452936,
            0.03211532653156676,
            -5.272857685534728e-19,
            0.06880924905758676,
            -1.6591510378628525e-18,
            0.0022603316498143074,
            0.006666754489740634,
            -7.744935143181537e-19,
            1.4618572026479688,
            5.763705308446356e-20,
            -0.04943808247472797,
            -0.020797207311378657,
            6.992739203514684e-21,
            0.06275134006087131,
            -8.006012280212926e-21,
            -0.006098671707510878,
            -0.010283149264291398,
            -3.3101330867030563e-22,
            0.0013873975297067568,
            -1.7744120905380283e-21,
            0.00010840115382277386,
            -0.000725252636910047,
            -4.499751316736169e-22,
            0.0004927890976242608,
            -1.8599243055825227e-21,
            0.0009903353390061022,
            0.0010997403762798498,
            -7.468451163652746e-22,
            -9.261876900366714e-05,
            -6.035772215246233e-22
        ],
        [
            3.1527180824779513e-18,
            3.84353808665155e-18,
            1.6343239048510446e-33,
            9.809553761263911e-19,
            -0.011658366472914024,
            3.5126796231157e-18,
            4.632254620122451e-18,
            -1.6820786778791198e-33,
            5.763705308446356e-20,
            1.4714628238564336,
            1.828653345627956e-18,
            2.339965167660694e-18,
            9.631440774256718e-36,
            -8.490365312725726e-19,
            -0.009478426177947447,
            -1.4692610970744864e-18,
            -2.105991923903072e-18,
            5.774396174892206e-37,
            -4.939755519158051e-19,
            -1.7345889996270682e-05,
            -4.331830453177113e-18,
            -5.363695015324266e-18,
            -9.431839540687553e-37,
            -5.0959986995097774e-20,
            3.899494875664467e-06,
            -3.1292123203152366e-18,
            -4.06933137984313e-18,
            1.6367465445951506e-36,
            4.815169205553416e-19,
            1.9219818677872662e-07
        ],
        [
            -0.0018434307797241104,
            -0.008402933612711081,
            -9.294166173325849e-18,
            -0.0014577172194548142,
            -8.420221113764848e-19,
            -0.06172354818044726,
            -0.12404877958832763,
            2.084877702425142e-18,
            -0.04943808247472797,
            1.828653345627956e-18,
            -0.03689262341685273,
            -0.3098198486894447,
            -6.662782155868447e-19,
            -0.00221682412796413,
            -5.625517507278556e-19,
            -0.1234539766296756,
            -0.18488747345111986,
            6.466461234724903e-22,
            0.06175424183451872,
            2.75020710261153e-21,
            -0.0014015592669687764,
            -0.01644443239701266,
            3.131176800372789e-21,
            0.006098671707510869,
            2.2963273856881973e-21,
            0.008876857611686346,
            0.009556000448960081,
            -4.309445964319822e-21,
            -0.0008987080654603163,
            3.7882950883121867e-22
        ],
        [
            -0.017499291010162312,
            -0.03614027486457182,
            -1.1445368060568091e-17,
            -0.007008850458763901,
            -4.591978862656839e-19,
            -0.1240722803524929,
            -0.13711472077412556,
            3.3149934274728866e-18,
            -0.020797207311378657,
            2.339965167660694e-18,
            -0.3098198486894447,
            -0.21236574990323254,
            -5.843377031609936e-19,
            -0.006423697418508905,
            -4.9137034016989925e-19,
            -0.18488747345111997,
            -0.19325226948901697,
            -1.7743770931124613e-20,
            0.031949839706399,
            -1.5192384191375723e-20,
            -0.007742201855930854,
            -0.03471226528836897,
            2.2113541203555565e-21,
            0.010283149264291403,
            -7.87123017512118e-22,
            0.009385194776560296,
            0.00932560070467773,
            -4.872492216768264e-21,
            -0.0007945285332695445,
            -7.839720045263959e-22
        ],
        [
            -4.8991140908225506e-20,
            -3.0886124981960403e-20,
            -2.0920722386119604e-05,
            -9.566380336545951e-21,
            4.4395897141920185e-36,
            8.989836433611771e-20,
            -8.93931862976692e-20,
            -0.00947842617794745,
            6.992739203514684e-21,
            9.631440774256718e-36,
            -6.662782155868447e-19,
            -5.843377031609936e-19,
            1.4685498789752558,
            2.8490917617415683e-19,
            2.6937400754288333e-36,
            4.2969813360982015e-20,
            -2.2303918385392433e-20,
            -0.011553267073309899,
            8.415566488744159e-23,
            1.6172277991086654e-38,
            5.283958952898527e-20,
            6.767296298382886e-20,
            -1.7345889996271004e-05,
            -2.4662656884828207e-21,
            5.2743817813006476e-40,
            3.212957190113397e-20,
            4.2818640035181385e-20,
            3.495905849660513e-05,
            -5.599784739479998e-21,
            -1.091874439377564e-39
        ],
        [
            0.006381007949523994,
            0.010695602838035874,
            3.851655971409643e-19,
            0.0013750607497732866,
            -4.255106975238624e-19,
            0.049614636082495986,
            0.02120745687532455,
            -1.0416060623776685e-18,
            0.06275134006087131,
            -8.490365312725726e-19,
            -0.00221682412796413,
            -0.006423697418508905,
            2.8490917617415683e-19,
            1.4590556543982582,
            2.2292415807844196e-19,
            -0.061754241834519004,
            -0.03194983970639917,
            -1.0487037843147471e-21,
            0.06851548615656405,
            3.3504822469219066e-22,
            -0.0015333498036827623,
            -0.0070466699119113956,
            5.770274367495103e-22,
            0.0013873975297067648,
            7.385869505062978e-22,
            0.0009297089327490293,
            0.0008079903056924299,
            -3.96988452018999e-22,
            -7.513715326102133e-05,
            1.5523076095801637e-22
        ],
        [
            -1.056844191695153e-20,
            -1.0696344369662948e-20,
            -3.96314859188364e-35,
            -3.192481636245426e-21,
            -2.0920722386119604e-05,
            4.6867735972714576e-21,
            -1.3717935728074676e-19,
            2.9660338254652406e-35,
            -8.006012280212926e-21,
            -0.009478426177947447,
            -5.625517507278556e-19,
            -4.9137034016989925e-19,
            2.6937400754288333e-36,
            2.2292415807844196e-19,
            1.4685498789752556,
            1.6139804466626225e-19,
            1.618476624600389e-19,
            -6.399935637223218e-38,
            3.436448506310398e-20,
            -0.011553267073309899,
            3.5453613339488394e-19,
            4.374474437801961e-19,
            7.798500688734406e-38,
            -7.7342303935624e-21,
            -1.7345889996271004e-05,
            2.291544004986951e-19,
            3.023245669901619e-19,
            -1.1941643712488989e-37,
            -3.9051687147945625e-20,
            3.495905849660513e-05
        ],
        [
            0.008876857611686348,
            0.009556000448960116,
            -4.717043162949347e-18,
            0.0008987080654603271,
            -2.124277182289389e-18,
            -0.0014015592669687487,
            -0.016444432397012647,
            -5.131168420542701e-19,
            -0.006098671707510878,
            -1.4692610970744864e-18,
            -0.1234539766296756,
            -0.18488747345111997,
            4.2969813360982015e-20,
            -0.061754241834519004,
            1.6139804466626225e-19,
            -0.036892623416851844,
            -0.30981984868944523,
            -8.466217184987483e-20,
            0.002216824127964284,
            -7.958650497354637e-20,
            -0.06172354818044713,
            -0.1240487795883274,
            -1.5078525423989416e-21,
            0.04943808247472797,
            -1.5701791369823645e-21,
            -0.0018434307797239747,
            -0.008402933612710934,
            1.2772699161962228e-21,
            0.001457717219454802,
            -5.038054848502005e-23
        ],
        [
            0.009385194776560283,
            0.009325600704677726,
            -5.98934958435748e-18,
            0.0007945285332695538,
            -2.9081562962071264e-18,
            -0.007742201855930846,
