{
    "HF": -2.699039346042232,
    "coordinates": [
        [
            0.0,
            0.0,
            0.0
        ],
        [
            2.2,
            0.0,
            0.0
        ],
        [
            4.4,
            0.0,
            0.0
        ],
        [
            6.6,
            0.0,
            0.0
        ],
        [
            8.8,
            0.0,
            0.0
        ],
        [
            11.0,
            0.0,
            0.0
        ]
    ],
    "elements": [
        "H",
        "H",
        "H",
        "H",
        "H",
        "H"
    ],
    "Enn": 2.0926553340927274,
    "S": [
        [
            0.9999999999999999,
            0.6848602514927513,
            0.0,
            0.0,
            0.0,
            0.014702793563700698,
            0.12666746242990126,
            0.0,
            -0.017885311075022812,
            0.0,
            1.4005422032880246e-07,
            0.0008375379395929906,
            0.0,
            -2.1793928879962323e-08,
            0.0,
            6.35337555474836e-16,
            2.081276436375783e-07,
            0.0,
            -1.445768641172158e-18,
            0.0,
            1.3255955582017706e-27,
            1.9306105400362693e-12,
            0.0,
            0.0,
            0.0,
            0.0,
            6.578690393027688e-19,
            0.0,
            0.0,
            0.0
        ],
        [
            0.6848602514927513,
            1.0000000000000002,
            0.0,
            0.0,
            0.0,
            0.1266674624299013,
            0.34842886781372484,
            0.0,
            -0.09840072199240384,
            0.0,
            0.0008375379395929914,
            0.014738609721982236,
            0.0,
            -0.0008739730676364558,
            0.0,
            2.081276436375783e-07,
            7.568802405896195e-05,
            0.0,
            -1.5729162177292959e-07,
            0.0,
            1.9306105400362766e-12,
            4.718740293207343e-08,
            0.0,
            -6.798406377983471e-13,
            0.0,
            6.578690393027736e-19,
            3.571521288402723e-12,
            0.0,
            -7.442630204528222e-20,
            0.0
        ],
        [
            0.0,
            0.0,
            1.0000000000000004,
            0.0,
            0.0,
            0.0,
            0.0,
            0.0018683171170010855,
            0.0,
            0.0,
            0.0,
            0.0,
            1.218435014145907e-11,
            0.0,
            0.0,
            0.0,
            0.0,
            2.7736734815346404e-25,
            0.0,
            0.0,
            0.0,
            0.0,
            0.0,
            0.0,
            0.0,
            0.0,
            0.0,
            0.0,
            0.0,
            0.0
        ],
        [
            0.0,
            0.0,
            0.0,
            1.0000000000000004,
            0.0,
            0.017885311075022812,
            0.09840072199240381,
            0.0,
            -0.021607899020453347,
            0.0,
            2.179392887996232e-08,
            0.0008739730676364555,
            0.0,
            -6.002222585919777e-10,
            0.0,
            1.4457686411721577e-18,
            1.5729162177292945e-07,
            0.0,
            -3.1089803566908895e-23,
            0.0,
            0.0,
            6.798406377983469e-13,
            0.0,
            0.0,
            0.0,
            0.0,
            7.442630204528166e-20,
            0.0,
            0.0,
            0.0
        ],
        [
            0.0,
            0.0,
            0.0,
            0.0,
            1.0000000000000004,
            0.0,
            0.0,
            0.0,
            0.0,
            0.0018683171170010855,
            0.0,
            0.0,
            0.0,
            0.0,
            1.218435014145907e-11,
            0.0,
            0.0,
            0.0,
            0.0,
            2.7736734815346404e-25,
            0.0,
            0.0,
            0.0,
            0.0,
            0.0,
            0.0,
            0.0,
            0.0,
            0.0,
            0.0
        ],
        [
            0.014702793563700698,
            0.12666746242990126,
            0.0,
            0.017885311075022812,
            0.0,
            0.9999999999999999,
            0.6848602514927513,
            0.0,
            0.0,
            0.0,
            0.014702793563700698,
            0.12666746242990126,
            0.0,
            -0.01788531107502282,
            0.0,
            1.400542203288045e-07,
            0.0008375379395929956,
            0.0,
            -2.1793928879962624e-08,
            0.0,
            6.353375554748225e-16,
            2.0812764363757641e-07,
            0.0,
            -1.4457686411721277e-18,
            0.0,
            1.3255955582018174e-27,
            1.9306105400362895e-12,
            0.0,
            0.0,
            0.0
        ],
        [
            0.1266674624299013,
            0.34842886781372484,
            0.0,
            0.09840072199240384,
            0.0,
            0.6848602514927513,
            1.0000000000000002,
            0.0,
            0.0,
            0.0,
            0.1266674624299013,
            0.34842886781372484,
            0.0,
            -0.09840072199240377,
            0.0,
            0.0008375379395929956,
            0.01473860972198229,
            0.0,
            -0.0008739730676364598,
            0.0,
            2.0812764363757641e-07,
            7.568802405896155e-05,
            0.0,
            -1.5729162177292795e-07,
            0.0,
            1.930610540036297e-12,
            4.718740293207376e-08,
            0.0,
            -6.798406377983548e-13,
            0.0
        ],
        [
            0.0,
            0.0,
            0.0018683171170010855,
            0.0,
            0.0,
            0.0,
            0.0,
            1.0000000000000004,
            0.0,
            0.0,
            0.0,
            0.0,
            0.0018683171170010855,
            0.0,
            0.0,
            0.0,
            0.0,
            1.2184350141459285e-11,
            0.0,
            0.0,
            0.0,
            0.0,
            2.7736734815345426e-25,
            0.0,
            0.0,
            0.0,
            0.0,
            0.0,
            0.0,
            0.0
        ],
        [
            -0.01788531107502281,
            -0.09840072199240382,
            0.0,
            -0.021607899020453347,
            0.0,
            0.0,
            0.0,
            0.0,
            1.0000000000000004,
            0.0,
            0.01788531107502281,
            0.09840072199240375,
            0.0,
            -0.021607899020453347,
            0.0,
            2.1793928879962617e-08,
            0.0008739730676364594,
            0.0,
            -6.002222585919878e-10,
            0.0,
            1.4457686411721277e-18,
            1.5729162177292784e-07,
            0.0,
            -3.1089803566907813e-23,
            0.0,
            0.0,
            6.798406377983539e-13,
            0.0,
            0.0,
            0.0
        ],
        [
            0.0,
            0.0,
            0.0,
            0.0,
            0.0018683171170010855,
            0.0,
            0.0,
            0.0,
            0.0,
            1.0000000000000004,
            0.0,
            0.0,
            0.0,
            0.0,
            0.0018683171170010855,
            0.0,
            0.0,
            0.0,
            0.0,
            1.2184350141459285e-11,
            0.0,
            0.0,
            0.0,
            0.0,
            2.7736734815345426e-25,
            0.0,
            0.0,
            0.0,
            0.0,
            0.0
        ],
        [
            1.4005422032880246e-07,
            0.0008375379395929906,
            0.0,
            2.1793928879962323e-08,
            0.0,
            0.014702793563700698,
            0.12666746242990126,
            0.0,
            0.01788531107502282,
            0.0,
            0.9999999999999999,
            0.6848602514927513,
            0.0,
            0.0,
            0.0,
            0.014702793563700805,
            0.12666746242990162,
            0.0,
            -0.017885311075022933,
            0.0,
            1.4005422032880246e-07,
            0.0008375379395929906,
            0.0,
            -2.179392887996233e-08,
            0.0,
            6.35337555474836e-16,
            2.081276436375783e-07,
            0.0,
            -1.4457686411721583e-18,
            0.0
        ],
        [
            0.0008375379395929914,
            0.014738609721982236,
            0.0,
            0.0008739730676364558,
            0.0,
            0.1266674624299013,
            0.34842886781372484,
            0.0,
            0.09840072199240377,
            0.0,
            0.6848602514927513,
            1.0000000000000002,
            0.0,
            0.0,
            0.0,
            0.12666746242990162,
            0.3484288678137256,
            0.0,
            -0.09840072199240404,
            0.0,
            0.0008375379395929914,
            0.014738609721982236,
            0.0,
            -0.0008739730676364551,
            0.0,
            2.081276436375783e-07,
            7.568802405896195e-05,
            0.0,
            -1.5729162177292959e-07,
            0.0
        ],
        [
            0.0,
            0.0,
            1.218435014145907e-11,
            0.0,
            0.0,
            0.0,
            0.0,
            0.0018683171170010855,
            0.0,
            0.0,
            0.0,
            0.0,
            1.0000000000000004,
            0.0,
            0.0,
            0.0,
            0.0,
            0.0018683171170011037,
            0.0,
            0.0,
            0.0,
            0.0,
            1.218435014145907e-11,
            0.0,
            0.0,
            0.0,
            0.0,
            2.7736734815346404e-25,
            0.0,
            0.0
        ],
        [
            -2.1793928879962316e-08,
            -0.0008739730676364557,
            0.0,
            -6.002222585919777e-10,
            0.0,
            -0.01788531107502281,
            -0.09840072199240375,
            0.0,
            -0.021607899020453347,
            0.0,
            0.0,
            0.0,
            0.0,
            1.0000000000000004,
            0.0,
            0.017885311075022933,
            0.09840072199240402,
            0.0,
            -0.021607899020453517,
            0.0,
            2.1793928879962316e-08,
            0.000873973067636455,
            0.0,
            -6.002222585919777e-10,
            0.0,
            1.4457686411721577e-18,
            1.572916217729294e-07,
            0.0,
            -3.1089803566908895e-23,
            0.0
        ],
        [
            0.0,
            0.0,
            0.0,
            0.0,
            1.218435014145907e-11,
            0.0,
            0.0,
            0.0,
            0.0,
            0.0018683171170010855,
            0.0,
            0.0,
            0.0,
            0.0,
            1.0000000000000004,
            0.0,
            0.0,
            0.0,
            0.0,
            0.0018683171170011037,
            0.0,
            0.0,
            0.0,
            0.0,
            1.218435014145907e-11,
            0.0,
            0.0,
            0.0,
            0.0,
            2.7736734815346404e-25
        ],
        [
            6.35337555474836e-16,
            2.081276436375783e-07,
            0.0,
            1.445768641172158e-18,
            0.0,
            1.400542203288045e-07,
            0.0008375379395929956,
            0.0,
            2.1793928879962624e-08,
            0.0,
            0.014702793563700805,
            0.12666746242990162,
            0.0,
            0.017885311075022933,
            0.0,
            0.9999999999999999,
            0.6848602514927513,
            0.0,
            0.0,
            0.0,
            0.014702793563700594,
            0.1266674624299009,
            0.0,
            -0.017885311075022666,
            0.0,
            1.4005422032880246e-07,
            0.0008375379395929906,
            0.0,
            -2.179392887996233e-08,
            0.0
        ],
        [
            2.081276436375783e-07,
            7.568802405896195e-05,
            0.0,
            1.5729162177292959e-07,
            0.0,
            0.0008375379395929956,
            0.01473860972198229,
            0.0,
            0.0008739730676364598,
            0.0,
            0.12666746242990162,
            0.3484288678137256,
            0.0,
            0.09840072199240404,
            0.0,
            0.6848602514927513,
            1.0000000000000002,
            0.0,
            0.0,
            0.0,
            0.1266674624299009,
            0.3484288678137242,
            0.0,
            -0.0984007219924037,
            0.0,
            0.0008375379395929914,
            0.014738609721982236,
            0.0,
            -0.0008739730676364551,
            0.0
        ],
        [
            0.0,
            0.0,
            2.7736734815346404e-25,
            0.0,
            0.0,
            0.0,
            0.0,
            1.2184350141459285e-11,
            0.0,
            0.0,
            0.0,
            0.0,
            0.0018683171170011037,
            0.0,
            0.0,
            0.0,
            0.0,
            1.0000000000000004,
            0.0,
            0.0,
            0.0,
            0.0,
            0.0018683171170010622,
            0.0,
            0.0,
            0.0,
            0.0,
            1.218435014145907e-11,
            0.0,
            0.0
        ],
        [
            -1.4457686411721577e-18,
            -1.572916217729294e-07,
            0.0,
            -3.1089803566908895e-23,
            0.0,
            -2.179392887996261e-08,
            -0.0008739730676364594,
            0.0,
            -6.002222585919878e-10,
            0.0,
            -0.017885311075022933,
            -0.09840072199240402,
            0.0,
            -0.021607899020453517,
            0.0,
            0.0,
            0.0,
            0.0,
            1.0000000000000004,
            0.0,
            0.017885311075022645,
            0.09840072199240367,
            0.0,
            -0.02160789902045312,
            0.0,
            2.1793928879962316e-08,
            0.000873973067636455,
            0.0,
            -6.002222585919777e-10,
            0.0
        ],
        [
            0.0,
            0.0,
            0.0,
            0.0,
            2.7736734815346404e-25,
            0.0,
            0.0,
            0.0,
            0.0,
            1.2184350141459285e-11,
            0.0,
            0.0,
            0.0,
            0.0,
            0.0018683171170011037,
            0.0,
            0.0,
            0.0,
            0.0,
            1.0000000000000004,
            0.0,
            0.0,
            0.0,
            0.0,
            0.0018683171170010622,
            0.0,
            0.0,
            0.0,
            0.0,
            1.218435014145907e-11
        ],
        [
            1.3255955582017706e-27,
            1.9306105400362693e-12,
            0.0,
            0.0,
            0.0,
            6.353375554748225e-16,
            2.0812764363757641e-07,
            0.0,
            1.4457686411721277e-18,
            0.0,
            1.4005422032880246e-07,
            0.0008375379395929906,
            0.0,
            2.179392887996233e-08,
            0.0,
            0.014702793563700594,
            0.1266674624299009,
            0.0,
            0.017885311075022666,
            0.0,
            0.9999999999999999,
            0.6848602514927513,
            0.0,
            0.0,
            0.0,
            0.014702793563700805,
            0.12666746242990162,
            0.0,
            -0.017885311075022933,
            0.0
        ],
        [
            1.9306105400362766e-12,
            4.718740293207343e-08,
            0.0,
            6.798406377983471e-13,
            0.0,
            2.0812764363757641e-07,
            7.568802405896155e-05,
            0.0,
            1.5729162177292795e-07,
            0.0,
            0.0008375379395929914,
            0.014738609721982236,
            0.0,
            0.0008739730676364551,
            0.0,
            0.1266674624299009,
            0.3484288678137242,
            0.0,
            0.0984007219924037,
            0.0,
            0.6848602514927513,
            1.0000000000000002,
            0.0,
            0.0,
            0.0,
            0.12666746242990162,
            0.3484288678137256,
            0.0,
            -0.09840072199240434,
            0.0
        ],
        [
            0.0,
            0.0,
            0.0,
            0.0,
            0.0,
            0.0,
            0.0,
            2.7736734815345426e-25,
            0.0,
            0.0,
            0.0,
            0.0,
            1.218435014145907e-11,
            0.0,
            0.0,
            0.0,
            0.0,
            0.0018683171170010622,
            0.0,
            0.0,
            0.0,
            0.0,
            1.0000000000000004,
            0.0,
            0.0,
            0.0,
            0.0,
            0.0018683171170011037,
            0.0,
            0.0
        ],
        [
            0.0,
            -6.79840637798347e-13,
            0.0,
            0.0,
            0.0,
            -1.4457686411721277e-18,
            -1.5729162177292792e-07,
            0.0,
            -3.1089803566907813e-23,
            0.0,
            -2.1793928879962316e-08,
            -0.000873973067636455,
            0.0,
            -6.002222585919777e-10,
            0.0,
            -0.017885311075022645,
            -0.09840072199240367,
            0.0,
            -0.02160789902045312,
            0.0,
            0.0,
            0.0,
            0.0,
            1.0000000000000004,
            0.0,
            0.017885311075022933,
            0.09840072199240373,
            0.0,
            -0.021607899020453517,
            0.0
        ],
        [
            0.0,
            0.0,
            0.0,
            0.0,
            0.0,
            0.0,
            0.0,
            0.0,
            0.0,
            2.7736734815345426e-25,
            0.0,
            0.0,
            0.0,
            0.0,
            1.218435014145907e-11,
            0.0,
            0.0,
            0.0,
            0.0,
            0.0018683171170010622,
            0.0,
            0.0,
            0.0,
            0.0,
            1.0000000000000004,
            0.0,
            0.0,
            0.0,
            0.0,
            0.0018683171170011037
        ],
        [
            0.0,
            6.578690393027688e-19,
            0.0,
            0.0,
            0.0,
            1.3255955582018174e-27,
            1.9306105400362895e-12,
            0.0,
            0.0,
            0.0,
            6.35337555474836e-16,
            2.081276436375783e-07,
            0.0,
            1.4457686411721583e-18,
            0.0,
            1.4005422032880246e-07,
            0.0008375379395929906,
            0.0,
            2.179392887996233e-08,
            0.0,
            0.014702793563700805,
            0.12666746242990162,
            0.0,
            0.017885311075022933,
            0.0,
            0.9999999999999999,
            0.6848602514927513,
            0.0,
            0.0,
            0.0
        ],
        [
            6.578690393027736e-19,
            3.571521288402723e-12,
            0.0,
            7.442630204528222e-20,
            0.0,
            1.930610540036297e-12,
            4.718740293207376e-08,
            0.0,
            6.798406377983543e-13,
            0.0,
            2.081276436375783e-07,
            7.568802405896195e-05,
            0.0,
            1.5729162177292959e-07,
            0.0,
            0.0008375379395929914,
            0.014738609721982236,
            0.0,
            0.0008739730676364551,
            0.0,
            0.12666746242990162,
            0.3484288678137256,
            0.0,
            0.09840072199240375,
            0.0,
            0.6848602514927513,
            1.0000000000000002,
            0.0,
            0.0,
            0.0
        ],
        [
            0.0,
            0.0,
            0.0,
            0.0,
            0.0,
            0.0,
            0.0,
            0.0,
            0.0,
            0.0,
            0.0,
            0.0,
            2.7736734815346404e-25,
            0.0,
            0.0,
            0.0,
            0.0,
            1.218435014145907e-11,
            0.0,
            0.0,
            0.0,
            0.0,
            0.0018683171170011037,
            0.0,
            0.0,
            0.0,
            0.0,
            1.0000000000000004,
            0.0,
            0.0
        ],
        [
            0.0,
            -7.442630204528167e-20,
            0.0,
            0.0,
            0.0,
            0.0,
            -6.798406377983536e-13,
            0.0,
            0.0,
            0.0,
            -1.4457686411721583e-18,
            -1.5729162177292956e-07,
            0.0,
            -3.1089803566908895e-23,
            0.0,
            -2.179392887996233e-08,
            -0.000873973067636455,
            0.0,
            -6.002222585919777e-10,
            0.0,
            -0.017885311075022933,
            -0.09840072199240373,
            0.0,
            -0.021607899020453517,
            0.0,
            0.0,
            0.0,
            0.0,
            1.0000000000000004,
            0.0
        ],
        [
            0.0,
            0.0,
            0.0,
            0.0,
            0.0,
            0.0,
            0.0,
            0.0,
            0.0,
            0.0,
            0.0,
            0.0,
            0.0,
            0.0,
            2.7736734815346404e-25,
            0.0,
            0.0,
            0.0,
            0.0,
            1.218435014145907e-11,
            0.0,
            0.0,
            0.0,
            0.0,
            0.0018683171170011037,
            0.0,
            0.0,
            0.0,
            0.0,
            1.0000000000000004
        ]
    ],
    "h": [
        [
            -0.031444674805623296,
            -0.29600119588960705,
            5.8864169718663396e-18,
            -0.00662684402045053,
            -2.5164399403333157e-18,
            -0.11490481695332944,
            -0.17523275970624205,
            -3.039983923264854e-18,
            0.05220260560930477,
            -2.642686378747844e-19,
            -0.0013173853434801407,
            -0.014360425426349287,
            2.393432497357693e-20,
            0.00521212603789345,
            6.071163420366565e-21,
            0.008131084084608645,
            0.008757201173903472,
            5.771545735908223e-21,
            -0.000783580895234904,
            -2.1294068603507296e-21,
            2.702339405387967e-05,
            0.0010823269587290506,
            1.127563192868528e-21,
            -0.0007842125868662561,
            -1.0647783408040045e-21,
            -0.0019410290518855275,
            -0.0021164937915648684,
            3.027432257845438e-22,
            0.0001165000912076149,
            -5.601217936962888e-22
        ],
        [
            -0.29600119588960705,
            -0.17888042368719503,
            7.181844312586622e-18,
            -0.0137280514512138,
            -3.043526699036016e-18,
            -0.1758306371871338,
            -0.18539385497604688,
            -3.80539055240001e-18,
            0.0317786248827492,
            -3.4226185741302715e-19,
            -0.006171525057257294,
            -0.02945664111230455,
            3.588922893964254e-20,
            0.008326839749333768,
            4.3865795685086456e-21,
            0.008880603890913228,
            0.009054528248912739,
            8.268301401669906e-21,
            -0.0007213834749994371,
            -9.831237003845182e-22,
            0.0001679749201941222,
            0.0013443586528795973,
            1.8560295959673644e-21,
            -0.0008780204089984927,
            6.506864872204379e-22,
            -0.0021164937915648663,
            -0.0022855819167028435,
            5.272611598222739e-22,
            0.0001173472927755246,
            1.695329700345093e-22
        ],
        [
            5.8864169718663396e-18,
            7.181844312586622e-18,
            1.4652628808941905,
            1.1333076870517535e-18,
            6.470291443696253e-34,
            6.2554685992780104e-18,
            8.150545753017506e-18,
            -0.008466937195517743,
            -1.113436578419684e-18,
            -3.779047048118751e-34,
            3.192748429314473e-18,
            4.5685090893598555e-18,
            -1.369852106721728e-05,
            -3.286128856581172e-19,
            -2.6282232981803772e-36,
            1.842899956615699e-18,
            2.5735020882826507e-18,
            2.9192661487622105e-05,
            -2.1144444800085967e-19,
            3.194524637132531e-38,
            8.205039410791558e-19,
            1.2315533288758018e-18,
            7.99842114031721e-08,
            -1.0128966021933324e-19,
            -1.0602745568503114e-38,
            3.9444275620219803e-19,
            5.462591915294696e-19,
            -2.503197276559316e-06,
            -6.377964620106045e-20,
            1.1718106580531283e-38
        ],
        [
            -0.00662684402045053,
            -0.0137280514512138,
            1.1333076870517535e-18,
            1.4625358382309228,
            -3.8226577220475627e-19,
            -0.05207794508878952,
            -0.03243987605990685,
            -7.463870476522257e-19,
            0.054838856677201675,
            -1.1598279941687147e-19,
            -0.001114575149509141,
            -0.005252084968947748,
            4.9715287603731196e-21,
            0.0010292786597126862,
            -6.83713394959426e-23,
            0.0007594906194277803,
            0.0007106350735275701,
            8.255634085239487e-22,
            -6.409014878429095e-05,
            -2.215276342881671e-22,
            6.553084958230658e-05,
            0.0001769317738510612,
            1.4404286846911454e-22,
            -6.696260126465624e-05,
            -5.927088701231551e-23,
            -0.0001165000912076134,
            -0.00011734729277552301,
            3.4593578623365093e-23,
            5.48928312086756e-06,
            -2.0908291778952824e-23
        ],
        [
            -2.5164399403333157e-18,
            -3.043526699036016e-18,
            6.470291443696253e-34,
            -3.8226577220475627e-19,
            1.4652628808941903,
            -2.4042037464243204e-18,
            -3.0449708020703695e-18,
            1.5820591767391182e-34,
            5.737627887961522e-19,
            -0.008466937195517742,
            -5.426638552877135e-19,
            -9.741822493639052e-19,
            2.4582914762350206e-36,
            1.11989034508992e-19,
            -1.369852106721728e-05,
            -3.947679010658573e-19,
            -6.219828446483407e-19,
            1.5386115381123979e-37,
            -2.361644384926968e-20,
            2.9192661487622105e-05,
            -7.158337647472694e-19,
            -9.130162422599834e-19,
            -9.7244026234488e-38,
            -5.694319650910038e-21,
            7.99842114031721e-08,
            -5.381580246334956e-19,
            -6.907937237819171e-19,
            -4.679022133743597e-38,
            6.988607126116632e-20,
            -2.503197276559316e-06
        ],
        [
            -0.11490481695332944,
            -0.1758306371871338,
            6.2554685992780104e-18,
            -0.05207794508878952,
            -2.4042037464243204e-18,
            -0.03358132632477839,
            -0.305524028111963,
            -2.874558723875582e-18,
            0.0014037743633055523,
            -4.7888655809417325e-19,
            -0.05145631341502638,
            -0.11161093126000439,
            1.292504816175201e-19,
            0.040263474778783045,
            -2.5641352353166134e-20,
            -0.0009441603469401882,
            -0.005612160459633507,
            2.3460264370182413e-20,
            0.0011715202553096618,
            9.731163752275145e-21,
            0.0008442193369136589,
            0.0008660563385941083,
            6.530807392657429e-21,
            -0.00010160323082190553,
            1.2672341589111785e-20,
            2.7023394053883408e-05,
            0.00016797492019412168,
            1.981048871675276e-21,
            -6.553084958230489e-05,
            5.212347850506051e-21
        ],
        [
            -0.17523275970624205,
            -0.18539385497604688,
            8.150545753017506e-18,
            -0.03243987605990685,
            -3.0449708020703695e-18,
            -0.305524028111963,
            -0.2034286138807796,
            -2.566759980243791e-18,
            0.0055299720604697275,
            -6.809756842191409e-19,
            -0.11158956453808452,
            -0.12504392906496764,
            1.6420559268575733e-19,
            0.02128561372775596,
            -2.0723818447558287e-20,
            -0.013476810926411696,
            -0.028261569862327703,
            2.3431462703727314e-20,
            0.005281889569002109,
            9.70395327330503e-21,
            0.0008660563385941158,
            -0.0006508101719032339,
            6.577700850505492e-21,
            0.0005285979700840793,
            1.1802702773785172e-20,
            0.0010823269587290523,
            0.0013443586528795912,
            2.000851351595012e-21,
            -0.0001769317738510585,
            4.864990697853313e-21
        ],
        [
            -3.039983923264854e-18,
            -3.80539055240001e-18,
            -0.008466937195517743,
            -7.463870476522257e-19,
            1.5820591767391182e-34,
            -2.874558723875582e-18,
            -2.566759980243791e-18,
            1.4696172410822959,
            1.4719383838286649e-18,
            -1.924118946798026e-33,
            4.276417614773077e-18,
            4.520477703954114e-18,
            -0.0064796613115061805,
            -2.1804058953428197e-20,
            -1.4906371050901838e-35,
            3.4338513231589405e-18,
            4.648268721529606e-18,
            -1.0912282274795613e-05,
            -2.9676714903657055e-19,
            1.7991720504849943e-37,
            2.1755929144256275e-18,
            3.0448181700933416e-18,
            3.108732901890893e-06,
            -1.8302121684590928e-19,
            -1.8394455968825124e-38,
            1.173274249800397e-18,
            1.5887860557937524e-18,
            7.99842114031765e-08,
            -1.8709734134178804e-19,
            3.934387453894937e-38
        ],
        [
            0.05220260560930477,
            0.0317786248827492,
            -1.113436578419684e-18,
            0.054838856677201675,
            5.737627887961522e-19,
            0.0014037743633055523,
            0.0055299720604697275,
            1.4719383838286649e-18,
            1.4627703994840284,
            -1.8992352052042147e-19,
            -0.04012575415171434,
            -0.02095435296287171,
            5.323605881169939e-20,
            0.04933081608725094,
            -1.539480518264023e-20,
            -0.004991175263469145,
            -0.008012752677503702,
            4.578066660605259e-21,
            0.001036668062384743,
            2.3649055138199366e-21,
            0.00010160323082190649,
            -0.0005285979700840797,
            9.651285595858461e-22,
            0.000351457793023316,
            1.6561629078167634e-21,
            0.0007842125868662537,
            0.00087802040899849,
            2.4267718728682354e-22,
            -6.696260126465597e-05,
            5.324789731679541e-22
        ],
        [
            -2.642686378747844e-19,
            -3.4226185741302715e-19,
            -3.779047048118751e-34,
            -1.1598279941687147e-19,
            -0.008466937195517742,
            -4.7888655809417325e-19,
            -6.809756842191409e-19,
            -1.924118946798026e-33,
            -1.8992352052042147e-19,
            1.4696172410822956,
            -4.2997742462739265e-19,
            -3.1463933108666053e-19,
            -1.8895878939848043e-35,
            2.9113586033547304e-19,
            -0.0064796613115061805,
            1.590528053822391e-18,
            2.384109172675065e-18,
            -9.483203226223241e-37,
            3.5492305773173694e-19,
            -1.0912282274795613e-05,
            4.231918749638997e-18,
            5.2551846921768844e-18,
            5.834150759767908e-37,
            1.987840499286868e-20,
            3.108732901890893e-06,
            3.0561988195982157e-18,
            3.9430322552154705e-18,
            2.6139473772474695e-37,
            -4.2478927044224524e-19,
            7.99842114031765e-08
        ],
        [
            -0.0013173853434801407,
            -0.006171525057257294,
            3.192748429314473e-18,
            -0.001114575149509141,
            -5.426638552877135e-19,
            -0.05145631341502638,
            -0.11158956453808452,
            4.276417614773077e-18,
            -0.04012575415171434,
            -4.2997742462739265e-19,
            -0.0345861903088327,
            -0.3046682842663765,
            1.7806377525669004e-19,
            -0.0014024310827434605,
            1.0286852288112339e-20,
            -0.11185659055064481,
            -0.1722406468694538,
            4.148941353625482e-21,
            0.051751685387779585,
            6.945358106033593e-21,
            -0.000944160346940145,
            -0.01347681092641162,
            1.8312184016010166e-21,
            0.004991175263469113,
            9.155972342195051e-22,
            0.00813108408460859,
            0.008880603890913162,
            6.123883605816046e-22,
            -0.0007594906194277735,
            4.880537476654306e-22
        ],
        [
            -0.014360425426349287,
            -0.02945664111230455,
            4.5685090893598555e-18,
            -0.005252084968947748,
            -9.741822493639052e-19,
            -0.11161093126000439,
            -0.12504392906496764,
            4.520477703954114e-18,
            -0.02095435296287171,
            -3.1463933108666053e-19,
            -0.3046682842663765,
            -0.20176779177756998,
            2.1148875579763008e-19,
            -0.005359718602995816,
            -6.1133053671296726e-21,
            -0.1722406468694537,
            -0.18227296432690787,
            9.736271809981414e-21,
            0.03161965609744162,
            1.5003446956418955e-20,
            -0.005612160459633418,
            -0.028261569862327553,
            2.9215361192900364e-21,
            0.008012752677503641,
            2.9598842086965626e-21,
            0.008757201173903387,
            0.00905452824891265,
            9.215936455374277e-22,
            -0.0007106350735275606,
            1.303424189357742e-21
        ],
        [
            2.393432497357693e-20,
            3.588922893964254e-20,
            -1.369852106721728e-05,
            4.9715287603731196e-21,
            2.4582914762350206e-36,
            1.292504816175201e-19,
            1.6420559268575733e-19,
            -0.0064796613115061805,
            5.323605881169939e-20,
            -1.8895878939848043e-35,
            1.7806377525669004e-19,
            2.1148875579763008e-19,
            1.4668576400168098,
            -5.035131992059378e-20,
            3.17211653374596e-36,
            7.591472321822167e-20,
            1.1205543745330615e-19,
            -0.008378738752227818,
            -7.290900638594808e-21,
            1.4160539875073862e-38,
            6.927459664410042e-20,
            9.099110667354812e-20,
            -1.0912282274795179e-05,
            -4.097805253563572e-21,
            -7.506447449307842e-40,
            4.07252838279147e-20,
            5.407193892252547e-20,
            2.9192661487621885e-05,
            -6.517637317914112e-21,
            1.2211305017241143e-39
        ],
        [
            0.00521212603789345,
            0.008326839749333768,
            -3.286128856581172e-19,
            0.0010292786597126862,
            1.11989034508992e-19,
            0.040263474778783045,
            0.02128561372775596,
            -2.1804058953428197e-20,
            0.04933081608725094,
            2.9113586033547304e-19,
            -0.0014024310827434605,
            -0.005359718602995816,
            -5.035131992059378e-20,
            1.4600963433986895,
            -3.95430134469145e-20,
            -0.05175168538777949,
            -0.0316196560974413,
            1.1323144608784059e-21,
            0.05460008348419917,
            1.841770136595055e-21,
            -0.0011715202553096548,
            -0.005281889569002078,
            1.5762972762235347e-22,
            0.0010366680623847312,
            2.088430279096273e-23,
            0.0007835808952348845,
            0.0007213834749994149,
            3.0650041909439296e-23,
            -6.409014878428867e-05,
            -5.9253054132297715e-24
        ],
        [
            6.071163420366565e-21,
            4.3865795685086456e-21,
            -2.6282232981803772e-36,
            -6.83713394959426e-23,
            -1.369852106721728e-05,
            -2.5641352353166134e-20,
            -2.0723818447558287e-20,
            -1.4906371050901838e-35,
            -1.539480518264023e-20,
            -0.0064796613115061805,
            1.0286852288112339e-20,
            -6.1133053671296726e-21,
            3.17211653374596e-36,
            -3.95430134469145e-20,
            1.4668576400168096,
            -8.298716753664266e-21,
            9.766422816555533e-21,
            -3.7418071610597233e-38,
            2.92111958690998e-20,
            -0.008378738752227822,
            1.3616744292268952e-19,
            1.5933480857857836e-19,
            1.9989414047241334e-38,
            7.442781785896432e-22,
            -1.0912282274795179e-05,
            9.580003610935116e-20,
            1.237125454122154e-19,
            7.991181028744672e-39,
            -1.432104060358488e-20,
            2.9192661487621885e-05
        ],
        [
            0.008131084084608645,
            0.008880603890913228,
            1.842899956615699e-18,
            0.0007594906194277803,
            -3.947679010658573e-19,
            -0.0009441603469401882,
            -0.013476810926411696,
            3.4338513231589405e-18,
            -0.004991175263469145,
            1.590528053822391e-18,
            -0.11185659055064481,
            -0.1722406468694537,
            7.591472321822167e-20,
            -0.05175168538777949,
            -8.298716753664266e-21,
            -0.034586190308832476,
            -0.3046682842663767,
            9.691846863379389e-21,
            0.0014024310827432732,
            3.126079119489189e-20,
            -0.0514563134150261,
            -0.11158956453808398,
            -9.400892802206622e-22,
            0.040125754151714134,
            -1.1296127706095232e-22,
            -0.0013173853434802789,
            -0.006171525057257432,
            -3.8027318536069444e-22,
            0.0011145751495091603,
            -2.143650318764855e-22
        ],
        [
            0.008757201173903472,
            0.009054528248912739,
            2.5735020882826507e-18,
            0.0007106350735275701,
            -6.219828446483407e-19,
            -0.005612160459633507,
            -0.028261569862327703,
