{
    "HF": -2.6646703751771916,
    "coordinates": [
        [
            0.0,
            0.0,
            0.0
        ],
        [
            2.3,
            0.0,
            0.0
        ],
        [
            4.6,
            0.0,
            0.0
        ],
        [
            6.9,
            0.0,
            0.0
        ],
        [
            9.2,
            0.0,
            0.0
        ],
        [
            11.5,
            0.0,
            0.0
        ]
    ],
    "elements": [
        "H",
        "H",
        "H",
        "H",
        "H",
        "H"
    ],
    "Enn": 2.0016703195669567,
    "S": [
        [
            0.9999999999999999,
            0.6848602514927513,
            0.0,
            0.0,
            0.0,
            0.01021473344906027,
            0.10832496933174958,
            0.0,
            -0.011978201009901657,
            0.0,
            3.3551757531462525e-08,
            0.00045091388409855716,
            0.0,
            -3.867978521588484e-09,
            0.0,
            2.5510068369688735e-17,
            5.204225772798708e-08,
            0.0,
            -2.796092569974324e-20,
            0.0,
            0.0,
            1.6466963060884736e-13,
            0.0,
            0.0,
            0.0,
            0.0,
            1.4055931294580133e-20,
            0.0,
            0.0,
            0.0
        ],
        [
            0.6848602514927513,
            1.0000000000000002,
            0.0,
            0.0,
            0.0,
            0.10832496933174958,
            0.31589452313632777,
            0.0,
            -0.08697500160020655,
            0.0,
            0.00045091388409855716,
            0.009957914323034446,
            0.0,
            -0.00046683910282720897,
            0.0,
            5.204225772798708e-08,
            3.1324119130222546e-05,
            0.0,
            -3.629357862019679e-08,
            0.0,
            1.6466963060884736e-13,
            9.832717036105213e-09,
            0.0,
            -4.843600999791753e-14,
            0.0,
            1.4055931294580037e-20,
            3.0800119981272567e-13,
            0.0,
            -1.170325659904967e-21,
            0.0
        ],
        [
            0.0,
            0.0,
            1.0000000000000004,
            0.0,
            0.0,
            0.0,
            0.0,
            0.0010417491333019064,
            0.0,
            0.0,
            0.0,
            0.0,
            1.1777485853203547e-12,
            0.0,
            0.0,
            0.0,
            0.0,
            1.4450016077711308e-27,
            0.0,
            0.0,
            0.0,
            0.0,
            0.0,
            0.0,
            0.0,
            0.0,
            0.0,
            0.0,
            0.0,
            0.0
        ],
        [
            0.0,
            0.0,
            0.0,
            1.0000000000000004,
            0.0,
            0.011978201009901655,
            0.0869750016002065,
            0.0,
            -0.013265329521959432,
            0.0,
            3.867978521588484e-09,
            0.000466839102827209,
            0.0,
            -6.352167321460272e-11,
            0.0,
            2.796092569974324e-20,
            3.6293578620196656e-08,
            0.0,
            -1.7716207276962928e-25,
            0.0,
            0.0,
            4.843600999791765e-14,
            0.0,
            0.0,
            0.0,
            0.0,
            1.1703256599049662e-21,
            0.0,
            0.0,
            0.0
        ],
        [
            0.0,
            0.0,
            0.0,
            0.0,
            1.0000000000000004,
            0.0,
            0.0,
            0.0,
            0.0,
            0.0010417491333019064,
            0.0,
            0.0,
            0.0,
            0.0,
            1.1777485853203547e-12,
            0.0,
            0.0,
            0.0,
            0.0,
            1.4450016077711308e-27,
            0.0,
            0.0,
            0.0,
            0.0,
            0.0,
            0.0,
            0.0,
            0.0,
            0.0,
            0.0
        ],
        [
            0.01021473344906027,
            0.10832496933174958,
            0.0,
            0.011978201009901657,
            0.0,
            0.9999999999999999,
            0.6848602514927513,
            0.0,
            0.0,
            0.0,
            0.01021473344906027,
            0.10832496933174958,
            0.0,
            -0.011978201009901653,
            0.0,
            3.355175753146205e-08,
            0.0004509138840985543,
            0.0,
            -3.8679785215884165e-09,
            0.0,
            2.551006836968909e-17,
            5.204225772798764e-08,
            0.0,
            -2.796092569974403e-20,
            0.0,
            0.0,
            1.6466963060884332e-13,
            0.0,
            0.0,
            0.0
        ],
        [
            0.10832496933174958,
            0.31589452313632777,
            0.0,
            0.08697500160020655,
            0.0,
            0.6848602514927513,
            1.0000000000000002,
            0.0,
            0.0,
            0.0,
            0.10832496933174958,
            0.31589452313632777,
            0.0,
            -0.08697500160020662,
            0.0,
            0.0004509138840985543,
            0.009957914323034412,
            0.0,
            -0.0004668391028272052,
            0.0,
            5.2042257727987446e-08,
            3.1324119130222655e-05,
            0.0,
            -3.6293578620197046e-08,
            0.0,
            1.6466963060884332e-13,
            9.832717036105074e-09,
            0.0,
            -4.843600999791611e-14,
            0.0
        ],
        [
            0.0,
            0.0,
            0.0010417491333019064,
            0.0,
            0.0,
            0.0,
            0.0,
            1.0000000000000004,
            0.0,
            0.0,
            0.0,
            0.0,
            0.0010417491333019064,
            0.0,
            0.0,
            0.0,
            0.0,
            1.1777485853203257e-12,
            0.0,
            0.0,
            0.0,
            0.0,
            1.4450016077711929e-27,
            0.0,
            0.0,
            0.0,
            0.0,
            0.0,
            0.0,
            0.0
        ],
        [
            -0.011978201009901653,
            -0.08697500160020649,
            0.0,
            -0.013265329521959432,
            0.0,
            0.0,
            0.0,
            0.0,
            1.0000000000000004,
            0.0,
            0.011978201009901653,
            0.08697500160020649,
            0.0,
            -0.013265329521959432,
            0.0,
            3.8679785215884165e-09,
            0.0004668391028272063,
            0.0,
            -6.35216732146012e-11,
            0.0,
            2.7960925699743826e-20,
            3.6293578620197046e-08,
            0.0,
            -1.771620727696368e-25,
            0.0,
            0.0,
            4.843600999791649e-14,
            0.0,
            0.0,
            0.0
        ],
        [
            0.0,
            0.0,
            0.0,
            0.0,
            0.0010417491333019064,
            0.0,
            0.0,
            0.0,
            0.0,
            1.0000000000000004,
            0.0,
            0.0,
            0.0,
            0.0,
            0.0010417491333019064,
            0.0,
            0.0,
            0.0,
            0.0,
            1.1777485853203257e-12,
            0.0,
            0.0,
            0.0,
            0.0,
            1.4450016077711929e-27,
            0.0,
            0.0,
            0.0,
            0.0,
            0.0
        ],
        [
            3.3551757531462525e-08,
            0.00045091388409855716,
            0.0,
            3.867978521588484e-09,
            0.0,
            0.01021473344906027,
            0.10832496933174958,
            0.0,
            0.011978201009901653,
            0.0,
            0.9999999999999999,
            0.6848602514927513,
            0.0,
            0.0,
            0.0,
            0.010214733449060204,
            0.10832496933174926,
            0.0,
            -0.011978201009901565,
            0.0,
            3.3551757531462525e-08,
            0.00045091388409855716,
            0.0,
            -3.8679785215884835e-09,
            0.0,
            2.551006836968819e-17,
            5.2042257727986897e-08,
            0.0,
            -2.7960925699742646e-20,
            0.0
        ],
        [
            0.00045091388409855716,
            0.009957914323034446,
            0.0,
            0.00046683910282720897,
            0.0,
            0.10832496933174958,
            0.31589452313632777,
            0.0,
            0.08697500160020662,
            0.0,
            0.6848602514927513,
            1.0000000000000002,
            0.0,
            0.0,
            0.0,
            0.10832496933174926,
            0.3158945231363272,
            0.0,
            -0.08697500160020635,
            0.0,
            0.00045091388409855716,
            0.009957914323034446,
            0.0,
            -0.0004668391028272093,
            0.0,
            5.2042257727986897e-08,
            3.132411913022243e-05,
            0.0,
            -3.629357862019653e-08,
            0.0
        ],
        [
            0.0,
            0.0,
            1.1777485853203547e-12,
            0.0,
            0.0,
            0.0,
            0.0,
            0.0010417491333019064,
            0.0,
            0.0,
            0.0,
            0.0,
            1.0000000000000004,
            0.0,
            0.0,
            0.0,
            0.0,
            0.0010417491333018954,
            0.0,
            0.0,
            0.0,
            0.0,
            1.1777485853203547e-12,
            0.0,
            0.0,
            0.0,
            0.0,
            1.4450016077711001e-27,
            0.0,
            0.0
        ],
        [
            -3.8679785215884835e-09,
            -0.00046683910282720897,
            0.0,
            -6.352167321460272e-11,
            0.0,
            -0.011978201009901653,
            -0.08697500160020662,
            0.0,
            -0.013265329521959432,
            0.0,
            0.0,
            0.0,
            0.0,
            1.0000000000000004,
            0.0,
            0.011978201009901565,
            0.08697500160020634,
            0.0,
            -0.013265329521959312,
            0.0,
            3.8679785215884835e-09,
            0.00046683910282720897,
            0.0,
            -6.352167321460272e-11,
            0.0,
            2.7960925699742646e-20,
            3.629357862019652e-08,
            0.0,
            -1.7716207276962556e-25,
            0.0
        ],
        [
            0.0,
            0.0,
            0.0,
            0.0,
            1.1777485853203547e-12,
            0.0,
            0.0,
            0.0,
            0.0,
            0.0010417491333019064,
            0.0,
            0.0,
            0.0,
            0.0,
            1.0000000000000004,
            0.0,
            0.0,
            0.0,
            0.0,
            0.0010417491333018954,
            0.0,
            0.0,
            0.0,
            0.0,
            1.1777485853203547e-12,
            0.0,
            0.0,
            0.0,
            0.0,
            1.4450016077711001e-27
        ],
        [
            2.5510068369688735e-17,
            5.204225772798708e-08,
            0.0,
            2.796092569974324e-20,
            0.0,
            3.355175753146205e-08,
            0.0004509138840985543,
            0.0,
            3.8679785215884165e-09,
            0.0,
            0.010214733449060204,
            0.10832496933174926,
            0.0,
            0.011978201009901565,
            0.0,
            0.9999999999999999,
            0.6848602514927513,
            0.0,
            0.0,
            0.0,
            0.010214733449060345,
            0.10832496933174991,
            0.0,
            -0.011978201009901747,
            0.0,
            3.355175753146229e-08,
            0.00045091388409855554,
            0.0,
            -3.867978521588446e-09,
            0.0
        ],
        [
            5.204225772798708e-08,
            3.1324119130222546e-05,
            0.0,
            3.629357862019679e-08,
            0.0,
            0.0004509138840985543,
            0.009957914323034412,
            0.0,
            0.00046683910282720555,
            0.0,
            0.10832496933174926,
            0.3158945231363272,
            0.0,
            0.08697500160020635,
            0.0,
            0.6848602514927513,
            1.0000000000000002,
            0.0,
            0.0,
            0.0,
            0.10832496933174991,
            0.3158945231363285,
            0.0,
            -0.08697500160020664,
            0.0,
            0.00045091388409855554,
            0.009957914323034429,
            0.0,
            -0.0004668391028272075,
            0.0
        ],
        [
            0.0,
            0.0,
            1.4450016077711308e-27,
            0.0,
            0.0,
            0.0,
            0.0,
            1.1777485853203257e-12,
            0.0,
            0.0,
            0.0,
            0.0,
            0.0010417491333018954,
            0.0,
            0.0,
            0.0,
            0.0,
            1.0000000000000004,
            0.0,
            0.0,
            0.0,
            0.0,
            0.001041749133301918,
            0.0,
            0.0,
            0.0,
            0.0,
            1.1777485853203422e-12,
            0.0,
            0.0
        ],
        [
            -2.796092569974324e-20,
            -3.629357862019665e-08,
            0.0,
            -1.7716207276962928e-25,
            0.0,
            -3.8679785215884165e-09,
            -0.000466839102827206,
            0.0,
            -6.35216732146012e-11,
            0.0,
            -0.011978201009901565,
            -0.08697500160020634,
            0.0,
            -0.013265329521959315,
            0.0,
            0.0,
            0.0,
            0.0,
            1.0000000000000004,
            0.0,
            0.011978201009901747,
            0.08697500160020662,
            0.0,
            -0.013265329521959551,
            0.0,
            3.867978521588458e-09,
            0.0004668391028272072,
            0.0,
            -6.352167321460206e-11,
            0.0
        ],
        [
            0.0,
            0.0,
            0.0,
            0.0,
            1.4450016077711308e-27,
            0.0,
            0.0,
            0.0,
            0.0,
            1.1777485853203257e-12,
            0.0,
            0.0,
            0.0,
            0.0,
            0.0010417491333018954,
            0.0,
            0.0,
            0.0,
            0.0,
            1.0000000000000004,
            0.0,
            0.0,
            0.0,
            0.0,
            0.001041749133301918,
            0.0,
            0.0,
            0.0,
            0.0,
            1.1777485853203422e-12
        ],
        [
            0.0,
            1.6466963060884736e-13,
            0.0,
            0.0,
            0.0,
            2.551006836968909e-17,
            5.204225772798764e-08,
            0.0,
            2.796092569974403e-20,
            0.0,
            3.3551757531462525e-08,
            0.00045091388409855716,
            0.0,
            3.8679785215884835e-09,
            0.0,
            0.010214733449060345,
            0.10832496933174991,
            0.0,
            0.011978201009901759,
            0.0,
            0.9999999999999999,
            0.6848602514927513,
            0.0,
            0.0,
            0.0,
            0.010214733449060159,
            0.10832496933174904,
            0.0,
            -0.0119782010099015,
            0.0
        ],
        [
            1.6466963060884736e-13,
            9.832717036105213e-09,
            0.0,
            4.843600999791753e-14,
            0.0,
            5.2042257727987446e-08,
            3.1324119130222655e-05,
            0.0,
            3.6293578620197046e-08,
            0.0,
            0.00045091388409855716,
            0.009957914323034446,
            0.0,
            0.0004668391028272093,
            0.0,
            0.10832496933174991,
            0.3158945231363285,
            0.0,
            0.08697500160020664,
            0.0,
            0.6848602514927513,
            1.0000000000000002,
            0.0,
            0.0,
            0.0,
            0.10832496933174904,
            0.3158945231363268,
            0.0,
            -0.08697500160020641,
            0.0
        ],
        [
            0.0,
            0.0,
            0.0,
            0.0,
            0.0,
            0.0,
            0.0,
            1.4450016077711929e-27,
            0.0,
            0.0,
            0.0,
            0.0,
            1.1777485853203547e-12,
            0.0,
            0.0,
            0.0,
            0.0,
            0.001041749133301918,
            0.0,
            0.0,
            0.0,
            0.0,
            1.0000000000000004,
            0.0,
            0.0,
            0.0,
            0.0,
            0.001041749133301889,
            0.0,
            0.0
        ],
        [
            0.0,
            -4.8436009997917646e-14,
            0.0,
            0.0,
            0.0,
            -2.796092569974383e-20,
            -3.6293578620197046e-08,
            0.0,
            -1.771620727696368e-25,
            0.0,
            -3.8679785215884835e-09,
            -0.0004668391028272096,
            0.0,
            -6.352167321460272e-11,
            0.0,
            -0.011978201009901747,
            -0.08697500160020662,
            0.0,
            -0.013265329521959551,
            0.0,
            0.0,
            0.0,
            0.0,
            1.0000000000000004,
            0.0,
            0.0119782010099015,
            0.08697500160020641,
            0.0,
            -0.013265329521959244,
            0.0
        ],
        [
            0.0,
            0.0,
            0.0,
            0.0,
            0.0,
            0.0,
            0.0,
            0.0,
            0.0,
            1.4450016077711929e-27,
            0.0,
            0.0,
            0.0,
            0.0,
            1.1777485853203547e-12,
            0.0,
            0.0,
            0.0,
            0.0,
            0.001041749133301918,
            0.0,
            0.0,
            0.0,
            0.0,
            1.0000000000000004,
            0.0,
            0.0,
            0.0,
            0.0,
            0.001041749133301889
        ],
        [
            0.0,
            1.4055931294580133e-20,
            0.0,
            0.0,
            0.0,
            0.0,
            1.6466963060884332e-13,
            0.0,
            0.0,
            0.0,
            2.551006836968819e-17,
            5.2042257727986897e-08,
            0.0,
            2.796092569974265e-20,
            0.0,
            3.355175753146229e-08,
            0.00045091388409855554,
            0.0,
            3.867978521588444e-09,
            0.0,
            0.010214733449060159,
            0.10832496933174904,
            0.0,
            0.0119782010099015,
            0.0,
            0.9999999999999999,
            0.6848602514927513,
            0.0,
            0.0,
            0.0
        ],
        [
            1.4055931294580037e-20,
            3.0800119981272567e-13,
            0.0,
            1.170325659904967e-21,
            0.0,
            1.6466963060884332e-13,
            9.832717036105074e-09,
            0.0,
            4.843600999791611e-14,
            0.0,
            5.2042257727986897e-08,
            3.132411913022243e-05,
            0.0,
            3.629357862019653e-08,
            0.0,
            0.00045091388409855554,
            0.009957914323034429,
            0.0,
            0.00046683910282720685,
            0.0,
            0.10832496933174904,
            0.3158945231363268,
            0.0,
            0.08697500160020641,
            0.0,
            0.6848602514927513,
            1.0000000000000002,
            0.0,
            0.0,
            0.0
        ],
        [
            0.0,
            0.0,
            0.0,
            0.0,
            0.0,
            0.0,
            0.0,
            0.0,
            0.0,
            0.0,
            0.0,
            0.0,
            1.4450016077711001e-27,
            0.0,
            0.0,
            0.0,
            0.0,
            1.1777485853203422e-12,
            0.0,
            0.0,
            0.0,
            0.0,
            0.001041749133301889,
            0.0,
            0.0,
            0.0,
            0.0,
            1.0000000000000004,
            0.0,
            0.0
        ],
        [
            0.0,
            -1.1703256599049664e-21,
            0.0,
            0.0,
            0.0,
            0.0,
            -4.843600999791652e-14,
            0.0,
            0.0,
            0.0,
            -2.7960925699742646e-20,
            -3.629357862019652e-08,
            0.0,
            -1.7716207276962556e-25,
            0.0,
            -3.867978521588456e-09,
            -0.0004668391028272079,
            0.0,
            -6.352167321460206e-11,
            0.0,
            -0.0119782010099015,
            -0.08697500160020641,
            0.0,
            -0.013265329521959244,
            0.0,
            0.0,
            0.0,
            0.0,
            1.0000000000000004,
            0.0
        ],
        [
            0.0,
            0.0,
            0.0,
            0.0,
            0.0,
            0.0,
            0.0,
            0.0,
            0.0,
            0.0,
            0.0,
            0.0,
            0.0,
            0.0,
            1.4450016077711001e-27,
            0.0,
            0.0,
            0.0,
            0.0,
            1.1777485853203422e-12,
            0.0,
            0.0,
            0.0,
            0.0,
            0.001041749133301889,
            0.0,
            0.0,
            0.0,
            0.0,
            1.0000000000000004
        ]
    ],
    "h": [
        [
            -0.030787406977601073,
            -0.2933161042836979,
            1.0672977726304577e-17,
            -0.004774427748824979,
            -3.643522707765113e-18,
            -0.10481880907397388,
            -0.16323590999637821,
            2.7582017112765037e-18,
            0.04330412177186014,
            -1.5444949824500241e-18,
            -0.0009123927444952225,
            -0.011893268140941382,
            -4.268978734837385e-20,
            0.004270589599420679,
            3.4338866592948126e-21,
            0.007462096657571303,
            0.008136251401000319,
            -1.8323076792257423e-20,
            -0.0006602386363526149,
            -2.214133748248253e-21,
            -1.407231329312551e-07,
            0.0009045114686175934,
            -6.3015098166448134e-21,
            -0.0006208452258432079,
            -5.472802340002464e-21,
            -0.0017082690887054207,
            -0.0018736747315271467,
            -2.2210290557097743e-21,
            9.371855154561509e-05,
            -2.74430295540893e-21
        ],
        [
            -0.2933161042836979,
            -0.17320906717019835,
            1.22240616273325e-17,
            -0.011038723559412864,
            -4.267958304382675e-18,
            -0.16361520205339505,
            -0.17481983202810625,
            3.553702340474985e-18,
            0.03136433918867439,
            -1.985404533046238e-18,
            -0.004540339540092866,
            -0.023941616493493013,
            -2.6675874399970484e-20,
            0.006517907056548543,
            -3.62616970400786e-21,
            0.008225776976654792,
            0.008626084470316564,
            -1.6340727005862614e-20,
            -0.0006328286043251487,
            -3.3302313195508044e-21,
            0.00011208983329077269,
            0.0011295732765247393,
            -6.913663344350751e-21,
            -0.0006984353836769861,
            -5.4692017578432335e-21,
            -0.0018736747315271465,
            -0.0020384391379916276,
            -2.567548382040812e-21,
            9.595116365211067e-05,
            -2.6728692489576756e-21
        ],
        [
            1.0672977726304577e-17,
            1.22240616273325e-17,
            1.4638516093076728,
            9.984136362473875e-19,
            -4.964983824143529e-33,
            6.071905908833642e-18,
            7.050755785199951e-18,
            -0.006122275017572686,
            -2.7063588379113836e-18,
            -8.064067542177935e-34,
            -6.941718513220065e-18,
            -7.664769151626364e-18,
            -8.749837676900759e-06,
            -3.516881521935594e-19,
            4.8910831690224175e-37,
            -6.726478138882447e-18,
            -8.915716419578188e-18,
            2.4527031436415683e-05,
            4.1855100983115734e-19,
            1.327701667390515e-37,
            -4.285272864410667e-18,
            -5.9710760927878195e-18,
            1.1679395505525287e-08,
            3.152130395074716e-19,
            5.698758138945428e-38,
            -2.3871728574366296e-18,
            -3.1811371992726992e-18,
            -2.017685917358541e-06,
            3.288009863470028e-19,
            3.375118392927389e-38
        ],
        [
            -0.004774427748824979,
            -0.011038723559412864,
            9.984136362473875e-19,
            1.4621631334831724,
            -3.5474227240488987e-19,
            -0.043182062087469934,
            -0.03183972139491928,
            8.221791188160124e-19,
            0.04166061624404812,
            -4.380872359052177e-19,
            -0.0008590834778939926,
            -0.003959375123105591,
            -7.644698075952029e-21,
            0.00077476418063721,
            4.1929269687502374e-22,
            0.0006420199356785426,
            0.0006246426669744256,
            -2.2916505006409658e-21,
            -5.387114386208577e-05,
            -2.9382222033713385e-22,
            4.9001727267942606e-05,
            0.0001364759222126368,
            -6.103508323315882e-22,
            -4.835020648650452e-05,
            -5.287628607341359e-22,
            -9.371855154561801e-05,
            -9.595116365211437e-05,
            -1.7703121475873453e-22,
            4.393573274186722e-06,
            -2.132827400893614e-22
        ],
        [
            -3.643522707765113e-18,
            -4.267958304382675e-18,
            -4.964983824143529e-33,
            -3.5474227240488987e-19,
            1.4638516093076726,
            -2.676184880410788e-18,
            -3.3579957704096373e-18,
            -1.5536994373430225e-33,
            8.119239342414924e-19,
            -0.006122275017572686,
            3.6242165326474625e-19,
            -4.2696149487226816e-20,
            -3.7644233110621435e-37,
            3.638414236300317e-20,
            -8.749837676900759e-06,
            -6.874232020433308e-19,
            -1.239188457541811e-18,
            8.699759318226987e-38,
            -2.9497229284491767e-19,
            2.4527031436415683e-05,
            -3.378800390701223e-18,
            -4.139225101293758e-18,
            1.6236237097320638e-37,
            -8.465363175773332e-20,
            1.1679395505525287e-08,
            -2.6892315623140858e-18,
            -3.399154909846138e-18,
            1.3731442927363124e-37,
            3.088970225152147e-19,
            -2.017685917358541e-06
        ],
        [
            -0.10481880907397388,
            -0.16361520205339505,
            6.071905908833642e-18,
            -0.043182062087469934,
            -2.676184880410788e-18,
            -0.03193541842977288,
            -0.30101468434002043,
            4.416839785636372e-18,
            0.0007562810637846279,
            -2.4048279616682247e-18,
            -0.04290754496715051,
            -0.10011322571912663,
            1.5362744128595807e-19,
            0.03205375475688611,
            -8.089028944630288e-20,
            -0.0005975375351984239,
            -0.004068673192991805,
            8.040765825067746e-21,
            0.0009018329576034341,
            -1.1299854620675595e-20,
            0.0007386213964041828,
            0.0008009396567943025,
            -9.655710823541896e-21,
            -9.179311691865654e-05,
            -2.607354115174668e-21,
            -1.4072313292582396e-07,
            0.00011208983329078178,
            -4.496088583523106e-21,
            -4.900172726794718e-05,
            -7.468533512507208e-22
        ],
        [
            -0.16323590999637821,
            -0.17481983202810625,
            7.050755785199951e-18,
            -0.03183972139491928,
            -3.3579957704096373e-18,
            -0.30101468434002043,
            -0.19372480628526922,
            6.372117985852691e-18,
            0.0045771017619922125,
            -3.42978279352486e-18,
            -0.10009532800935234,
            -0.11388558044689295,
            3.6108473901096154e-20,
            0.021240308694435717,
            -2.7134600592940167e-20,
            -0.011157346117846818,
            -0.02294832659561783,
            5.001150993718081e-21,
            0.003981959138829223,
            -1.0951773189426036e-20,
            0.0008009396567942891,
            -0.00032804143405160537,
            -9.903190189966144e-21,
            0.0003858884588122966,
            -3.284097657783653e-21,
            0.000904511468617594,
            0.001129573276524742,
            -4.537957158265147e-21,
            -0.0001364759222126416,
            -1.104515640743299e-21
        ],
        [
            2.7582017112765037e-18,
            3.553702340474985e-18,
            -0.006122275017572686,
            8.221791188160124e-19,
            -1.5536994373430225e-33,
            4.416839785636372e-18,
            6.372117985852691e-18,
            1.4679437040931926,
            8.722802479850873e-19,
            -1.7773022262628975e-35,
            6.211593699179242e-18,
            7.560756190538314e-18,
            -0.004319231119892665,
            -1.125454768425468e-18,
            2.455137990499708e-36,
            1.1739218443317347e-18,
            1.417176083884739e-18,
            -6.5759404101493555e-06,
            -7.21744387292208e-19,
            7.861694413857263e-38,
            -3.650529991625303e-18,
            -4.206550400685785e-18,
            2.487042332920497e-06,
            -1.5359057764435026e-19,
            5.510494888110972e-38,
            -2.9651691750916383e-18,
            -3.7358519735147514e-18,
            1.1679395505529673e-08,
            3.563968053649613e-19,
            3.451770669280193e-38
        ],
        [
            0.04330412177186014,
            0.03136433918867439,
            -2.7063588379113836e-18,
            0.04166061624404812,
            8.119239342414924e-19,
            0.0007562810637846279,
            0.0045771017619922125,
            8.722802479850873e-19,
            1.4631574996245735,
            -3.5247958596398206e-19,
            -0.03194842797487355,
            -0.02097645528210927,
            5.3580041386925883e-20,
            0.036721663692371086,
            -2.8543170460564123e-20,
            -0.004099021214513285,
            -0.006279740169689799,
            1.7194718484974128e-21,
            0.0007789194779765853,
            -2.0006825985336714e-21,
            9.17931169186557e-05,
            -0.0003858884588122992,
            -1.234099967693804e-21,
            0.00025061577066849564,
            -2.5102424956353553e-22,
            0.0006208452258432099,
            0.0006984353836769888,
            -4.479032755298187e-22,
            -4.835020648650457e-05,
            -4.705372499647501e-23
        ],
        [
            -1.5444949824500241e-18,
            -1.985404533046238e-18,
            -8.064067542177935e-34,
            -4.380872359052177e-19,
            -0.006122275017572686,
            -2.4048279616682247e-18,
            -3.42978279352486e-18,
            -1.7773022262628975e-35,
            -3.5247958596398206e-19,
            1.4679437040931924,
            -3.3321857162993933e-18,
            -4.198662197411732e-18,
            5.033545057135041e-37,
            4.881665142820247e-19,
            -0.004319231119892666,
            -1.7193060185503684e-18,
            -2.3877442872401847e-18,
            3.967229563829683e-38,
            2.0561107582517213e-19,
            -6.5759404101493555e-06,
            -8.000212169372357e-19,
            -1.1633833845075879e-18,
            3.819831498139258e-38,
            8.617511912269901e-20,
            2.487042332920497e-06,
            -3.960208199547049e-19,
            -5.369854219734376e-19,
            2.5325207887636753e-38,
            5.915213963419746e-20,
            1.1679395505529673e-08
        ],
        [
            -0.0009123927444952225,
            -0.004540339540092866,
            -6.941718513220065e-18,
            -0.0008590834778939926,
            3.6242165326474625e-19,
            -0.04290754496715051,
            -0.10009532800935234,
            6.211593699179242e-18,
            -0.03194842797487355,
            -3.3321857162993933e-18,
            -0.03297858553588906,
            -0.30036860719849645,
            -5.530187722301501e-19,
            -0.0007844809048453776,
            2.595141991388157e-19,
            -0.10209068271077561,
            -0.16044789587564615,
            4.2180276803668033e-22,
            0.04289999472142435,
            4.888472234871816e-22,
            -0.0005975375351984468,
            -0.011157346117846849,
            -1.9272378043871662e-22,
            0.0040990212145132834,
            -1.3467007168698774e-22,
            0.007462096657571321,
            0.008225776976654818,
            -2.5351280338598465e-22,
            -0.0006420199356785448,
            -7.354554648279892e-23
        ],
        [
            -0.011893268140941382,
            -0.023941616493493013,
            -7.664769151626364e-18,
            -0.003959375123105591,
            -4.2696149487226816e-20,
            -0.10011322571912663,
            -0.11388558044689295,
            7.560756190538314e-18,
            -0.02097645528210927,
            -4.198662197411732e-18,
            -0.30036860719849645,
            -0.19238689641074824,
            -4.833052495685592e-19,
            -0.004462719834147971,
            2.252547096657083e-19,
            -0.1604478958756464,
            -0.1719349498414372,
            -1.1801432635671926e-20,
            0.031207982028725392,
            5.116380256678257e-21,
            -0.004068673192991838,
            -0.02294832659561791,
            -1.5445587073555018e-21,
            0.006279740169689806,
            -5.027615908045846e-22,
            0.008136251401000352,
            0.008626084470316616,
            -8.754368821526093e-22,
            -0.000624642666974431,
            -1.816403204480354e-22
        ],
        [
            -4.268978734837385e-20,
            -2.6675874399970484e-20,
            -8.749837676900759e-06,
            -7.644698075952029e-21,
            -3.7644233110621435e-37,
            1.5362744128595807e-19,
            3.6108473901096154e-20,
            -0.004319231119892665,
            5.3580041386925883e-20,
            5.033545057135041e-37,
            -5.530187722301501e-19,
            -4.833052495685592e-19,
            1.465349390280317,
            1.9627773192175027e-19,
            2.9980693741446194e-37,
            1.2474496935896114e-20,
            -3.437258901294824e-20,
            -0.006048663919633229,
            -2.3636716574085404e-21,
            -3.3809290986586415e-41,
            1.1687790032137497e-21,
            2.8024869820271205e-21,
            -6.575940410149468e-06,
            -7.6041363074624175e-22,
            -1.2085940603132355e-42,
            -7.361601062772548e-22,
            -6.851907229489047e-22,
            2.452703143641578e-05,
            4.69154014055674e-24,
            4.4695461193964874e-42
        ],
        [
            0.004270589599420679,
            0.006517907056548543,
            -3.516881521935594e-19,
            0.00077476418063721,
            3.638414236300317e-20,
            0.03205375475688611,
            0.021240308694435717,
            -1.125454768425468e-18,
            0.036721663692371086,
            4.881665142820247e-19,
            -0.0007844809048453776,
            -0.004462719834147971,
            1.9627773192175027e-19,
            1.460627507124397,
            -9.589845736810563e-20,
            -0.04289999472142439,
            -0.031207982028725406,
            -4.048953165732404e-22,
            0.04146633646780379,
            5.683292478181735e-22,
            -0.0009018329576034333,
            -0.003981959138829235,
            2.2803662624567134e-23,
            0.0007789194779765862,
            5.265926933154636e-23,
            0.0006602386363526206,
            0.0006328286043251562,
            -1.9519608202664438e-25,
            -5.3871143862086184e-05,
            1.1908963641891075e-23
        ],
        [
            3.4338866592948126e-21,
            -3.62616970400786e-21,
            4.8910831690224175e-37,
            4.1929269687502374e-22,
            -8.749837676900759e-06,
            -8.089028944630288e-20,
            -2.7134600592940167e-20,
            2.455137990499708e-36,
            -2.8543170460564123e-20,
            -0.004319231119892666,
            2.595141991388157e-19,
            2.252547096657083e-19,
            2.9980693741446194e-37,
            -9.589845736810563e-20,
            1.4653493902803167,
            -3.7278796350019465e-21,
            1.9317564767129992e-20,
            -1.598487732353411e-40,
            2.0703804715946157e-21,
            -0.00604866391963323,
            8.276490029436738e-21,
            9.285166344440139e-21,
            -4.08379952606178e-40,
            1.6147920558322639e-22,
            -6.575940410149468e-06,
            6.153196187951333e-21,
            7.814418734107386e-21,
            -2.9898566530809754e-40,
            -8.24382232324033e-22,
            2.452703143641578e-05
        ],
        [
            0.007462096657571303,
            0.008225776976654792,
            -6.726478138882447e-18,
            0.0006420199356785426,
            -6.874232020433308e-19,
            -0.0005975375351984239,
            -0.011157346117846818,
            1.1739218443317347e-18,
            -0.004099021214513285,
            -1.7193060185503684e-18,
            -0.10209068271077561,
            -0.1604478958756464,
            1.2474496935896114e-20,
            -0.04289999472142439,
            -3.7278796350019465e-21,
            -0.032978585535889726,
            -0.30036860719849623,
            -8.996855857166837e-20,
            0.0007844809048453824,
            4.184636242830145e-20,
            -0.042907544967150726,
            -0.10009532800935253,
            3.883699108861069e-22,
            0.03194842797487368,
            3.273368090226991e-22,
            -0.0009123927444951946,
            -0.0045403395400928324,
            2.0728750520429494e-22,
            0.0008590834778939896,
            5.739016480150371e-23
        ],
        [
            0.008136251401000319,
            0.008626084470316564,
            -8.915716419578188e-18,
            0.0006246426669744256,
            -1.239188457541811e-18,
            -0.004068673192991805,
