{
    "HF": -2.6326368866201975,
    "coordinates": [
        [
            0.0,
            0.0,
            0.0
        ],
        [
            2.4,
            0.0,
            0.0
        ],
        [
            4.8,
            0.0,
            0.0
        ],
        [
            7.2,
            0.0,
            0.0
        ],
        [
            9.6,
            0.0,
            0.0
        ],
        [
            12.0,
            0.0,
            0.0
        ]
    ],
    "elements": [
        "H",
        "H",
        "H",
        "H",
        "H",
        "H"
    ],
    "Enn": 1.9182673895849998,
    "S": [
        [
            0.9999999999999999,
            0.6848602514927513,
            0.0,
            0.0,
            0.0,
            0.006992999248237895,
            0.09200396267659126,
            0.0,
            -0.007855598076560763,
            0.0,
            7.543222672631393e-09,
            0.00023628320842695666,
            0.0,
            -6.33259404970958e-10,
            0.0,
            8.87894273551803e-19,
            1.2240575471459192e-08,
            0.0,
            -4.520296038452451e-22,
            0.0,
            0.0,
            1.2591044050160129e-14,
            0.0,
            0.0,
            0.0,
            0.0,
            2.5313336467149573e-22,
            0.0,
            0.0,
            0.0
        ],
        [
            0.6848602514927513,
            1.0000000000000002,
            0.0,
            0.0,
            0.0,
            0.09200396267659126,
            0.2851530180903721,
            0.0,
            -0.07616026676502623,
            0.0,
            0.00023628320842695666,
            0.006611680979764237,
            0.0,
            -0.00024157559247100808,
            0.0,
            1.2240575471459192e-08,
            1.246527181537145e-05,
            0.0,
            -7.815713795899729e-09,
            0.0,
            1.2591044050160129e-14,
            1.9109422432690576e-09,
            0.0,
            -3.056760786384425e-15,
            0.0,
            2.531333646714975e-22,
            2.382041448582447e-14,
            0.0,
            -1.5242467218354385e-23,
            0.0
        ],
        [
            0.0,
            0.0,
            1.0000000000000004,
            0.0,
            0.0,
            0.0,
            0.0,
            0.0005659795054888335,
            0.0,
            0.0,
            0.0,
            0.0,
            1.0261310316162752e-13,
            0.0,
            0.0,
            0.0,
            0.0,
            5.9594523043907376e-30,
            0.0,
            0.0,
            0.0,
            0.0,
            0.0,
            0.0,
            0.0,
            0.0,
            0.0,
            0.0,
            0.0,
            0.0
        ],
        [
            0.0,
            0.0,
            0.0,
            1.0000000000000004,
            0.0,
            0.007855598076560754,
            0.07616026676502616,
            0.0,
            -0.007897624466384381,
            0.0,
            6.332594049709555e-10,
            0.00024157559247100753,
            0.0,
            -6.035253438383109e-12,
            0.0,
            4.52029603845245e-22,
            7.81571379589975e-09,
            0.0,
            -7.960943205625317e-28,
            0.0,
            0.0,
            3.0567607863844014e-15,
            0.0,
            0.0,
            0.0,
            0.0,
            1.524246721835416e-23,
            0.0,
            0.0,
            0.0
        ],
        [
            0.0,
            0.0,
            0.0,
            0.0,
            1.0000000000000004,
            0.0,
            0.0,
            0.0,
            0.0,
            0.0005659795054888335,
            0.0,
            0.0,
            0.0,
            0.0,
            1.0261310316162752e-13,
            0.0,
            0.0,
            0.0,
            0.0,
            5.9594523043907376e-30,
            0.0,
            0.0,
            0.0,
            0.0,
            0.0,
            0.0,
            0.0,
            0.0,
            0.0,
            0.0
        ],
        [
            0.006992999248237895,
            0.09200396267659126,
            0.0,
            0.007855598076560763,
            0.0,
            0.9999999999999999,
            0.6848602514927513,
            0.0,
            0.0,
            0.0,
            0.006992999248237895,
            0.09200396267659126,
            0.0,
            -0.007855598076560763,
            0.0,
            7.543222672631338e-09,
            0.00023628320842695625,
            0.0,
            -6.332594049709533e-10,
            0.0,
            8.878942735518158e-19,
            1.2240575471459277e-08,
            0.0,
            -4.520296038452513e-22,
            0.0,
            0.0,
            1.2591044050160129e-14,
            0.0,
            0.0,
            0.0
        ],
        [
            0.09200396267659126,
            0.2851530180903721,
            0.0,
            0.07616026676502623,
            0.0,
            0.6848602514927513,
            1.0000000000000002,
            0.0,
            0.0,
            0.0,
            0.09200396267659126,
            0.2851530180903721,
            0.0,
            -0.07616026676502617,
            0.0,
            0.00023628320842695622,
            0.006611680979764226,
            0.0,
            -0.0002415755924710071,
            0.0,
            1.2240575471459277e-08,
            1.2465271815371494e-05,
            0.0,
            -7.815713795899777e-09,
            0.0,
            1.2591044050160129e-14,
            1.9109422432690576e-09,
            0.0,
            -3.056760786384427e-15,
            0.0
        ],
        [
            0.0,
            0.0,
            0.0005659795054888335,
            0.0,
            0.0,
            0.0,
            0.0,
            1.0000000000000004,
            0.0,
            0.0,
            0.0,
            0.0,
            0.0005659795054888335,
            0.0,
            0.0,
            0.0,
            0.0,
            1.0261310316162644e-13,
            0.0,
            0.0,
            0.0,
            0.0,
            5.9594523043908224e-30,
            0.0,
            0.0,
            0.0,
            0.0,
            0.0,
            0.0,
            0.0
        ],
        [
            -0.007855598076560754,
            -0.07616026676502613,
            0.0,
            -0.007897624466384381,
            0.0,
            0.0,
            0.0,
            0.0,
            1.0000000000000004,
            0.0,
            0.007855598076560754,
            0.07616026676502613,
            0.0,
            -0.007897624466384381,
            0.0,
            6.332594049709533e-10,
            0.0002415755924710072,
            0.0,
            -6.0352534383830465e-12,
            0.0,
            4.520296038452513e-22,
            7.81571379589978e-09,
            0.0,
            -7.960943205625429e-28,
            0.0,
            0.0,
            3.0567607863844014e-15,
            0.0,
            0.0,
            0.0
        ],
        [
            0.0,
            0.0,
            0.0,
            0.0,
            0.0005659795054888335,
            0.0,
            0.0,
            0.0,
            0.0,
            1.0000000000000004,
            0.0,
            0.0,
            0.0,
            0.0,
            0.0005659795054888335,
            0.0,
            0.0,
            0.0,
            0.0,
            1.0261310316162644e-13,
            0.0,
            0.0,
            0.0,
            0.0,
            5.9594523043908224e-30,
            0.0,
            0.0,
            0.0,
            0.0,
            0.0
        ],
        [
            7.543222672631393e-09,
            0.00023628320842695666,
            0.0,
            6.33259404970958e-10,
            0.0,
            0.006992999248237895,
            0.09200396267659126,
            0.0,
            0.007855598076560763,
            0.0,
            0.9999999999999999,
            0.6848602514927513,
            0.0,
            0.0,
            0.0,
            0.006992999248237875,
            0.09200396267659111,
            0.0,
            -0.007855598076560728,
            0.0,
            7.543222672631393e-09,
            0.00023628320842695666,
            0.0,
            -6.33259404970958e-10,
            0.0,
            8.87894273551803e-19,
            1.2240575471459192e-08,
            0.0,
            -4.520296038452453e-22,
            0.0
        ],
        [
            0.00023628320842695666,
            0.006611680979764237,
            0.0,
            0.00024157559247100808,
            0.0,
            0.09200396267659126,
            0.2851530180903721,
            0.0,
            0.07616026676502617,
            0.0,
            0.6848602514927513,
            1.0000000000000002,
            0.0,
            0.0,
            0.0,
            0.09200396267659108,
            0.2851530180903717,
            0.0,
            -0.07616026676502602,
            0.0,
            0.00023628320842695666,
            0.006611680979764237,
            0.0,
            -0.0002415755924710079,
            0.0,
            1.2240575471459192e-08,
            1.246527181537145e-05,
            0.0,
            -7.815713795899722e-09,
            0.0
        ],
        [
            0.0,
            0.0,
            1.0261310316162752e-13,
            0.0,
            0.0,
            0.0,
            0.0,
            0.0005659795054888335,
            0.0,
            0.0,
            0.0,
            0.0,
            1.0000000000000004,
            0.0,
            0.0,
            0.0,
            0.0,
            0.0005659795054888299,
            0.0,
            0.0,
            0.0,
            0.0,
            1.0261310316162752e-13,
            0.0,
            0.0,
            0.0,
            0.0,
            5.9594523043907376e-30,
            0.0,
            0.0
        ],
        [
            -6.332594049709555e-10,
            -0.00024157559247100745,
            0.0,
            -6.035253438383109e-12,
            0.0,
            -0.007855598076560754,
            -0.07616026676502613,
            0.0,
            -0.007897624466384381,
            0.0,
            0.0,
            0.0,
            0.0,
            1.0000000000000004,
            0.0,
            0.00785559807656072,
            0.07616026676502599,
            0.0,
            -0.007897624466384338,
            0.0,
            6.332594049709555e-10,
            0.00024157559247100745,
            0.0,
            -6.035253438383109e-12,
            0.0,
            4.52029603845245e-22,
            7.815713795899747e-09,
            0.0,
            -7.960943205625317e-28,
            0.0
        ],
        [
            0.0,
            0.0,
            0.0,
            0.0,
            1.0261310316162752e-13,
            0.0,
            0.0,
            0.0,
            0.0,
            0.0005659795054888335,
            0.0,
            0.0,
            0.0,
            0.0,
            1.0000000000000004,
            0.0,
            0.0,
            0.0,
            0.0,
            0.0005659795054888299,
            0.0,
            0.0,
            0.0,
            0.0,
            1.0261310316162752e-13,
            0.0,
            0.0,
            0.0,
            0.0,
            5.9594523043907376e-30
        ],
        [
            8.87894273551803e-19,
            1.2240575471459192e-08,
            0.0,
            4.520296038452451e-22,
            0.0,
            7.543222672631338e-09,
            0.00023628320842695625,
            0.0,
            6.332594049709534e-10,
            0.0,
            0.006992999248237875,
            0.09200396267659111,
            0.0,
            0.007855598076560728,
            0.0,
            0.9999999999999999,
            0.6848602514927513,
            0.0,
            0.0,
            0.0,
            0.0069929992482379195,
            0.0920039626765914,
            0.0,
            -0.00785559807656079,
            0.0,
            7.543222672631393e-09,
            0.00023628320842695666,
            0.0,
            -6.33259404970958e-10,
            0.0
        ],
        [
            1.2240575471459192e-08,
            1.246527181537145e-05,
            0.0,
            7.815713795899729e-09,
            0.0,
            0.00023628320842695622,
            0.006611680979764226,
            0.0,
            0.00024157559247100726,
            0.0,
            0.09200396267659108,
            0.2851530180903717,
            0.0,
            0.07616026676502602,
            0.0,
            0.6848602514927513,
            1.0000000000000002,
            0.0,
            0.0,
            0.0,
            0.09200396267659143,
            0.28515301809037236,
            0.0,
            -0.07616026676502632,
            0.0,
            0.00023628320842695666,
            0.006611680979764237,
            0.0,
            -0.0002415755924710079,
            0.0
        ],
        [
            0.0,
            0.0,
            5.9594523043907376e-30,
            0.0,
            0.0,
            0.0,
            0.0,
            1.0261310316162644e-13,
            0.0,
            0.0,
            0.0,
            0.0,
            0.0005659795054888299,
            0.0,
            0.0,
            0.0,
            0.0,
            1.0000000000000004,
            0.0,
            0.0,
            0.0,
            0.0,
            0.0005659795054888374,
            0.0,
            0.0,
            0.0,
            0.0,
            1.0261310316162752e-13,
            0.0,
            0.0
        ],
        [
            -4.52029603845245e-22,
            -7.815713795899747e-09,
            0.0,
            -7.960943205625317e-28,
            0.0,
            -6.332594049709533e-10,
            -0.00024157559247100705,
            0.0,
            -6.035253438383047e-12,
            0.0,
            -0.00785559807656072,
            -0.07616026676502599,
            0.0,
            -0.007897624466384338,
            0.0,
            0.0,
            0.0,
            0.0,
            1.0000000000000004,
            0.0,
            0.0078555980765608,
            0.0761602667650263,
            0.0,
            -0.007897624466384428,
            0.0,
            6.332594049709555e-10,
            0.00024157559247100745,
            0.0,
            -6.035253438383107e-12,
            0.0
        ],
        [
            0.0,
            0.0,
            0.0,
            0.0,
            5.9594523043907376e-30,
            0.0,
            0.0,
            0.0,
            0.0,
            1.0261310316162644e-13,
            0.0,
            0.0,
            0.0,
            0.0,
            0.0005659795054888299,
            0.0,
            0.0,
            0.0,
            0.0,
            1.0000000000000004,
            0.0,
            0.0,
            0.0,
            0.0,
            0.0005659795054888374,
            0.0,
            0.0,
            0.0,
            0.0,
            1.0261310316162752e-13
        ],
        [
            0.0,
            1.2591044050160129e-14,
            0.0,
            0.0,
            0.0,
            8.878942735518158e-19,
            1.2240575471459277e-08,
            0.0,
            4.520296038452513e-22,
            0.0,
            7.543222672631393e-09,
            0.00023628320842695666,
            0.0,
            6.33259404970958e-10,
            0.0,
            0.0069929992482379195,
            0.0920039626765914,
            0.0,
            0.00785559807656079,
            0.0,
            0.9999999999999999,
            0.6848602514927513,
            0.0,
            0.0,
            0.0,
            0.006992999248237875,
            0.09200396267659111,
            0.0,
            -0.007855598076560728,
            0.0
        ],
        [
            1.2591044050160129e-14,
            1.9109422432690576e-09,
            0.0,
            3.056760786384425e-15,
            0.0,
            1.2240575471459277e-08,
            1.2465271815371494e-05,
            0.0,
            7.815713795899785e-09,
            0.0,
            0.00023628320842695666,
            0.006611680979764237,
            0.0,
            0.0002415755924710079,
            0.0,
            0.09200396267659143,
            0.28515301809037236,
            0.0,
            0.07616026676502632,
            0.0,
            0.6848602514927513,
            1.0000000000000002,
            0.0,
            0.0,
            0.0,
            0.09200396267659108,
            0.2851530180903717,
            0.0,
            -0.07616026676502602,
            0.0
        ],
        [
            0.0,
            0.0,
            0.0,
            0.0,
            0.0,
            0.0,
            0.0,
            5.9594523043908224e-30,
            0.0,
            0.0,
            0.0,
            0.0,
            1.0261310316162752e-13,
            0.0,
            0.0,
            0.0,
            0.0,
            0.0005659795054888374,
            0.0,
            0.0,
            0.0,
            0.0,
            1.0000000000000004,
            0.0,
            0.0,
            0.0,
            0.0,
            0.0005659795054888299,
            0.0,
            0.0
        ],
        [
            0.0,
            -3.0567607863844003e-15,
            0.0,
            0.0,
            0.0,
            -4.520296038452513e-22,
            -7.815713795899775e-09,
            0.0,
            -7.9609432056254275e-28,
            0.0,
            -6.332594049709555e-10,
            -0.00024157559247100745,
            0.0,
            -6.035253438383109e-12,
            0.0,
            -0.0078555980765608,
            -0.0761602667650263,
            0.0,
            -0.007897624466384428,
            0.0,
            0.0,
            0.0,
            0.0,
            1.0000000000000004,
            0.0,
            0.00785559807656072,
            0.07616026676502599,
            0.0,
            -0.007897624466384338,
            0.0
        ],
        [
            0.0,
            0.0,
            0.0,
            0.0,
            0.0,
            0.0,
            0.0,
            0.0,
            0.0,
            5.9594523043908224e-30,
            0.0,
            0.0,
            0.0,
            0.0,
            1.0261310316162752e-13,
            0.0,
            0.0,
            0.0,
            0.0,
            0.0005659795054888374,
            0.0,
            0.0,
            0.0,
            0.0,
            1.0000000000000004,
            0.0,
            0.0,
            0.0,
            0.0,
            0.0005659795054888299
        ],
        [
            0.0,
            2.5313336467149573e-22,
            0.0,
            0.0,
            0.0,
            0.0,
            1.2591044050160129e-14,
            0.0,
            0.0,
            0.0,
            8.87894273551803e-19,
            1.2240575471459192e-08,
            0.0,
            4.520296038452451e-22,
            0.0,
            7.543222672631393e-09,
            0.00023628320842695666,
            0.0,
            6.33259404970958e-10,
            0.0,
            0.006992999248237875,
            0.09200396267659111,
            0.0,
            0.007855598076560728,
            0.0,
            0.9999999999999999,
            0.6848602514927513,
            0.0,
            0.0,
            0.0
        ],
        [
            2.531333646714975e-22,
            2.382041448582447e-14,
            0.0,
            1.5242467218354385e-23,
            0.0,
            1.2591044050160129e-14,
            1.9109422432690576e-09,
            0.0,
            3.056760786384427e-15,
            0.0,
            1.2240575471459192e-08,
            1.246527181537145e-05,
            0.0,
            7.815713795899729e-09,
            0.0,
            0.00023628320842695666,
            0.006611680979764237,
            0.0,
            0.0002415755924710079,
            0.0,
            0.09200396267659108,
            0.2851530180903717,
            0.0,
            0.07616026676502602,
            0.0,
            0.6848602514927513,
            1.0000000000000002,
            0.0,
            0.0,
            0.0
        ],
        [
            0.0,
            0.0,
            0.0,
            0.0,
            0.0,
            0.0,
            0.0,
            0.0,
            0.0,
            0.0,
            0.0,
            0.0,
            5.9594523043907376e-30,
            0.0,
            0.0,
            0.0,
            0.0,
            1.0261310316162752e-13,
            0.0,
            0.0,
            0.0,
            0.0,
            0.0005659795054888299,
            0.0,
            0.0,
            0.0,
            0.0,
            1.0000000000000004,
            0.0,
            0.0
        ],
        [
            0.0,
            -1.5242467218354153e-23,
            0.0,
            0.0,
            0.0,
            0.0,
            -3.0567607863844003e-15,
            0.0,
            0.0,
            0.0,
            -4.52029603845245e-22,
            -7.815713795899747e-09,
            0.0,
            -7.960943205625317e-28,
            0.0,
            -6.332594049709555e-10,
            -0.00024157559247100745,
            0.0,
            -6.0352534383831095e-12,
            0.0,
            -0.00785559807656072,
            -0.07616026676502599,
            0.0,
            -0.007897624466384338,
            0.0,
            0.0,
            0.0,
            0.0,
            1.0000000000000004,
            0.0
        ],
        [
            0.0,
            0.0,
            0.0,
            0.0,
            0.0,
            0.0,
            0.0,
            0.0,
            0.0,
            0.0,
            0.0,
            0.0,
            0.0,
            0.0,
            5.9594523043907376e-30,
            0.0,
            0.0,
            0.0,
            0.0,
            1.0261310316162752e-13,
            0.0,
            0.0,
            0.0,
            0.0,
            0.0005659795054888299,
            0.0,
            0.0,
            0.0,
            0.0,
            1.0000000000000004
        ]
    ],
    "h": [
        [
            -0.030378074212952022,
            -0.2910323441288032,
            1.4046401958880849e-18,
            -0.003357127059238914,
            2.3146663801044706e-18,
            -0.09634359879702802,
            -0.1520234672330974,
            1.7852298523670167e-19,
            0.035687956872950226,
            -2.3603408793397487e-18,
            -0.0005988555346726429,
            -0.009928176398806618,
            -3.414809473259109e-21,
            0.003505439711405906,
            -3.2613213635468395e-20,
            0.006857174096710411,
            0.007534603532702696,
            -3.468947064031116e-21,
            -0.000556710226355012,
            -6.768649622030807e-21,
            -1.8945958605679924e-05,
            0.0007545731639584441,
            -2.928576481937593e-21,
            -0.0004907174567254987,
            -1.4171703975641274e-21,
            -0.0015022369568483556,
            -0.0016532632180925031,
            -1.3412580210456542e-21,
            7.528065692885093e-05,
            -3.4675327376446373e-22
        ],
        [
            -0.2910323441288032,
            -0.1681361761961233,
            1.6004690282783317e-18,
            -0.008865655239374541,
            2.4081225663751854e-18,
            -0.1522600791355689,
            -0.16485844550350032,
            2.1881888040347463e-19,
            0.03077389411522606,
            -3.0642302339358157e-18,
            -0.0033420738569447084,
            -0.019426215239448638,
            -1.4368802674668753e-21,
            0.005133299691599748,
            -3.6958691106834506e-20,
            0.007599846772439963,
            0.008114111556901817,
            -2.9295738149625554e-21,
            -0.0005492324739371758,
            -6.905544137944592e-21,
            6.982719514224875e-05,
            0.0009437553038105572,
            -2.60845680630707e-21,
            -0.0005532128229145969,
            -1.593940858129134e-21,
            -0.0016532632180925031,
            -0.0018070620424917433,
            -1.2074839872400785e-21,
            7.801381424339944e-05,
            -4.231602133015502e-22
        ],
        [
            1.4046401958880849e-18,
            1.6004690282783317e-18,
            1.4627245202487318,
            1.3140004353829949e-19,
            -1.458816965237815e-33,
            7.6363373701316445e-19,
            8.613087056022056e-19,
            -0.00446193088890702,
            -3.297375593925597e-19,
            -3.186360643136944e-34,
            -1.1530435574096676e-18,
            -1.3633190137784002e-18,
            -5.352108230440193e-06,
            -6.462383865456073e-20,
            -1.1817925832021e-35,
            -1.5475468992419755e-18,
            -2.1478842981913524e-18,
            2.0712764551498233e-05,
            -2.3355072052027792e-20,
            -6.521004202710864e-38,
            -2.122925734771241e-18,
            -2.7170292970287944e-18,
            -2.7989862333507226e-08,
            3.105420594448408e-20,
            1.9067227116032346e-38,
            -1.499387689925717e-18,
            -1.9064035190178113e-18,
            -1.6310816154860883e-06,
            1.6487696638411284e-19,
            2.8616445914621493e-38
        ],
        [
            -0.003357127059238914,
            -0.008865655239374541,
            1.3140004353829949e-19,
            1.4617909255439323,
            1.761239516186463e-19,
            -0.03557606758325649,
            -0.03111373316421972,
            4.9030747417766744e-20,
            0.030509668939971667,
            -5.731865569833697e-19,
            -0.0006660185253855554,
            -0.00301028544098368,
            -7.569562291997974e-22,
            0.0005856807161350812,
            -5.067894474407471e-21,
            0.0005433544296393523,
            0.0005433395956009188,
            -4.1962115425757905e-22,
            -4.499197274447454e-05,
            -8.208355742498685e-22,
            3.6637965994007646e-05,
            0.00010499206309813058,
            -2.61525497093661e-22,
            -3.485531494811335e-05,
            -1.338710621221036e-22,
            -7.528065692884898e-05,
            -7.801381424339706e-05,
            -9.603428622086674e-23,
            3.49391103893356e-06,
            -2.7836797045280815e-23
        ],
        [
            2.3146663801044706e-18,
            2.4081225663751854e-18,
            -1.458816965237815e-33,
            1.761239516186463e-19,
            1.4627245202487316,
            4.774453679425118e-20,
            -9.760122976261268e-20,
            1.0863145743159417e-34,
            -5.005185636323982e-19,
            -0.00446193088890702,
            -3.362318423964632e-18,
            -3.978691071246768e-18,
            -4.314008067462409e-37,
            1.87306889003246e-20,
            -5.352108230440193e-06,
            -2.5913382069545236e-18,
            -3.374209661652239e-18,
            -5.343203119616327e-38,
            2.360974208940553e-19,
            2.0712764551498233e-05,
            -9.557184806509844e-19,
            -1.4409733636066843e-18,
            -4.134341466727346e-39,
            1.2934938434055095e-19,
            -2.7989862333507226e-08,
            -3.777211769187482e-19,
            -5.289372554986255e-19,
            7.210991081481524e-40,
            5.738863768603839e-20,
            -1.6310816154860883e-06
        ],
        [
            -0.09634359879702802,
            -0.1522600791355689,
            7.6363373701316445e-19,
            -0.03557606758325649,
            4.774453679425118e-20,
            -0.030836142000471245,
            -0.29724013216290823,
            2.4262024581035106e-19,
            0.00027728337684221685,
            -3.5611253994709676e-18,
            -0.03583597440601698,
            -0.08950812418791344,
            1.5892871096412225e-20,
            0.025099391461327468,
            -5.1919545015741494e-20,
            -0.0003335924037587208,
            -0.0029458448254183396,
            2.8842648835306224e-21,
            0.0006979118691723567,
            -5.936289711009871e-21,
            0.0006459204371256794,
            0.0007295115179627696,
            1.3298700201016494e-21,
            -8.077844913036378e-05,
            -2.708303105850164e-21,
            -1.8945958605689398e-05,
            6.982719514223793e-05,
            4.815260469197028e-22,
            -3.663796599400464e-05,
            -1.0045754608312309e-21
        ],
        [
            -0.1520234672330974,
            -0.16485844550350032,
            8.613087056022056e-19,
            -0.03111373316421972,
            -9.760122976261268e-20,
            -0.29724013216290823,
            -0.18518003108814662,
            4.0187916817356573e-19,
            0.003783470463013028,
            -4.417231608598642e-18,
            -0.08949361403861852,
            -0.10358058319912661,
            6.394330343176563e-21,
            0.02099188593850275,
            -7.773314300143089e-21,
            -0.009318568369364923,
            -0.018605818565163305,
            2.112321801009844e-21,
            0.003026613678799794,
            -6.394387340325392e-21,
            0.0007295115179627628,
            -0.00011896163281706985,
            9.182440993029722e-22,
            0.00028142081730796214,
            -2.7999297770643167e-21,
            0.0007545731639584358,
            0.0009437553038105462,
            3.017755926197356e-22,
            -0.00010499206309812735,
            -1.0226306839546384e-21
        ],
        [
            1.7852298523670167e-19,
            2.1881888040347463e-19,
            -0.00446193088890702,
            4.9030747417766744e-20,
            1.0863145743159417e-34,
            2.4262024581035106e-19,
            4.0187916817356573e-19,
            1.4664654068102148,
            9.052238486775329e-20,
            1.8120551500942601e-34,
            6.044724340425066e-19,
            7.527706901759044e-19,
            -0.0028285417441055675,
            -6.281415911323078e-20,
            4.074437000605865e-36,
            4.591958423189988e-19,
            6.410591590144285e-19,
            -3.6544443792461053e-06,
            -1.6794217001841903e-20,
            1.8078434282194438e-38,
            4.954001769801593e-19,
            6.408526162606422e-19,
            1.9958674020863016e-06,
            -1.6878089996522443e-20,
            -3.918053752429251e-39,
            3.2390062817761406e-19,
            4.1531723703859087e-19,
            -2.798986233352135e-08,
            -3.8584479826129245e-20,
            -6.047308143068412e-39
        ],
        [
            0.035687956872950226,
            0.03077389411522606,
            -3.297375593925597e-19,
            0.030509668939971667,
            -5.005185636323982e-19,
            0.00027728337684221685,
            0.003783470463013028,
            9.052238486775329e-20,
            1.463214125563505,
            1.7625835911306259e-19,
            -0.025020015032632945,
            -0.02078438971679629,
            3.85084694669089e-21,
            0.02612277730672971,
            -1.0381151648177957e-20,
            -0.0033732459174806648,
            -0.004953542720511704,
            4.1237706724579415e-22,
            0.0005877207331211625,
            -9.85942389926626e-22,
            8.077844913036188e-05,
            -0.0002814208173079614,
            1.5873658585817306e-22,
            0.0001783386718505927,
            -3.1437766663583463e-22,
            0.0004907174567254982,
            0.0005532128229145967,
            4.520155608769439e-23,
            -3.485531494811349e-05,
            -9.409747438297352e-23
        ],
        [
            -2.3603408793397487e-18,
            -3.0642302339358157e-18,
            -3.186360643136944e-34,
            -5.731865569833697e-19,
            -0.00446193088890702,
            -3.5611253994709676e-18,
            -4.417231608598642e-18,
            1.8120551500942601e-34,
            1.7625835911306259e-19,
            1.4664654068102145,
            -1.9268883667428914e-18,
            -2.7406673451856584e-18,
            7.086578576745221e-38,
            3.7875524880294633e-19,
            -0.002828541744105568,
            -1.0115378094214854e-18,
            -1.4608703044665289e-18,
            -5.393966903926056e-39,
            5.665021604260859e-20,
            -3.6544443792461053e-06,
            -1.0336090801090413e-18,
            -1.343247721278952e-18,
            -7.44013210439337e-40,
            3.5597458213617084e-20,
            1.9958674020863016e-06,
            -6.8206363944914155e-19,
            -8.730477260771252e-19,
            1.6114384312439907e-39,
            8.056318031557227e-20,
            -2.798986233352135e-08
        ],
        [
            -0.0005988555346726429,
            -0.0033420738569447084,
            -1.1530435574096676e-18,
            -0.0006660185253855554,
            -3.362318423964632e-18,
            -0.03583597440601698,
            -0.08949361403861852,
            6.044724340425066e-19,
            -0.025020015032632945,
            -1.9268883667428914e-18,
            -0.03189386487777557,
            -0.2967744579899737,
            -5.3967691159982696e-20,
            -0.00032529432671664924,
            2.774278755941673e-19,
            -0.0939103267780173,
            -0.14946609367156843,
            -1.9913719468912792e-21,
            0.035328756882814664,
            2.531166539578222e-22,
            -0.0003335924037587873,
            -0.00931856836936497,
            2.392487511519308e-23,
            0.0033732459174806804,
            -8.242780477987569e-22,
            0.006857174096710405,
            0.007599846772439951,
            1.409443678116755e-23,
            -0.0005433544296393532,
            -3.266065643777559e-22
        ],
        [
            -0.009928176398806618,
            -0.019426215239448638,
            -1.3633190137784002e-18,
            -0.00301028544098368,
            -3.978691071246768e-18,
            -0.08950812418791344,
            -0.10358058319912661,
            7.527706901759044e-19,
            -0.02078438971679629,
            -2.7406673451856584e-18,
            -0.2967744579899737,
            -0.18413438896262657,
            -5.126682214874921e-20,
            -0.0037113545508742035,
            2.535613001534222e-19,
            -0.14946609367156838,
            -0.16222858447221342,
            -2.7671953339193e-21,
            0.03061904528528213,
            2.238834917310347e-21,
            -0.002945844825418404,
            -0.01860581856516335,
            1.7709487391879825e-22,
            0.004953542720511718,
            -1.1182409473040668e-21,
            0.00753460353270269,
            0.00811411155690181,
            7.341572305985213e-23,
            -0.0005433395956009209,
            -4.3843601596522855e-22
        ],
        [
            -3.414809473259109e-21,
            -1.4368802674668753e-21,
            -5.352108230440193e-06,
            -7.569562291997974e-22,
            -4.314008067462409e-37,
            1.5892871096412225e-20,
            6.394330343176563e-21,
            -0.0028285417441055675,
            3.85084694669089e-21,
            7.086578576745221e-38,
            -5.3967691159982696e-20,
            -5.126682214874921e-20,
            1.464045881802878,
            9.865440402660174e-21,
            -1.3643023379344687e-37,
            -1.185319064854271e-20,
            -1.7702770403027753e-20,
            -0.00440073024719417,
            3.104653886077756e-21,
            1.850399278514799e-40,
            1.7903789388529634e-21,
            8.733837237565595e-22,
            -3.6544443792464233e-06,
            4.779516423496455e-22,
            -2.2464103894880114e-41,
            2.3205423575714473e-21,
            2.775239328481899e-21,
            2.071276455149821e-05,
            -2.3945293888430148e-22,
            -3.65610923602742e-41
        ],
        [
            0.003505439711405906,
            0.005133299691599748,
            -6.462383865456073e-20,
            0.0005856807161350812,
            1.87306889003246e-20,
            0.025099391461327468,
            0.02099188593850275,
            -6.281415911323078e-20,
            0.02612277730672971,
            3.7875524880294633e-19,
            -0.00032529432671664924,
            -0.0037113545508742035,
            9.865440402660174e-21,
            1.4608414635041032,
            -8.387947062374489e-20,
            -0.03532875688281466,
            -0.030619045285282073,
            -5.881935114925713e-22,
            0.0303514661243668,
            1.4383430433987797e-22,
            -0.0006979118691723712,
            -0.0030266136787998046,
            -1.3889178569140818e-23,
            0.0005877207331211648,
            -1.1800996090491286e-22,
            0.0005567102263550085,
            0.0005492324739371711,
            -2.089779130742448e-24,
            -4.499197274447466e-05,
            -2.739338271162963e-23
        ],
        [
            -3.2613213635468395e-20,
            -3.6958691106834506e-20,
            -1.1817925832021e-35,
            -5.067894474407471e-21,
            -5.352108230440193e-06,
            -5.1919545015741494e-20,
            -7.773314300143089e-21,
            4.074437000605865e-36,
            -1.0381151648177957e-20,
            -0.002828541744105568,
            2.774278755941673e-19,
            2.535613001534222e-19,
            -1.3643023379344687e-37,
            -8.387947062374489e-20,
            1.4640458818028779,
            -1.6294934140131814e-20,
            -1.2875864398499402e-20,
            8.008672213533403e-40,
            -1.5022472298511645e-20,
            -0.00440073024719417,
            -1.261402857527079e-19,
            -1.500882213840491e-19,
            -3.885926567915572e-40,
            2.2270208222644145e-21,
            -3.6544443792464233e-06,
            -8.558331206427905e-20,
            -1.088803342142276e-19,
            9.403596239471723e-41,
            1.0775735289070509e-20,
            2.071276455149821e-05
        ],
        [
            0.006857174096710411,
            0.007599846772439963,
            -1.5475468992419755e-18,
            0.0005433544296393523,
            -2.5913382069545236e-18,
            -0.0003335924037587208,
            -0.009318568369364923,
            4.591958423189988e-19,
            -0.0033732459174806648,
            -1.0115378094214854e-18,
            -0.0939103267780173,
            -0.14946609367156838,
            -1.185319064854271e-20,
            -0.03532875688281466,
            -1.6294934140131814e-20,
            -0.031893864877775346,
            -0.2967744579899734,
            -8.220538476313118e-21,
            0.0003252943267165777,
            2.111644058636011e-20,
            -0.035835974406017004,
            -0.08949361403861845,
            -1.3649673719507163e-22,
            0.025020015032633004,
            6.631253522702536e-23,
            -0.0005988555346726155,
            -0.0033420738569446733,
            1.0313261901228484e-23,
            0.0006660185253855435,
            4.987635274431855e-23
        ],
        [
            0.007534603532702696,
            0.008114111556901817,
            -2.1478842981913524e-18,
            0.0005433395956009188,
            -3.374209661652239e-18,
            -0.0029458448254183396,
