{
    "HF": -2.6028243493406467,
    "coordinates": [
        [
            0.0,
            0.0,
            0.0
        ],
        [
            2.5,
            0.0,
            0.0
        ],
        [
            5.0,
            0.0,
            0.0
        ],
        [
            7.5,
            0.0,
            0.0
        ],
        [
            10.0,
            0.0,
            0.0
        ],
        [
            12.5,
            0.0,
            0.0
        ]
    ],
    "elements": [
        "H",
        "H",
        "H",
        "H",
        "H",
        "H"
    ],
    "Enn": 1.8415366940016002,
    "S": [
        [
            0.9999999999999999,
            0.6848602514927513,
            0.0,
            0.0,
            0.0,
            0.004716847710724805,
            0.0776072627232295,
            0.0,
            -0.005044871818273723,
            0.0,
            1.5915455173982203e-09,
            0.00012051003204405506,
            0.0,
            -9.565230096732805e-11,
            0.0,
            2.678881018741977e-20,
            2.7079602106464306e-09,
            0.0,
            -6.1095877852531855e-24,
            0.0,
            0.0,
            8.630299441591075e-16,
            0.0,
            0.0,
            0.0,
            0.0,
            3.842426029573356e-24,
            0.0,
            0.0,
            0.0
        ],
        [
            0.6848602514927513,
            1.0000000000000002,
            0.0,
            0.0,
            0.0,
            0.07760726272322953,
            0.2562841562163607,
            0.0,
            -0.06607960362631497,
            0.0,
            0.00012051003204405526,
            0.004314068470509504,
            0.0,
            -0.00012112189114674744,
            0.0,
            2.7079602106464306e-09,
            4.769752297084553e-06,
            0.0,
            -1.5710473186446943e-09,
            0.0,
            8.630299441591137e-16,
            3.4637627292246816e-10,
            0.0,
            -1.709045053177079e-16,
            0.0,
            3.842426029573356e-24,
            1.6521290234275254e-15,
            0.0,
            -1.6445200742865649e-25,
            0.0
        ],
        [
            0.0,
            0.0,
            1.0000000000000004,
            0.0,
            0.0,
            0.0,
            0.0,
            0.0002996148021222655,
            0.0,
            0.0,
            0.0,
            0.0,
            8.058478684439795e-15,
            0.0,
            0.0,
            0.0,
            0.0,
            0.0,
            0.0,
            0.0,
            0.0,
            0.0,
            0.0,
            0.0,
            0.0,
            0.0,
            0.0,
            0.0,
            0.0,
            0.0
        ],
        [
            0.0,
            0.0,
            0.0,
            1.0000000000000004,
            0.0,
            0.005044871818273727,
            0.06607960362631501,
            0.0,
            -0.004561942707929979,
            0.0,
            9.565230096732835e-11,
            0.00012112189114674745,
            0.0,
            -5.149698535666101e-13,
            0.0,
            6.109587785253185e-24,
            1.571047318644694e-09,
            0.0,
            0.0,
            0.0,
            0.0,
            1.7090450531770794e-16,
            0.0,
            0.0,
            0.0,
            0.0,
            1.6445200742865649e-25,
            0.0,
            0.0,
            0.0
        ],
        [
            0.0,
            0.0,
            0.0,
            0.0,
            1.0000000000000004,
            0.0,
            0.0,
            0.0,
            0.0,
            0.0002996148021222655,
            0.0,
            0.0,
            0.0,
            0.0,
            8.058478684439795e-15,
            0.0,
            0.0,
            0.0,
            0.0,
            0.0,
            0.0,
            0.0,
            0.0,
            0.0,
            0.0,
            0.0,
            0.0,
            0.0,
            0.0,
            0.0
        ],
        [
            0.004716847710724805,
            0.0776072627232295,
            0.0,
            0.005044871818273723,
            0.0,
            0.9999999999999999,
            0.6848602514927513,
            0.0,
            0.0,
            0.0,
            0.004716847710724805,
            0.0776072627232295,
            0.0,
            -0.005044871818273723,
            0.0,
            1.5915455173982203e-09,
            0.00012051003204405506,
            0.0,
            -9.565230096732805e-11,
            0.0,
            2.678881018741977e-20,
            2.7079602106464306e-09,
            0.0,
            -6.1095877852531855e-24,
            0.0,
            0.0,
            8.630299441591075e-16,
            0.0,
            0.0,
            0.0
        ],
        [
            0.07760726272322953,
            0.2562841562163607,
            0.0,
            0.06607960362631497,
            0.0,
            0.6848602514927513,
            1.0000000000000002,
            0.0,
            0.0,
            0.0,
            0.07760726272322953,
            0.2562841562163607,
            0.0,
            -0.06607960362631507,
            0.0,
            0.00012051003204405526,
            0.004314068470509504,
            0.0,
            -0.00012112189114674744,
            0.0,
            2.7079602106464306e-09,
            4.769752297084553e-06,
            0.0,
            -1.571047318644693e-09,
            0.0,
            8.630299441591137e-16,
            3.4637627292246816e-10,
            0.0,
            -1.7090450531770767e-16,
            0.0
        ],
        [
            0.0,
            0.0,
            0.0002996148021222655,
            0.0,
            0.0,
            0.0,
            0.0,
            1.0000000000000004,
            0.0,
            0.0,
            0.0,
            0.0,
            0.0002996148021222655,
            0.0,
            0.0,
            0.0,
            0.0,
            8.058478684439795e-15,
            0.0,
            0.0,
            0.0,
            0.0,
            0.0,
            0.0,
            0.0,
            0.0,
            0.0,
            0.0,
            0.0,
            0.0
        ],
        [
            -0.005044871818273727,
            -0.06607960362631497,
            0.0,
            -0.004561942707929979,
            0.0,
            0.0,
            0.0,
            0.0,
            1.0000000000000004,
            0.0,
            0.0050448718182737285,
            0.06607960362631497,
            0.0,
            -0.004561942707929979,
            0.0,
            9.565230096732832e-11,
            0.00012112189114674748,
            0.0,
            -5.149698535666101e-13,
            0.0,
            6.1095877852531855e-24,
            1.571047318644694e-09,
            0.0,
            0.0,
            0.0,
            0.0,
            1.7090450531770796e-16,
            0.0,
            0.0,
            0.0
        ],
        [
            0.0,
            0.0,
            0.0,
            0.0,
            0.0002996148021222655,
            0.0,
            0.0,
            0.0,
            0.0,
            1.0000000000000004,
            0.0,
            0.0,
            0.0,
            0.0,
            0.0002996148021222655,
            0.0,
            0.0,
            0.0,
            0.0,
            8.058478684439795e-15,
            0.0,
            0.0,
            0.0,
            0.0,
            0.0,
            0.0,
            0.0,
            0.0,
            0.0,
            0.0
        ],
        [
            1.5915455173982203e-09,
            0.00012051003204405506,
            0.0,
            9.565230096732805e-11,
            0.0,
            0.004716847710724805,
            0.0776072627232295,
            0.0,
            0.005044871818273723,
            0.0,
            0.9999999999999999,
            0.6848602514927513,
            0.0,
            0.0,
            0.0,
            0.004716847710724805,
            0.0776072627232295,
            0.0,
            -0.005044871818273723,
            0.0,
            1.5915455173982203e-09,
            0.00012051003204405506,
            0.0,
            -9.565230096732805e-11,
            0.0,
            2.678881018741996e-20,
            2.707960210646449e-09,
            0.0,
            -6.109587785253314e-24,
            0.0
        ],
        [
            0.00012051003204405526,
            0.004314068470509504,
            0.0,
            0.00012112189114674744,
            0.0,
            0.07760726272322953,
            0.2562841562163607,
            0.0,
            0.06607960362631497,
            0.0,
            0.6848602514927513,
            1.0000000000000002,
            0.0,
            0.0,
            0.0,
            0.07760726272322953,
            0.2562841562163607,
            0.0,
            -0.06607960362631489,
            0.0,
            0.00012051003204405526,
            0.004314068470509504,
            0.0,
            -0.00012112189114674759,
            0.0,
            2.707960210646449e-09,
            4.769752297084569e-06,
            0.0,
            -1.5710473186447044e-09,
            0.0
        ],
        [
            0.0,
            0.0,
            8.058478684439795e-15,
            0.0,
            0.0,
            0.0,
            0.0,
            0.0002996148021222655,
            0.0,
            0.0,
            0.0,
            0.0,
            1.0000000000000004,
            0.0,
            0.0,
            0.0,
            0.0,
            0.0002996148021222655,
            0.0,
            0.0,
            0.0,
            0.0,
            8.058478684439795e-15,
            0.0,
            0.0,
            0.0,
            0.0,
            0.0,
            0.0,
            0.0
        ],
        [
            -9.565230096732835e-11,
            -0.0001211218911467474,
            0.0,
            -5.149698535666101e-13,
            0.0,
            -0.0050448718182737285,
            -0.06607960362631507,
            0.0,
            -0.004561942707929979,
            0.0,
            0.0,
            0.0,
            0.0,
            1.0000000000000004,
            0.0,
            0.0050448718182737285,
            0.06607960362631507,
            0.0,
            -0.004561942707929978,
            0.0,
            9.565230096732837e-11,
            0.0001211218911467474,
            0.0,
            -5.149698535666101e-13,
            0.0,
            6.109587785253314e-24,
            1.5710473186447052e-09,
            0.0,
            0.0,
            0.0
        ],
        [
            0.0,
            0.0,
            0.0,
            0.0,
            8.058478684439795e-15,
            0.0,
            0.0,
            0.0,
            0.0,
            0.0002996148021222655,
            0.0,
            0.0,
            0.0,
            0.0,
            1.0000000000000004,
            0.0,
            0.0,
            0.0,
            0.0,
            0.0002996148021222655,
            0.0,
            0.0,
            0.0,
            0.0,
            8.058478684439795e-15,
            0.0,
            0.0,
            0.0,
            0.0,
            0.0
        ],
        [
            2.678881018741977e-20,
            2.7079602106464306e-09,
            0.0,
            6.1095877852531855e-24,
            0.0,
            1.5915455173982203e-09,
            0.00012051003204405506,
            0.0,
            9.565230096732805e-11,
            0.0,
            0.004716847710724805,
            0.0776072627232295,
            0.0,
            0.005044871818273723,
            0.0,
            0.9999999999999999,
            0.6848602514927513,
            0.0,
            0.0,
            0.0,
            0.004716847710724805,
            0.0776072627232295,
            0.0,
            -0.0050448718182737285,
            0.0,
            1.5915455173982312e-09,
            0.0001205100320440557,
            0.0,
            -9.565230096732973e-11,
            0.0
        ],
        [
            2.7079602106464306e-09,
            4.769752297084553e-06,
            0.0,
            1.5710473186446943e-09,
            0.0,
            0.00012051003204405526,
            0.004314068470509504,
            0.0,
            0.00012112189114674744,
            0.0,
            0.07760726272322953,
            0.2562841562163607,
            0.0,
            0.06607960362631507,
            0.0,
            0.6848602514927513,
            1.0000000000000002,
            0.0,
            0.0,
            0.0,
            0.07760726272322953,
            0.2562841562163607,
            0.0,
            -0.06607960362631507,
            0.0,
            0.0001205100320440557,
            0.004314068470509516,
            0.0,
            -0.00012112189114674823,
            0.0
        ],
        [
            0.0,
            0.0,
            0.0,
            0.0,
            0.0,
            0.0,
            0.0,
            8.058478684439795e-15,
            0.0,
            0.0,
            0.0,
            0.0,
            0.0002996148021222655,
            0.0,
            0.0,
            0.0,
            0.0,
            1.0000000000000004,
            0.0,
            0.0,
            0.0,
            0.0,
            0.0002996148021222655,
            0.0,
            0.0,
            0.0,
            0.0,
            8.05847868443991e-15,
            0.0,
            0.0
        ],
        [
            -6.1095877852531855e-24,
            -1.571047318644694e-09,
            0.0,
            0.0,
            0.0,
            -9.565230096732832e-11,
            -0.0001211218911467474,
            0.0,
            -5.149698535666101e-13,
            0.0,
            -0.0050448718182737285,
            -0.06607960362631507,
            0.0,
            -0.004561942707929978,
            0.0,
            0.0,
            0.0,
            0.0,
            1.0000000000000004,
            0.0,
            0.0050448718182737285,
            0.06607960362631507,
            0.0,
            -0.004561942707929978,
            0.0,
            9.565230096732968e-11,
            0.00012112189114674785,
            0.0,
            -5.149698535666171e-13,
            0.0
        ],
        [
            0.0,
            0.0,
            0.0,
            0.0,
            0.0,
            0.0,
            0.0,
            0.0,
            0.0,
            8.058478684439795e-15,
            0.0,
            0.0,
            0.0,
            0.0,
            0.0002996148021222655,
            0.0,
            0.0,
            0.0,
            0.0,
            1.0000000000000004,
            0.0,
            0.0,
            0.0,
            0.0,
            0.0002996148021222655,
            0.0,
            0.0,
            0.0,
            0.0,
            8.05847868443991e-15
        ],
        [
            0.0,
            8.630299441591075e-16,
            0.0,
            0.0,
            0.0,
            2.678881018741977e-20,
            2.7079602106464306e-09,
            0.0,
            6.1095877852531855e-24,
            0.0,
            1.5915455173982203e-09,
            0.00012051003204405506,
            0.0,
            9.565230096732805e-11,
            0.0,
            0.004716847710724805,
            0.0776072627232295,
            0.0,
            0.005044871818273723,
            0.0,
            0.9999999999999999,
            0.6848602514927513,
            0.0,
            0.0,
            0.0,
            0.004716847710724823,
            0.07760726272322967,
            0.0,
            -0.00504487181827375,
            0.0
        ],
        [
            8.630299441591137e-16,
            3.4637627292246816e-10,
            0.0,
            1.709045053177079e-16,
            0.0,
            2.7079602106464306e-09,
            4.769752297084553e-06,
            0.0,
            1.5710473186446943e-09,
            0.0,
            0.00012051003204405526,
            0.004314068470509504,
            0.0,
            0.00012112189114674744,
            0.0,
            0.07760726272322953,
            0.2562841562163607,
            0.0,
            0.06607960362631489,
            0.0,
            0.6848602514927513,
            1.0000000000000002,
            0.0,
            0.0,
            0.0,
            0.07760726272322967,
            0.2562841562163609,
            0.0,
            -0.06607960362631522,
            0.0
        ],
        [
            0.0,
            0.0,
            0.0,
            0.0,
            0.0,
            0.0,
            0.0,
            0.0,
            0.0,
            0.0,
            0.0,
            0.0,
            8.058478684439795e-15,
            0.0,
            0.0,
            0.0,
            0.0,
            0.0002996148021222655,
            0.0,
            0.0,
            0.0,
            0.0,
            1.0000000000000004,
            0.0,
            0.0,
            0.0,
            0.0,
            0.0002996148021222676,
            0.0,
            0.0
        ],
        [
            0.0,
            -1.7090450531770787e-16,
            0.0,
            0.0,
            0.0,
            -6.109587785253183e-24,
            -1.5710473186446928e-09,
            0.0,
            0.0,
            0.0,
            -9.565230096732837e-11,
            -0.00012112189114674756,
            0.0,
            -5.149698535666101e-13,
            0.0,
            -0.005044871818273723,
            -0.06607960362631507,
            0.0,
            -0.004561942707929978,
            0.0,
            0.0,
            0.0,
            0.0,
            1.0000000000000004,
            0.0,
            0.00504487181827375,
            0.06607960362631522,
            0.0,
            -0.0045619427079300065,
            0.0
        ],
        [
            0.0,
            0.0,
            0.0,
            0.0,
            0.0,
            0.0,
            0.0,
            0.0,
            0.0,
            0.0,
            0.0,
            0.0,
            0.0,
            0.0,
            8.058478684439795e-15,
            0.0,
            0.0,
            0.0,
            0.0,
            0.0002996148021222655,
            0.0,
            0.0,
            0.0,
            0.0,
            1.0000000000000004,
            0.0,
            0.0,
            0.0,
            0.0,
            0.0002996148021222676
        ],
        [
            0.0,
            3.842426029573356e-24,
            0.0,
            0.0,
            0.0,
            0.0,
            8.630299441591075e-16,
            0.0,
            0.0,
            0.0,
            2.678881018741996e-20,
            2.707960210646449e-09,
            0.0,
            6.109587785253314e-24,
            0.0,
            1.5915455173982312e-09,
            0.0001205100320440557,
            0.0,
            9.565230096732968e-11,
            0.0,
            0.004716847710724823,
            0.07760726272322967,
            0.0,
            0.00504487181827375,
            0.0,
            0.9999999999999999,
            0.6848602514927513,
            0.0,
            0.0,
            0.0
        ],
        [
            3.842426029573356e-24,
            1.6521290234275254e-15,
            0.0,
            1.6445200742865649e-25,
            0.0,
            8.630299441591137e-16,
            3.4637627292246816e-10,
            0.0,
            1.709045053177078e-16,
            0.0,
            2.707960210646449e-09,
            4.769752297084569e-06,
            0.0,
            1.5710473186447056e-09,
            0.0,
            0.0001205100320440557,
            0.004314068470509516,
            0.0,
            0.00012112189114674806,
            0.0,
            0.07760726272322967,
            0.2562841562163609,
            0.0,
            0.06607960362631522,
            0.0,
            0.6848602514927513,
            1.0000000000000002,
            0.0,
            0.0,
            0.0
        ],
        [
            0.0,
            0.0,
            0.0,
            0.0,
            0.0,
            0.0,
            0.0,
            0.0,
            0.0,
            0.0,
            0.0,
            0.0,
            0.0,
            0.0,
            0.0,
            0.0,
            0.0,
            8.05847868443991e-15,
            0.0,
            0.0,
            0.0,
            0.0,
            0.0002996148021222676,
            0.0,
            0.0,
            0.0,
            0.0,
            1.0000000000000004,
            0.0,
            0.0
        ],
        [
            0.0,
            -1.6445200742865646e-25,
            0.0,
            0.0,
            0.0,
            0.0,
            -1.7090450531770787e-16,
            0.0,
            0.0,
            0.0,
            -6.109587785253314e-24,
            -1.5710473186447038e-09,
            0.0,
            0.0,
            0.0,
            -9.565230096732973e-11,
            -0.000121121891146748,
            0.0,
            -5.149698535666172e-13,
            0.0,
            -0.00504487181827375,
            -0.06607960362631522,
            0.0,
            -0.0045619427079300065,
            0.0,
            0.0,
            0.0,
            0.0,
            1.0000000000000004,
            0.0
        ],
        [
            0.0,
            0.0,
            0.0,
            0.0,
            0.0,
            0.0,
            0.0,
            0.0,
            0.0,
            0.0,
            0.0,
            0.0,
            0.0,
            0.0,
            0.0,
            0.0,
            0.0,
            0.0,
            0.0,
            8.05847868443991e-15,
            0.0,
            0.0,
            0.0,
            0.0,
            0.0002996148021222676,
            0.0,
            0.0,
            0.0,
            0.0,
            1.0000000000000004
        ]
    ],
    "h": [
        [
            -0.03015196442796597,
            -0.28908721603894794,
            -2.9361867465366107e-18,
            -0.002282903925729815,
            -2.2962313193334702e-18,
            -0.08924497189095973,
            -0.14157920144075858,
            -4.804828560454948e-18,
            0.029357270116768454,
            -1.574369045881217e-18,
            -0.0003560447784283342,
            -0.008340065133772107,
            -2.1513540357972452e-20,
            0.0028791889479377487,
            -7.150137582235063e-20,
            0.00630580383439469,
            0.006958712580048275,
            -6.264367413044617e-21,
            -0.00047014378396575875,
            2.4440467045034155e-21,
            -3.1366946444343705e-05,
            0.0006278562442795677,
            -1.6484258911651152e-21,
            -0.00038672985876246234,
            -5.567821311985538e-22,
            -0.0013188272823319036,
            -0.001453523028370749,
            -4.9609363412738665e-22,
            6.041747576911333e-05,
            -4.095444278159291e-22
        ],
        [
            -0.28908721603894794,
            -0.163624421263332,
            -3.739161477167333e-18,
            -0.007111672933064875,
            -2.6015840488241447e-18,
            -0.14172452325375973,
            -0.15550939326179708,
            -5.9469149021151205e-18,
            0.02995717291980121,
            -1.995752605048696e-18,
            -0.002455365870746891,
            -0.01575290549431018,
            -1.9610920540032936e-20,
            0.004066645700851718,
            -1.0063083957780257e-19,
            0.007006451753777005,
            0.007564901829714166,
            -5.8712515255981044e-21,
            -0.00047368882431250025,
            2.4420162245769788e-21,
            3.8410365796855324e-05,
            0.0007842024324003605,
            -1.959469107205944e-21,
            -0.0004360237034114124,
            -3.0230856452856294e-22,
            -0.0014535230283707564,
            -0.0015927823485279915,
            -6.439322723034114e-22,
            6.317637273539075e-05,
            -2.8878337653792646e-22
        ],
        [
            -2.9361867465366107e-18,
            -3.739161477167333e-18,
            1.4618497874466463,
            -3.6785985945412106e-19,
            2.513017766745653e-34,
            -4.192257380685631e-18,
            -5.462050277673563e-18,
            -0.003316939220641653,
            4.76990920026989e-19,
            1.1881756038517087e-34,
            -3.744258780702065e-18,
            -4.8309330383679e-18,
            -3.0290014161922678e-06,
            1.9148691707901014e-19,
            2.1946714291542853e-35,
            -2.5893508914348983e-18,
            -3.4177916104912456e-18,
            1.7564267038882553e-05,
            2.035479311918319e-19,
            1.500420534125346e-37,
            -1.2900996451271356e-18,
            -1.8128095055212087e-18,
            -4.9013241543327204e-08,
            1.0419708249563452e-19,
            4.169354125493383e-38,
            -6.909379341234815e-19,
            -9.016645898743382e-19,
            -1.3207438012913083e-06,
            7.896165400336098e-20,
            2.064366197516844e-38
        ],
        [
            -0.002282903925729815,
            -0.007111672933064875,
            -3.6785985945412106e-19,
            1.461457620098842,
            -1.2969127723531886e-19,
            -0.029260010768950476,
            -0.03019903872082398,
            -1.0461625524648884e-18,
            0.02176815537277052,
            -3.6221754919270744e-19,
            -0.0005182155712867144,
            -0.002310780774189532,
            -3.594854770225043e-21,
            0.00044409038532694555,
            -1.1310368150474243e-20,
            0.0004606899033422964,
            0.00046972563518041504,
            -7.164518465174489e-22,
            -3.753119540054648e-05,
            2.7142653440561993e-22,
            2.7347569394101978e-05,
            8.054315391042732e-05,
            -1.4927156507024574e-22,
            -2.5079179497377724e-05,
            -4.901124728897705e-23,
            -6.041747576911563e-05,
            -6.31763727353929e-05,
            -3.8780930823824727e-23,
            2.773132833739641e-06,
            -2.8837694482456596e-23
        ],
        [
            -2.2962313193334702e-18,
            -2.6015840488241447e-18,
            2.513017766745653e-34,
            -1.2969127723531886e-19,
            1.461849787446646,
            -1.1891295487900537e-18,
            -1.3974570679332267e-18,
            -2.7930198984180476e-34,
            4.61833843697054e-19,
            -0.003316939220641653,
            1.4347356493020482e-18,
            1.5496672858778432e-18,
            -5.435198905152016e-37,
            6.333737440834423e-21,
            -3.0290014161922678e-06,
            9.214796156842328e-19,
            1.1039539923460106e-18,
            -4.593161375130579e-38,
            -1.4431807722234934e-19,
            1.7564267038882553e-05,
            -4.423414166009035e-19,
            -4.286951509483854e-19,
            2.9527741349709853e-38,
            -5.939599976318864e-20,
            -4.9013241543327204e-08,
            -5.0547187774198015e-19,
            -6.066871336997226e-19,
            3.9410695286585444e-38,
            4.073912424645474e-20,
            -1.3207438012913083e-06
        ],
        [
            -0.08924497189095973,
            -0.14172452325375973,
            -4.192257380685631e-18,
            -0.029260010768950476,
            -1.1891295487900537e-18,
            -0.03014589037936588,
            -0.2940810727508053,
            -5.346709703501904e-18,
            -6.703000455513149e-05,
            -2.1130173157977656e-18,
            -0.030018026491788842,
            -0.07974238263473019,
            1.5804773761396085e-20,
            0.019392594518741875,
            -2.1920967331100493e-19,
            -0.00013289430052988596,
            -0.0021237122968891364,
            6.713246856167593e-22,
            0.000541777218360753,
            1.4376623376010176e-21,
            0.0005642760462366451,
            0.0006566421236635809,
            -5.366783824076646e-21,
            -6.964060249831459e-05,
            2.809196618887081e-21,
            -3.136694644435697e-05,
            3.84103657968483e-05,
            -2.3821444746608056e-21,
            -2.7347569394103763e-05,
            1.16541850982698e-21
        ],
        [
            -0.14157920144075858,
            -0.15550939326179708,
            -5.462050277673563e-18,
            -0.03019903872082398,
            -1.3974570679332267e-18,
            -0.2940810727508053,
            -0.1777046588841663,
            -6.1902485862377994e-18,
            0.0031257617521416436,
            -2.5951788139845726e-18,
            -0.07973053888144768,
            -0.09407424365692912,
            6.605360286519797e-20,
            0.020503381086990638,
            -2.4850640093503224e-19,
            -0.007837690772945893,
            -0.015079297168032964,
            2.4010229290543787e-22,
            0.002321908016136123,
            1.509197496864605e-21,
            0.0006566421236635806,
            1.499128722886439e-05,
            -5.245624971542366e-21,
            0.00020456162430746374,
            2.7116537696218743e-21,
            0.0006278562442795583,
            0.0007842024324003583,
            -2.339367523529108e-21,
            -8.054315391042992e-05,
            1.0895296855620308e-21
        ],
        [
            -4.804828560454948e-18,
            -5.9469149021151205e-18,
            -0.003316939220641653,
            -1.0461625524648884e-18,
            -2.7930198984180476e-34,
            -5.346709703501904e-18,
            -6.1902485862377994e-18,
            1.465195142266376,
            6.972864608479369e-19,
            5.9399161932719105e-34,
            6.932892124008669e-19,
            -5.58629927555496e-20,
            -0.0018362626675434994,
            1.9340878514213517e-19,
            7.198584820455866e-35,
            9.42489431636906e-20,
            -1.4013410922552782e-19,
            -1.70217844938593e-06,
            -2.2092095808974634e-19,
            4.578235502158282e-37,
            -2.2989941579148317e-18,
            -2.7132161784486516e-18,
            1.60567107644321e-06,
            -2.953574818749828e-20,
            1.0432604260503539e-37,
            -1.8074197364165533e-18,
            -2.2424971661255995e-18,
            -4.901324154334237e-08,
            1.8016019371541013e-19,
            4.86855884802602e-38
        ],
        [
            0.029357270116768454,
            0.02995717291980121,
            4.76990920026989e-19,
            0.02176815537277052,
            4.61833843697054e-19,
            -6.703000455513149e-05,
            0.0031257617521416436,
            6.972864608479369e-19,
            1.4630802366353222,
            7.092164765531501e-20,
            -0.019333396745285364,
            -0.020342161681443968,
            7.499340069296528e-21,
            0.017891447683720595,
            -3.655309342527993e-20,
            -0.0027780853098586197,
            -0.003931626494167444,
            2.390959028373208e-22,
            0.0004447759751613353,
            1.4073574468142333e-22,
            6.964060249831516e-05,
            -0.00020456162430746127,
            -6.305437942493841e-22,
            0.00012641516550377944,
            3.1461581641520473e-22,
            0.0003867298587624637,
            0.00043602370341141344,
            -2.321013452141598e-22,
            -2.5079179497377768e-05,
            9.60053756899594e-23
        ],
        [
            -1.574369045881217e-18,
            -1.995752605048696e-18,
            1.1881756038517087e-34,
            -3.6221754919270744e-19,
            -0.003316939220641653,
            -2.1130173157977656e-18,
            -2.5951788139845726e-18,
            5.9399161932719105e-34,
            7.092164765531501e-20,
            1.4651951422663758,
            -7.183952994568106e-19,
            -1.0646338493737138e-18,
            1.1163603637753551e-36,
            2.361342173689527e-19,
            -0.0018362626675434994,
            2.943680746273543e-19,
            4.3129263711454714e-19,
            4.228360210322209e-38,
            9.037819095656876e-20,
            -1.70217844938593e-06,
            1.234972784355522e-18,
            1.4934593296503895e-18,
            -6.539961871897576e-38,
            -4.1720454654406826e-21,
            1.60567107644321e-06,
            9.048190779153241e-19,
            1.1320401870407098e-18,
            -7.523916478966068e-38,
            -9.338350670324007e-20,
            -4.901324154334237e-08
        ],
        [
            -0.0003560447784283342,
            -0.002455365870746891,
            -3.744258780702065e-18,
            -0.0005182155712867144,
            1.4347356493020482e-18,
            -0.030018026491788842,
            -0.07973053888144768,
            6.932892124008669e-19,
            -0.019333396745285364,
            -7.183952994568106e-19,
            -0.031194723896326604,
            -0.29376489912333403,
            3.937404382053215e-19,
            6.7536291987828866e-06,
            -6.505416565724356e-21,
            -0.0870830791245309,
            -0.13926236767553382,
            2.712442275057393e-21,
            0.029040799690122673,
            3.695861057185639e-22,
            -0.00013289430052990857,
            -0.0078376907729459,
            -3.8007960724232643e-22,
            0.0027780853098586275,
            2.18145298430267e-21,
            0.0063058038343947,
            0.0070064517537770125,
            -4.493303627109021e-22,
            -0.00046068990334229666,
            6.038857691270713e-22
        ],
        [
            -0.008340065133772107,
            -0.01575290549431018,
            -4.8309330383679e-18,
            -0.002310780774189532,
            1.5496672858778432e-18,
            -0.07974238263473019,
            -0.09407424365692912,
            -5.58629927555496e-20,
            -0.020342161681443968,
            -1.0646338493737138e-18,
            -0.29376489912333403,
            -0.1769129495110251,
            3.744172625443093e-19,
            -0.0030851304768347216,
            -4.3156782860836105e-20,
            -0.13926236767553424,
            -0.15313709285404198,
            8.824375364786234e-21,
            0.029804683839254414,
            4.1963421022297845e-21,
            -0.002123712296889173,
            -0.015079297168033003,
            -9.251580252246717e-22,
            0.0039316264941674645,
            2.3096865354176274e-21,
            0.006958712580048304,
            0.007564901829714193,
            -7.142715241502104e-22,
            -0.0004697256351804162,
            6.664003960827886e-22
        ],
        [
            -2.1513540357972452e-20,
            -1.9610920540032936e-20,
            -3.0290014161922678e-06,
            -3.594854770225043e-21,
            -5.435198905152016e-37,
            1.5804773761396085e-20,
            6.605360286519797e-20,
            -0.0018362626675434994,
            7.499340069296528e-21,
            1.1163603637753551e-36,
            3.937404382053215e-19,
            3.744172625443093e-19,
            1.462956490142996,
            -1.2294442846146773e-19,
            2.052091216592344e-38,
            9.808368891230717e-21,
            3.4667141349242554e-20,
            -0.003266220075640895,
            -3.632045660555247e-21,
            2.9576237326323635e-39,
            -1.0525897210501699e-20,
            -1.142787239900456e-20,
            -1.7021784493860552e-06,
            -1.6642419723972058e-22,
            5.221188503374187e-40,
            -8.068710166913106e-21,
            -1.0018065408403039e-20,
            1.756426703888261e-05,
            8.856239121247386e-22,
            2.1754771986772473e-40
        ],
        [
            0.0028791889479377487,
            0.004066645700851718,
            1.9148691707901014e-19,
            0.00044409038532694555,
            6.333737440834423e-21,
            0.019392594518741875,
            0.020503381086990638,
            1.9340878514213517e-19,
            0.017891447683720595,
            2.361342173689527e-19,
            6.7536291987828866e-06,
            -0.0030851304768347216,
            -1.2294442846146773e-19,
            1.4608744097844277,
            -1.9433062196971758e-20,
            -0.02904079969012274,
            -0.029804683839254872,
            6.983300809323572e-22,
            0.021639397359565195,
            5.342322798285609e-22,
            -0.0005417772183607638,
            -0.0023219080161361334,
            -1.8241626634960544e-23,
            0.00044477597516133846,
            4.0509323559834365e-22,
            0.00047014378396575946,
            0.0004736888243124992,
            -2.443827915088554e-23,
            -3.753119540054596e-05,
            7.726435910739358e-23
        ],
        [
            -7.150137582235063e-20,
            -1.0063083957780257e-19,
            2.1946714291542853e-35,
            -1.1310368150474243e-20,
            -3.0290014161922678e-06,
            -2.1920967331100493e-19,
            -2.4850640093503224e-19,
            7.198584820455866e-35,
            -3.655309342527993e-20,
            -0.0018362626675434994,
            -6.505416565724356e-21,
            -4.3156782860836105e-20,
            2.052091216592344e-38,
            -1.9433062196971758e-20,
            1.4629564901429957,
            1.3414368569900414e-19,
            2.0122093935438184e-19,
            2.240379522267583e-38,
            3.4774108954730676e-20,
            -0.003266220075640895,
            4.809542420345925e-19,
            5.771505219433696e-19,
            -2.549598528686437e-38,
            -1.3700078804590653e-20,
            -1.7021784493860552e-06,
            3.17530280689364e-19,
            4.0086489463198584e-19,
            -2.6281497598586186e-38,
            -3.691847813206388e-20,
            1.756426703888261e-05
        ],
        [
            0.00630580383439469,
            0.007006451753777005,
            -2.5893508914348983e-18,
            0.0004606899033422964,
            9.214796156842328e-19,
            -0.00013289430052988596,
            -0.007837690772945893,
            9.42489431636906e-20,
            -0.0027780853098586197,
            2.943680746273543e-19,
            -0.0870830791245309,
            -0.13926236767553424,
            9.808368891230717e-21,
            -0.02904079969012274,
            1.3414368569900414e-19,
            -0.03119472389632527,
            -0.29376489912333337,
            5.3017636601962937e-20,
            -6.753629198595103e-06,
            3.475513799046234e-20,
            -0.030018026491788953,
            -0.07973053888144768,
            4.838438207460672e-22,
            0.019333396745285482,
            5.11718711904679e-22,
            -0.0003560447784282918,
            -0.002455365870746854,
            1.7148172253044637e-22,
            0.0005182155712867197,
            1.0116655146416e-22
        ],
        [
            0.006958712580048275,
            0.007564901829714166,
            -3.4177916104912456e-18,
            0.00046972563518041504,
            1.1039539923460106e-18,
            -0.0021237122968891364,
            -0.015079297168032964,
            -1.4013410922552782e-19,
            -0.003931626494167444,
            4.3129263711454714e-19,
            -0.13926236767553382,
            -0.15313709285404198,
            3.4667141349242554e-20,
            -0.029804683839254872,
            2.0122093935438184e-19,
