{
    "HF": -2.8678541642559674,
    "coordinates": [
        [
            0.0,
            0.0,
            0.0
        ],
        [
            0.6,
            0.0,
            0.0
        ],
        [
            1.2,
            0.0,
            0.0
        ],
        [
            1.8,
            0.0,
            0.0
        ],
        [
            2.4,
            0.0,
            0.0
        ],
        [
            3.0,
            0.0,
            0.0
        ]
    ],
    "elements": [
        "H",
        "H",
        "H",
        "H",
        "H",
        "H"
    ],
    "Enn": 7.673069558339999,
    "S": [
        [
            0.9999999999999999,
            0.6848602514927513,
            0.0,
            0.0,
            0.0,
            0.6847688135605143,
            0.6038529466629754,
            0.0,
            -0.5481834853558442,
            0.0,
            0.25323302742229703,
            0.41407359428363033,
            0.0,
            -0.31363447714531073,
            0.0,
            0.05459186262713134,
            0.22104805329171323,
            0.0,
            -0.0721782316226826,
            0.0,
            0.006992999248237895,
            0.09200396267659126,
            0.0,
            -0.007855598076560763,
            0.0,
            0.0005247322196738468,
            0.02990649942494152,
            0.0,
            -0.00040247823683652387,
            0.0
        ],
        [
            0.6848602514927513,
            1.0000000000000002,
            0.0,
            0.0,
            0.0,
            0.6038529466629754,
            0.9245754834946445,
            0.0,
            -0.1427500938374541,
            0.0,
            0.41407359428363033,
            0.7307511258578309,
            0.0,
            -0.19082040384404228,
            0.0,
            0.22104805329171323,
            0.49372072671821526,
            0.0,
            -0.14624468474732574,
            0.0,
            0.09200396267659126,
            0.2851530180903721,
            0.0,
            -0.07616026676502623,
            0.0,
            0.02990649942494154,
            0.14078595531747087,
            0.0,
            -0.028424557157340387,
            0.0
        ],
        [
            0.0,
            0.0,
            1.0000000000000004,
            0.0,
            0.0,
            0.0,
            0.0,
            0.62668607402778,
            0.0,
            0.0,
            0.0,
            0.0,
            0.1542411222033944,
            0.0,
            0.0,
            0.0,
            0.0,
            0.014909064608637022,
            0.0,
            0.0,
            0.0,
            0.0,
            0.0005659795054888335,
            0.0,
            0.0,
            0.0,
            0.0,
            8.438225014497445e-06,
            0.0,
            0.0
        ],
        [
            0.0,
            0.0,
            0.0,
            1.0000000000000004,
            0.0,
            0.548183485355844,
            0.14275009383745402,
            0.0,
            0.04097330816997581,
            0.0,
            0.3136344771453107,
            0.19082040384404214,
            0.0,
            -0.422385664564853,
            0.0,
            0.07217823162268258,
            0.14624468474732566,
            0.0,
            -0.11049960246031332,
            0.0,
            0.007855598076560754,
            0.07616026676502616,
            0.0,
            -0.007897624466384381,
            0.0,
            0.0004024782368365238,
            0.028424557157340328,
            0.0,
            -0.00018872492879577535,
            0.0
        ],
        [
            0.0,
            0.0,
            0.0,
            0.0,
            1.0000000000000004,
            0.0,
            0.0,
            0.0,
            0.0,
            0.62668607402778,
            0.0,
            0.0,
            0.0,
            0.0,
            0.1542411222033944,
            0.0,
            0.0,
            0.0,
            0.0,
            0.014909064608637022,
            0.0,
            0.0,
            0.0,
            0.0,
            0.0005659795054888335,
            0.0,
            0.0,
            0.0,
            0.0,
            8.438225014497445e-06
        ],
        [
            0.6847688135605143,
            0.6038529466629754,
            0.0,
            0.5481834853558442,
            0.0,
            0.9999999999999999,
            0.6848602514927513,
            0.0,
            0.0,
            0.0,
            0.6847688135605143,
            0.6038529466629754,
            0.0,
            -0.5481834853558443,
            0.0,
            0.2532330274222969,
            0.41407359428363033,
            0.0,
            -0.3136344771453106,
            0.0,
            0.05459186262713138,
            0.2210480532917133,
            0.0,
            -0.07217823162268262,
            0.0,
            0.006992999248237895,
            0.09200396267659126,
            0.0,
            -0.007855598076560765,
            0.0
        ],
        [
            0.6038529466629754,
            0.9245754834946445,
            0.0,
            0.1427500938374541,
            0.0,
            0.6848602514927513,
            1.0000000000000002,
            0.0,
            0.0,
            0.0,
            0.6038529466629754,
            0.9245754834946445,
            0.0,
            -0.142750093837454,
            0.0,
            0.41407359428363033,
            0.7307511258578309,
            0.0,
            -0.19082040384404209,
            0.0,
            0.2210480532917133,
            0.49372072671821543,
            0.0,
            -0.1462446847473257,
            0.0,
            0.09200396267659126,
            0.2851530180903721,
            0.0,
            -0.07616026676502628,
            0.0
        ],
        [
            0.0,
            0.0,
            0.62668607402778,
            0.0,
            0.0,
            0.0,
            0.0,
            1.0000000000000004,
            0.0,
            0.0,
            0.0,
            0.0,
            0.62668607402778,
            0.0,
            0.0,
            0.0,
            0.0,
            0.15424112220339434,
            0.0,
            0.0,
            0.0,
            0.0,
            0.014909064608637033,
            0.0,
            0.0,
            0.0,
            0.0,
            0.0005659795054888335,
            0.0,
            0.0
        ],
        [
            -0.548183485355844,
            -0.14275009383745396,
            0.0,
            0.04097330816997581,
            0.0,
            0.0,
            0.0,
            0.0,
            1.0000000000000004,
            0.0,
            0.548183485355844,
            0.14275009383745396,
            0.0,
            0.04097330816997581,
            0.0,
            0.3136344771453107,
            0.19082040384404222,
            0.0,
            -0.4223856645648528,
            0.0,
            0.07217823162268262,
            0.14624468474732574,
            0.0,
            -0.11049960246031336,
            0.0,
            0.007855598076560753,
            0.07616026676502616,
            0.0,
            -0.007897624466384381,
            0.0
        ],
        [
            0.0,
            0.0,
            0.0,
            0.0,
            0.62668607402778,
            0.0,
            0.0,
            0.0,
            0.0,
            1.0000000000000004,
            0.0,
            0.0,
            0.0,
            0.0,
            0.62668607402778,
            0.0,
            0.0,
            0.0,
            0.0,
            0.15424112220339434,
            0.0,
            0.0,
            0.0,
            0.0,
            0.014909064608637033,
            0.0,
            0.0,
            0.0,
            0.0,
            0.0005659795054888335
        ],
        [
            0.25323302742229703,
            0.41407359428363033,
            0.0,
            0.31363447714531073,
            0.0,
            0.6847688135605143,
            0.6038529466629754,
            0.0,
            0.5481834853558443,
            0.0,
            0.9999999999999999,
            0.6848602514927513,
            0.0,
            0.0,
            0.0,
            0.6847688135605142,
            0.6038529466629754,
            0.0,
            -0.548183485355844,
            0.0,
            0.25323302742229703,
            0.41407359428363033,
            0.0,
            -0.31363447714531073,
            0.0,
            0.05459186262713134,
            0.22104805329171323,
            0.0,
            -0.07217823162268262,
            0.0
        ],
        [
            0.41407359428363033,
            0.7307511258578309,
            0.0,
            0.19082040384404228,
            0.0,
            0.6038529466629754,
            0.9245754834946445,
            0.0,
            0.142750093837454,
            0.0,
            0.6848602514927513,
            1.0000000000000002,
            0.0,
            0.0,
            0.0,
            0.6038529466629753,
            0.9245754834946445,
            0.0,
            -0.142750093837454,
            0.0,
            0.41407359428363033,
            0.7307511258578309,
            0.0,
            -0.19082040384404217,
            0.0,
            0.22104805329171323,
            0.49372072671821526,
            0.0,
            -0.1462446847473256,
            0.0
        ],
        [
            0.0,
            0.0,
            0.1542411222033944,
            0.0,
            0.0,
            0.0,
            0.0,
            0.62668607402778,
            0.0,
            0.0,
            0.0,
            0.0,
            1.0000000000000004,
            0.0,
            0.0,
            0.0,
            0.0,
            0.6266860740277796,
            0.0,
            0.0,
            0.0,
            0.0,
            0.1542411222033944,
            0.0,
            0.0,
            0.0,
            0.0,
            0.014909064608637022,
            0.0,
            0.0
        ],
        [
            -0.31363447714531073,
            -0.19082040384404209,
            0.0,
            -0.422385664564853,
            0.0,
            -0.548183485355844,
            -0.14275009383745396,
            0.0,
            0.04097330816997581,
            0.0,
            0.0,
            0.0,
            0.0,
            1.0000000000000004,
            0.0,
            0.548183485355844,
            0.14275009383745393,
            0.0,
            0.04097330816997538,
            0.0,
            0.31363447714531073,
            0.19082040384404209,
            0.0,
            -0.422385664564853,
            0.0,
            0.07217823162268258,
            0.1462446847473256,
            0.0,
            -0.11049960246031332,
            0.0
        ],
        [
            0.0,
            0.0,
            0.0,
            0.0,
            0.1542411222033944,
            0.0,
            0.0,
            0.0,
            0.0,
            0.62668607402778,
            0.0,
            0.0,
            0.0,
            0.0,
            1.0000000000000004,
            0.0,
            0.0,
            0.0,
            0.0,
            0.6266860740277796,
            0.0,
            0.0,
            0.0,
            0.0,
            0.1542411222033944,
            0.0,
            0.0,
            0.0,
            0.0,
            0.014909064608637022
        ],
        [
            0.05459186262713134,
            0.22104805329171323,
            0.0,
            0.0721782316226826,
            0.0,
            0.2532330274222969,
            0.41407359428363033,
            0.0,
            0.3136344771453107,
            0.0,
            0.6847688135605142,
            0.6038529466629754,
            0.0,
            0.548183485355844,
            0.0,
            0.9999999999999999,
            0.6848602514927513,
            0.0,
            0.0,
            0.0,
            0.6847688135605148,
            0.6038529466629754,
            0.0,
            -0.5481834853558443,
            0.0,
            0.25323302742229703,
            0.41407359428363033,
            0.0,
            -0.31363447714531073,
            0.0
        ],
        [
            0.22104805329171323,
            0.49372072671821526,
            0.0,
            0.14624468474732574,
            0.0,
            0.41407359428363033,
            0.7307511258578309,
            0.0,
            0.19082040384404222,
            0.0,
            0.6038529466629753,
            0.9245754834946445,
            0.0,
            0.142750093837454,
            0.0,
            0.6848602514927513,
            1.0000000000000002,
            0.0,
            0.0,
            0.0,
            0.6038529466629754,
            0.9245754834946447,
            0.0,
            -0.142750093837454,
            0.0,
            0.41407359428363033,
            0.7307511258578309,
            0.0,
            -0.19082040384404217,
            0.0
        ],
        [
            0.0,
            0.0,
            0.014909064608637022,
            0.0,
            0.0,
            0.0,
            0.0,
            0.15424112220339434,
            0.0,
            0.0,
            0.0,
            0.0,
            0.6266860740277796,
            0.0,
            0.0,
            0.0,
            0.0,
            1.0000000000000004,
            0.0,
            0.0,
            0.0,
            0.0,
            0.62668607402778,
            0.0,
            0.0,
            0.0,
            0.0,
            0.1542411222033944,
            0.0,
            0.0
        ],
        [
            -0.07217823162268258,
            -0.1462446847473256,
            0.0,
            -0.11049960246031332,
            0.0,
            -0.3136344771453107,
            -0.19082040384404209,
            0.0,
            -0.42238566456485305,
            0.0,
            -0.548183485355844,
            -0.14275009383745393,
            0.0,
            0.04097330816997538,
            0.0,
            0.0,
            0.0,
            0.0,
            1.0000000000000004,
            0.0,
            0.5481834853558443,
            0.142750093837454,
            0.0,
            0.040973308169976415,
            0.0,
            0.31363447714531073,
            0.19082040384404209,
            0.0,
            -0.4223856645648528,
            0.0
        ],
        [
            0.0,
            0.0,
            0.0,
            0.0,
            0.014909064608637022,
            0.0,
            0.0,
            0.0,
            0.0,
            0.15424112220339434,
            0.0,
            0.0,
            0.0,
            0.0,
            0.6266860740277796,
            0.0,
            0.0,
            0.0,
            0.0,
            1.0000000000000004,
            0.0,
            0.0,
            0.0,
            0.0,
            0.62668607402778,
            0.0,
            0.0,
            0.0,
            0.0,
            0.1542411222033944
        ],
        [
            0.006992999248237895,
            0.09200396267659126,
            0.0,
            0.007855598076560763,
            0.0,
            0.05459186262713138,
            0.2210480532917133,
            0.0,
            0.07217823162268262,
            0.0,
            0.25323302742229703,
            0.41407359428363033,
            0.0,
            0.31363447714531073,
            0.0,
            0.6847688135605148,
            0.6038529466629754,
            0.0,
            0.5481834853558443,
            0.0,
            0.9999999999999999,
            0.6848602514927513,
            0.0,
            0.0,
            0.0,
            0.6847688135605142,
            0.6038529466629754,
            0.0,
            -0.548183485355844,
            0.0
        ],
        [
            0.09200396267659126,
            0.2851530180903721,
            0.0,
            0.07616026676502623,
            0.0,
            0.2210480532917133,
            0.49372072671821543,
            0.0,
            0.1462446847473258,
            0.0,
            0.41407359428363033,
            0.7307511258578309,
            0.0,
            0.19082040384404217,
            0.0,
            0.6038529466629754,
            0.9245754834946447,
            0.0,
            0.142750093837454,
            0.0,
            0.6848602514927513,
            1.0000000000000002,
            0.0,
            0.0,
            0.0,
            0.6038529466629753,
            0.9245754834946445,
            0.0,
            -0.142750093837454,
            0.0
        ],
        [
            0.0,
            0.0,
            0.0005659795054888335,
            0.0,
            0.0,
            0.0,
            0.0,
            0.014909064608637033,
            0.0,
            0.0,
            0.0,
            0.0,
            0.1542411222033944,
            0.0,
            0.0,
            0.0,
            0.0,
            0.62668607402778,
            0.0,
            0.0,
            0.0,
            0.0,
            1.0000000000000004,
            0.0,
            0.0,
            0.0,
            0.0,
            0.6266860740277796,
            0.0,
            0.0
        ],
        [
            -0.007855598076560754,
            -0.07616026676502613,
            0.0,
            -0.007897624466384381,
            0.0,
            -0.07217823162268262,
            -0.1462446847473257,
            0.0,
            -0.11049960246031335,
            0.0,
            -0.31363447714531073,
            -0.19082040384404209,
            0.0,
            -0.422385664564853,
            0.0,
            -0.5481834853558443,
            -0.142750093837454,
            0.0,
            0.040973308169976415,
            0.0,
            0.0,
            0.0,
            0.0,
            1.0000000000000004,
            0.0,
            0.548183485355844,
            0.14275009383745393,
            0.0,
            0.04097330816997538,
            0.0
        ],
        [
            0.0,
            0.0,
            0.0,
            0.0,
            0.0005659795054888335,
            0.0,
            0.0,
            0.0,
            0.0,
            0.014909064608637033,
            0.0,
            0.0,
            0.0,
            0.0,
            0.1542411222033944,
            0.0,
            0.0,
            0.0,
            0.0,
            0.62668607402778,
            0.0,
            0.0,
            0.0,
            0.0,
            1.0000000000000004,
            0.0,
            0.0,
            0.0,
            0.0,
            0.6266860740277796
        ],
        [
            0.0005247322196738468,
            0.02990649942494152,
            0.0,
            0.00040247823683652387,
            0.0,
            0.006992999248237895,
            0.09200396267659126,
            0.0,
            0.007855598076560765,
            0.0,
            0.05459186262713134,
            0.22104805329171323,
            0.0,
            0.0721782316226826,
            0.0,
            0.25323302742229703,
            0.41407359428363033,
            0.0,
            0.31363447714531073,
            0.0,
            0.6847688135605142,
            0.6038529466629754,
            0.0,
            0.548183485355844,
            0.0,
            0.9999999999999999,
            0.6848602514927513,
            0.0,
            0.0,
            0.0
        ],
        [
            0.02990649942494154,
            0.14078595531747087,
            0.0,
            0.028424557157340387,
            0.0,
            0.09200396267659126,
            0.2851530180903721,
            0.0,
            0.07616026676502628,
            0.0,
            0.22104805329171323,
            0.49372072671821526,
            0.0,
            0.14624468474732574,
            0.0,
            0.41407359428363033,
            0.7307511258578309,
            0.0,
            0.19082040384404217,
            0.0,
            0.6038529466629753,
            0.9245754834946445,
            0.0,
            0.142750093837454,
            0.0,
            0.6848602514927513,
            1.0000000000000002,
            0.0,
            0.0,
            0.0
        ],
        [
            0.0,
            0.0,
            8.438225014497445e-06,
            0.0,
            0.0,
            0.0,
            0.0,
            0.0005659795054888335,
            0.0,
            0.0,
            0.0,
            0.0,
            0.014909064608637022,
            0.0,
            0.0,
            0.0,
            0.0,
            0.1542411222033944,
            0.0,
            0.0,
            0.0,
            0.0,
            0.6266860740277796,
            0.0,
            0.0,
            0.0,
            0.0,
            1.0000000000000004,
            0.0,
            0.0
        ],
        [
            -0.0004024782368365238,
            -0.028424557157340317,
            0.0,
            -0.00018872492879577535,
            0.0,
            -0.007855598076560754,
            -0.07616026676502613,
            0.0,
            -0.007897624466384381,
            0.0,
            -0.07217823162268258,
            -0.1462446847473256,
            0.0,
            -0.11049960246031332,
            0.0,
            -0.3136344771453107,
            -0.19082040384404209,
            0.0,
            -0.422385664564853,
            0.0,
            -0.548183485355844,
            -0.14275009383745393,
            0.0,
            0.04097330816997538,
            0.0,
            0.0,
            0.0,
            0.0,
            1.0000000000000004,
            0.0
        ],
        [
            0.0,
            0.0,
            0.0,
            0.0,
            8.438225014497445e-06,
            0.0,
            0.0,
            0.0,
            0.0,
            0.0005659795054888335,
            0.0,
            0.0,
            0.0,
            0.0,
            0.014909064608637022,
            0.0,
            0.0,
            0.0,
            0.0,
            0.1542411222033944,
            0.0,
            0.0,
            0.0,
            0.0,
            0.6266860740277796,
            0.0,
            0.0,
            0.0,
            0.0,
            1.0000000000000004
        ]
    ],
    "h": [
        [
            -0.4000702864949197,
            -0.5259466036551299,
            2.516520852723814e-17,
            -0.3955188610160375,
            -1.631632130912576e-17,
            -0.7046665884145584,
            -0.5267127512062479,
            1.8098039327689746e-17,
            -0.04247928143428559,
            -2.280077837299795e-17,
            -0.42979137313255683,
            -0.42240327642212006,
            4.2683896754807195e-18,
            0.43267134074251,
            -1.0852652288687812e-17,
            -0.1164379965540478,
            -0.26717977785475866,
            -3.183747514007346e-19,
            0.19745208302451941,
            -1.0217102599615825e-18,
            -0.012289809718304994,
            -0.1343142374740211,
            -5.474165001527129e-20,
            0.0077848625906817084,
            3.52194019635411e-19,
            -0.01066702197900259,
            -0.05761458312487374,
            1.0042748908639755e-19,
            -0.011613016382332694,
            -1.4643773338472199e-19
        ],
        [
            -0.5259466036551299,
            -0.33743386043159407,
            3.143754690642177e-18,
            -0.30658081090354966,
            -6.106950251116215e-20,
            -0.6327284396037227,
            -0.39379194882249013,
            -2.524462745383794e-18,
            0.074907913672007,
            -4.1655664839087634e-18,
            -0.47910802848867773,
            -0.37402148755974385,
            -4.9284474338884686e-18,
            0.22969483703467353,
            -2.216212528064166e-18,
            -0.27563017886465996,
            -0.29481649306463087,
            -2.507877659998925e-18,
            0.18326364576259713,
            3.126394416784295e-19,
            -0.13243526562079094,
            -0.19765170429236079,
            -4.2205404623478465e-19,
            0.10014600378794314,
            1.7313480324407825e-19,
            -0.05761458312487331,
            -0.11561768506070919,
            1.4879352056007265e-19,
            0.045970641914600374,
            -2.647025761029807e-19
        ],
        [
            2.516520852723814e-17,
            3.143754690642177e-18,
            1.460310188102086,
            -2.3209490957079846e-17,
            2.1548856595224458e-32,
            -2.1052981882005773e-17,
            -1.7343989837548522e-17,
            0.638645082209933,
            -6.440506441122316e-17,
            2.4358421558493342e-32,
            -6.860963734877106e-17,
            -3.198818407921009e-17,
            -0.015011562004037193,
            -2.4749394135572105e-17,
            1.2609664821123518e-32,
            -5.68917799581227e-17,
            -3.0929138571368844e-17,
            -0.02816671822282811,
            4.464834002362834e-17,
            3.0837012029502655e-33,
            -1.0084246932268046e-17,
            -1.6325494337250592e-17,
            -0.002232134932043792,
            4.563939862356534e-17,
            4.249621778104821e-34,
            1.7191660325333813e-17,
            4.104239662974907e-19,
            -0.00016389434773935352,
            7.533779512224904e-18,
            1.5112986039299759e-34
        ],
        [
            -0.3955188610160375,
            -0.30658081090354966,
            -2.3209490957079846e-17,
            1.0606969650334421,
            1.0360517295150801e-17,
            -0.13391826862259348,
            -0.31191599383675106,
            -3.135536577111238e-17,
            -0.39434122689176054,
            1.5304078811583782e-17,
            -0.3759800859399107,
            -0.27388438052026665,
            -1.0187469164089318e-17,
            -0.0573628370270729,
            8.47464357373274e-18,
            -0.20178079564289897,
            -0.20148247945023168,
            -2.013778273700071e-18,
            0.2793022935862763,
            3.1887758161324914e-18,
            -0.03593362335290384,
            -0.11523081482888153,
            -3.7136086753128233e-19,
            0.0810209638359049,
            5.015498511554538e-19,
            0.011613016382332947,
            -0.045970641914599944,
            4.619081327574626e-20,
            0.004226719316305012,
            -1.0829759132511099e-19
        ],
        [
            -1.631632130912576e-17,
            -6.106950251116215e-20,
            2.1548856595224458e-32,
            1.0360517295150801e-17,
            1.4603101881020857,
            1.2042739561613036e-17,
            1.5075665551152938e-17,
            1.5558967839186537e-32,
            4.4004400205506657e-17,
            0.638645082209933,
            4.918603703227443e-17,
            2.931265428244492e-17,
            4.996576229722752e-33,
            2.579583005840448e-17,
            -0.015011562004037138,
            5.277563212144606e-17,
            3.4603354514218935e-17,
            8.789856017637802e-34,
            -1.7271787381155602e-17,
            -0.028166718222828124,
            3.034003016412851e-17,
            2.9154761882739325e-17,
            8.494921926084006e-35,
            -2.664135621902005e-17,
            -0.0022321349320437917,
            9.60323332158729e-18,
            1.816573025925947e-17,
            -4.7484946357931817e-35,
            -1.3865343272396857e-17,
            -0.00016389434773935352
        ],
        [
            -0.7046665884145584,
            -0.6327284396037227,
            -2.1052981882005773e-17,
            -0.13391826862259348,
            1.2042739561613036e-17,
            -0.6815629960570795,
            -0.6961658520721632,
            -2.737358405320707e-17,
            -0.012743709654447433,
            1.291248431655966e-17,
            -0.7385851973673139,
            -0.6331848696647593,
            -1.327350821421262e-17,
            0.07647292989897436,
            7.847774327943288e-18,
            -0.4405592133438728,
            -0.47195264501923484,
            -3.929476307974699e-18,
            0.3889379767666703,
            3.8684141730836e-18,
            -0.1373501402824024,
            -0.28288272437899964,
            -6.874416744767426e-19,
            0.20933406188695225,
            8.184571756859822e-19,
            -0.012289809718304297,
            -0.1324352656207906,
            1.6198357926586082e-19,
            0.035933623352903996,
            -2.2392260708681335e-19
        ],
        [
            -0.5267127512062479,
            -0.39379194882249013,
            -1.7343989837548522e-17,
            -0.31191599383675106,
            1.5075665551152938e-17,
            -0.6961658520721632,
            -0.46632805249808706,
            -2.1239503293418224e-17,
            -0.04174516951221491,
            1.1610691571818442e-17,
            -0.6456700301023282,
            -0.4699691097452896,
            -1.2736009704260495e-17,
            0.14049675921876043,
            4.6813963482372964e-18,
            -0.4764171434065392,
            -0.4066071929714834,
            -4.4613186641514586e-18,
            0.20475218143604756,
            1.1584172830757887e-18,
            -0.2828827243790005,
            -0.3043385763241543,
            -7.493810021713303e-19,
            0.18086011159261667,
            -1.683878897669118e-19,
            -0.13431423747402005,
            -0.1976517042923609,
            1.8482372793283852e-19,
            0.11523081482888259,
            -4.462254721593009e-19
        ],
        [
            1.8098039327689746e-17,
            -2.524462745383794e-18,
            0.638645082209933,
            -3.135536577111238e-17,
            1.5558967839186537e-32,
            -2.737358405320707e-17,
            -2.1239503293418224e-17,
            1.3339904483802345,
            -5.4365197436839486e-17,
            1.6525649685289683e-32,
            -6.320104111297935e-17,
            -3.397865668483876e-17,
            0.602657627567291,
            -1.365042807093185e-17,
            8.558682287605692e-33,
            -5.1209541595742864e-17,
            -3.270936738927292e-17,
            -0.0191245141383668,
            3.5422210303414764e-17,
            2.1789046375430817e-33,
            -1.4096975025096602e-17,
            -1.9944771863860792e-17,
            -0.02943785364133243,
            3.577865438105408e-17,
            3.0100144174399357e-34,
            8.327279261930609e-18,
            -5.2823127652521945e-18,
            -0.002232134932043728,
            7.93909466176542e-18,
            1.0247420269756666e-34
        ],
        [
            -0.04247928143428559,
            0.074907913672007,
            -6.440506441122316e-17,
            -0.39434122689176054,
            4.4004400205506657e-17,
            -0.012743709654447433,
            -0.04174516951221491,
            -5.4365197436839486e-17,
            0.5081267490627428,
            5.3457558233351e-17,
            -0.11279671287931836,
            -0.15760370989996086,
            -2.318378836480258e-17,
            -0.6162262084204179,
            2.760156363614327e-17,
            -0.44374654462678864,
            -0.2121385156774397,
            -5.076540215432224e-18,
            -0.012910450026112574,
            6.5976982050273884e-18,
            -0.20933406188695158,
            -0.18086011159261584,
            -8.743164043257899e-19,
            0.3534488514576264,
            5.953584761452532e-19,
            -0.007784862590680605,
            -0.10014600378794225,
            8.227412356251017e-20,
            0.08102096383590479,
            1.4688189327689785e-20
        ],
        [
            -2.280077837299795e-17,
            -4.1655664839087634e-18,
            2.4358421558493342e-32,
            1.5304078811583782e-17,
            0.638645082209933,
            1.291248431655966e-17,
            1.1610691571818442e-17,
            1.6525649685289683e-32,
            5.3457558233351e-17,
            1.3339904483802343,
            5.471078424301272e-17,
            2.474948237264464e-17,
            4.787580876850808e-33,
            2.4661011959898834e-17,
            0.602657627567291,
            4.894395029193957e-17,
            2.6445699649459347e-17,
            9.400479979057518e-34,
            -3.358051041359443e-17,
            -0.0191245141383668,
            1.3437083740409324e-17,
            1.695374889771899e-17,
            1.5627995131190886e-34,
            -3.530625208078707e-17,
            -0.02943785364133243,
            -8.130930841968637e-18,
            4.449389527190091e-18,
            -5.902925526777965e-35,
            -7.217701778359673e-18,
            -0.0022321349320437276
        ],
        [
            -0.42979137313255683,
            -0.47910802848867773,
            -6.860963734877106e-17,
            -0.3759800859399107,
            4.918603703227443e-17,
            -0.7385851973673139,
            -0.6456700301023282,
            -6.320104111297935e-17,
            -0.11279671287931836,
            5.471078424301272e-17,
            -0.7305064937436221,
            -0.7146619931505587,
            -2.85350090358123e-17,
            -0.05213007987705193,
            2.759032854149117e-17,
            -0.7927254663607415,
            -0.6487512111883067,
            -7.81795909009328e-18,
            0.11656314618243124,
            6.199518719308685e-18,
            -0.4405592133438738,
            -0.4764171434065385,
            -1.315857582748255e-18,
            0.4437465446267914,
            3.85362427041219e-19,
            -0.11643799655404616,
            -0.27563017886466,
            3.1948256803956627e-19,
            0.20178079564289986,
            -2.0482449077999569e-19
        ],
        [
            -0.42240327642212006,
            -0.37402148755974385,
            -3.198818407921009e-17,
            -0.27388438052026665,
            2.931265428244492e-17,
            -0.6331848696647593,
            -0.4699691097452896,
            -3.397865668483876e-17,
            -0.15760370989996086,
            2.474948237264464e-17,
            -0.7146619931505587,
            -0.5125427630453405,
            -1.797012136233144e-17,
            -0.0070578276140906004,
            9.123745025911059e-18,
            -0.6487512111883065,
            -0.4881843620928288,
            -5.589138695168698e-18,
            0.14189715086925603,
            6.156467430063505e-19,
            -0.47195264501923584,
            -0.40660719297148207,
            -9.034260853950995e-19,
            0.21213851567744169,
            -9.924365862820033e-19,
            -0.2671797778547573,
            -0.29481649306463065,
            1.374911561630044e-19,
            0.2014824794502319,
            -7.34096459835391e-19
        ],
        [
            4.2683896754807195e-18,
            -4.9284474338884686e-18,
            -0.015011562004037193,
            -1.0187469164089318e-17,
            4.996576229722752e-33,
            -1.327350821421262e-17,
            -1.2736009704260495e-17,
            0.602657627567291,
            -2.318378836480258e-17,
            4.787580876850808e-33,
            -2.85350090358123e-17,
            -1.797012136233144e-17,
            1.3055257302122694,
            -5.758505127792567e-18,
            2.0375635415445288e-33,
            -2.408707986878992e-17,
            -1.734669784221411e-17,
            0.5936727138277842,
            1.3799499046917922e-17,
            4.625364948358591e-34,
            -9.215299661429203e-18,
            -1.1807689177445484e-17,
            -0.01912451413836669,
            1.4455172214466522e-17,
            6.804065481712991e-35,
            4.761306453867799e-19,
            -5.223232818460946e-18,
            -0.028166718222827895,
            4.3865893535113594e-18,
            3.076006879020424e-35
        ],
        [
            0.43267134074251,
            0.22969483703467353,
            -2.4749394135572105e-17,
            -0.0573628370270729,
            2.579583005840448e-17,
            0.07647292989897436,
            0.14049675921876043,
            -1.365042807093185e-17,
            -0.6162262084204179,
            2.4661011959898834e-17,
            -0.05213007987705193,
            -0.0070578276140906004,
            -5.758505127792567e-18,
            0.4361711460788258,
            9.309354112357135e-18,
            -0.11656314618243191,
            -0.1418971508692567,
            -2.0699464014666627e-18,
            -0.5005842991361206,
            -2.779728102933815e-18,
            -0.3889379767666711,
            -0.204752181436048,
            -2.4494207653083227e-19,
            -0.012910450026111908,
            -1.582798612619413e-18,
            -0.19745208302451805,
            -0.18326364576259613,
            2.4957399894599077e-19,
            0.2793022935862767,
            4.278548177369605e-20
        ],
        [
            -1.0852652288687812e-17,
            -2.216212528064166e-18,
            1.2609664821123518e-32,
            8.47464357373274e-18,
            -0.015011562004037138,
            7.847774327943288e-18,
            4.6813963482372964e-18,
            8.558682287605692e-33,
            2.760156363614327e-17,
            0.602657627567291,
            2.759032854149117e-17,
            9.123745025911059e-18,
            2.0375635415445288e-33,
            9.309354112357135e-18,
            1.3055257302122691,
            2.0184878151010484e-17,
            7.18486922237489e-18,
            3.476914018677814e-34,
            -2.282620526528e-17,
            0.5936727138277842,
            -3.527623321384181e-18,
            2.7210210338923967e-19,
            1.005197442947157e-34,
            -2.220177432307137e-17,
            -0.019124514138366577,
            -1.4458878008826304e-17,
            -6.35010605156446e-18,
            -3.947837910832231e-35,
            1.827089158220424e-19,
            -0.02816671822282791
        ],
        [
            -0.1164379965540478,
            -0.27563017886465996,
            -5.68917799581227e-17,
            -0.20178079564289897,
            5.277563212144606e-17,
            -0.4405592133438728,
            -0.4764171434065392,
            -5.1209541595742864e-17,
            -0.44374654462678864,
            4.894395029193957e-17,
            -0.7927254663607415,
            -0.6487512111883065,
            -2.408707986878992e-17,
            -0.11656314618243191,
            2.0184878151010484e-17,
            -0.7305064937436199,
            -0.7146619931505584,
            -6.7316257427953155e-18,
            0.052130079877052315,
            5.195090747073091e-19,
            -0.7385851973673123,
            -0.6456700301023293,
            -9.06777382060844e-19,
            0.11279671287931947,
            -2.0292192854997e-18,
            -0.4297913731325546,
            -0.47910802848867695,
            3.475313266600226e-19,
            0.3759800859399125,
            -6.606186452481315e-19
        ],
        [
            -0.26717977785475866,
            -0.29481649306463087,
            -3.0929138571368844e-17,
            -0.20148247945023168,
            3.4603354514218935e-17,
            -0.47195264501923484,
            -0.4066071929714834,
            -3.270936738927292e-17,
            -0.2121385156774397,
            2.6445699649459347e-17,
            -0.6487512111883067,
            -0.4881843620928288,
            -1.734669784221411e-17,
            -0.1418971508692567,
            7.18486922237489e-18,
            -0.7146619931505584,
            -0.512542763045337,
