{
    "HF": -3.104550812004348,
    "coordinates": [
        [
            0.0,
            0.0,
            0.0
        ],
        [
            0.7,
            0.0,
            0.0
        ],
        [
            1.4,
            0.0,
            0.0
        ],
        [
            2.1,
            0.0,
            0.0
        ],
        [
            2.8,
            0.0,
            0.0
        ],
        [
            3.5,
            0.0,
            0.0
        ]
    ],
    "elements": [
        "H",
        "H",
        "H",
        "H",
        "H",
        "H"
    ],
    "Enn": 6.576916764291429,
    "S": [
        [
            0.9999999999999999,
            0.6848602514927513,
            0.0,
            0.0,
            0.0,
            0.6031324521627959,
            0.5770262595082811,
            0.0,
            -0.5452655207953092,
            0.0,
            0.16099442306576994,
            0.3453559469424035,
            0.0,
            -0.2092756254034664,
            0.0,
            0.020856220946818476,
            0.14709996688200683,
            0.0,
            -0.026152597806796386,
            0.0,
            0.0013223889202185074,
            0.044702375083929345,
            0.0,
            -0.0011781832211115114,
            0.0,
            3.962128422501363e-05,
            0.009717335444500446,
            0.0,
            -1.9101727454883653e-05,
            0.0
        ],
        [
            0.6848602514927513,
            1.0000000000000002,
            0.0,
            0.0,
            0.0,
            0.5770262595082811,
            0.898760104075553,
            0.0,
            -0.15865749518268626,
            0.0,
            0.34535594694240346,
            0.6524919281062077,
            0.0,
            -0.18336701123346172,
            0.0,
            0.14709996688200683,
            0.38264326424095907,
            0.0,
            -0.11027155374109388,
            0.0,
            0.04470237508392933,
            0.18125941489990915,
            0.0,
            -0.04089532561015764,
            0.0,
            0.009717335444500446,
            0.06935769419170755,
            0.0,
            -0.009864510393711565,
            0.0
        ],
        [
            0.0,
            0.0,
            1.0000000000000004,
            0.0,
            0.0,
            0.0,
            0.0,
            0.5293739423718005,
            0.0,
            0.0,
            0.0,
            0.0,
            0.0785326477433081,
            0.0,
            0.0,
            0.0,
            0.0,
            0.0032648485503669164,
            0.0,
            0.0,
            0.0,
            0.0,
            3.803653611920932e-05,
            0.0,
            0.0,
            0.0,
            0.0,
            1.241835298097788e-07,
            0.0,
            0.0
        ],
        [
            0.0,
            0.0,
            0.0,
            1.0000000000000004,
            0.0,
            0.5452655207953091,
            0.15865749518268626,
            0.0,
            -0.1440534610796768,
            0.0,
            0.20927562540346636,
            0.18336701123346175,
            0.0,
            -0.3210792924968597,
            0.0,
            0.026152597806796383,
            0.11027155374109382,
            0.0,
            -0.03411467611751992,
            0.0,
            0.001178183221111511,
            0.04089532561015765,
            0.0,
            -0.0007361563345093078,
            0.0,
            1.910172745488365e-05,
            0.009864510393711558,
            0.0,
            -3.825226581715071e-06,
            0.0
        ],
        [
            0.0,
            0.0,
            0.0,
            0.0,
            1.0000000000000004,
            0.0,
            0.0,
            0.0,
            0.0,
            0.5293739423718005,
            0.0,
            0.0,
            0.0,
            0.0,
            0.0785326477433081,
            0.0,
            0.0,
            0.0,
            0.0,
            0.0032648485503669164,
            0.0,
            0.0,
            0.0,
            0.0,
            3.803653611920932e-05,
            0.0,
            0.0,
            0.0,
            0.0,
            1.241835298097788e-07
        ],
        [
            0.6031324521627959,
            0.5770262595082811,
            0.0,
            0.5452655207953092,
            0.0,
            0.9999999999999999,
            0.6848602514927513,
            0.0,
            0.0,
            0.0,
            0.6031324521627959,
            0.5770262595082811,
            0.0,
            -0.5452655207953092,
            0.0,
            0.16099442306576972,
            0.3453559469424033,
            0.0,
            -0.20927562540346603,
            0.0,
            0.020856220946818507,
            0.1470999668820069,
            0.0,
            -0.026152597806796404,
            0.0,
            0.0013223889202185037,
            0.04470237508392928,
            0.0,
            -0.0011781832211115082,
            0.0
        ],
        [
            0.5770262595082811,
            0.898760104075553,
            0.0,
            0.15865749518268626,
            0.0,
            0.6848602514927513,
            1.0000000000000002,
            0.0,
            0.0,
            0.0,
            0.5770262595082811,
            0.898760104075553,
            0.0,
            -0.15865749518268626,
            0.0,
            0.3453559469424033,
            0.6524919281062075,
            0.0,
            -0.1833670112334618,
            0.0,
            0.1470999668820069,
            0.3826432642409593,
            0.0,
            -0.11027155374109406,
            0.0,
            0.04470237508392928,
            0.18125941489990907,
            0.0,
            -0.040895325610157664,
            0.0
        ],
        [
            0.0,
            0.0,
            0.5293739423718005,
            0.0,
            0.0,
            0.0,
            0.0,
            1.0000000000000004,
            0.0,
            0.0,
            0.0,
            0.0,
            0.5293739423718005,
            0.0,
            0.0,
            0.0,
            0.0,
            0.07853264774330794,
            0.0,
            0.0,
            0.0,
            0.0,
            0.0032648485503669242,
            0.0,
            0.0,
            0.0,
            0.0,
            3.803653611920912e-05,
            0.0,
            0.0
        ],
        [
            -0.5452655207953091,
            -0.15865749518268624,
            0.0,
            -0.1440534610796768,
            0.0,
            0.0,
            0.0,
            0.0,
            1.0000000000000004,
            0.0,
            0.5452655207953092,
            0.15865749518268624,
            0.0,
            -0.1440534610796768,
            0.0,
            0.2092756254034661,
            0.1833670112334617,
            0.0,
            -0.3210792924968593,
            0.0,
            0.026152597806796397,
            0.11027155374109389,
            0.0,
            -0.03411467611751998,
            0.0,
            0.0011781832211115082,
            0.04089532561015762,
            0.0,
            -0.0007361563345093041,
            0.0
        ],
        [
            0.0,
            0.0,
            0.0,
            0.0,
            0.5293739423718005,
            0.0,
            0.0,
            0.0,
            0.0,
            1.0000000000000004,
            0.0,
            0.0,
            0.0,
            0.0,
            0.5293739423718005,
            0.0,
            0.0,
            0.0,
            0.0,
            0.07853264774330794,
            0.0,
            0.0,
            0.0,
            0.0,
            0.0032648485503669242,
            0.0,
            0.0,
            0.0,
            0.0,
            3.803653611920912e-05
        ],
        [
            0.16099442306576994,
            0.3453559469424035,
            0.0,
            0.2092756254034664,
            0.0,
            0.6031324521627959,
            0.5770262595082811,
            0.0,
            0.5452655207953092,
            0.0,
            0.9999999999999999,
            0.6848602514927513,
            0.0,
            0.0,
            0.0,
            0.6031324521627954,
            0.5770262595082809,
            0.0,
            -0.5452655207953092,
            0.0,
            0.16099442306576994,
            0.3453559469424035,
            0.0,
            -0.2092756254034664,
            0.0,
            0.020856220946818476,
            0.14709996688200683,
            0.0,
            -0.026152597806796386,
            0.0
        ],
        [
            0.34535594694240346,
            0.6524919281062077,
            0.0,
            0.18336701123346172,
            0.0,
            0.5770262595082811,
            0.898760104075553,
            0.0,
            0.15865749518268626,
            0.0,
            0.6848602514927513,
            1.0000000000000002,
            0.0,
            0.0,
            0.0,
            0.5770262595082809,
            0.8987601040755528,
            0.0,
            -0.15865749518268624,
            0.0,
            0.34535594694240346,
            0.6524919281062077,
            0.0,
            -0.18336701123346172,
            0.0,
            0.14709996688200683,
            0.38264326424095907,
            0.0,
            -0.11027155374109396,
            0.0
        ],
        [
            0.0,
            0.0,
            0.0785326477433081,
            0.0,
            0.0,
            0.0,
            0.0,
            0.5293739423718005,
            0.0,
            0.0,
            0.0,
            0.0,
            1.0000000000000004,
            0.0,
            0.0,
            0.0,
            0.0,
            0.5293739423718001,
            0.0,
            0.0,
            0.0,
            0.0,
            0.0785326477433081,
            0.0,
            0.0,
            0.0,
            0.0,
            0.0032648485503669164,
            0.0,
            0.0
        ],
        [
            -0.20927562540346636,
            -0.1833670112334617,
            0.0,
            -0.3210792924968597,
            0.0,
            -0.5452655207953092,
            -0.15865749518268624,
            0.0,
            -0.1440534610796768,
            0.0,
            0.0,
            0.0,
            0.0,
            1.0000000000000004,
            0.0,
            0.5452655207953092,
            0.1586574951826862,
            0.0,
            -0.1440534610796777,
            0.0,
            0.2092756254034664,
            0.1833670112334617,
            0.0,
            -0.3210792924968597,
            0.0,
            0.026152597806796386,
            0.11027155374109385,
            0.0,
            -0.03411467611751992,
            0.0
        ],
        [
            0.0,
            0.0,
            0.0,
            0.0,
            0.0785326477433081,
            0.0,
            0.0,
            0.0,
            0.0,
            0.5293739423718005,
            0.0,
            0.0,
            0.0,
            0.0,
            1.0000000000000004,
            0.0,
            0.0,
            0.0,
            0.0,
            0.5293739423718001,
            0.0,
            0.0,
            0.0,
            0.0,
            0.0785326477433081,
            0.0,
            0.0,
            0.0,
            0.0,
            0.0032648485503669164
        ],
        [
            0.020856220946818476,
            0.14709996688200683,
            0.0,
            0.026152597806796386,
            0.0,
            0.16099442306576972,
            0.3453559469424033,
            0.0,
            0.20927562540346603,
            0.0,
            0.6031324521627954,
            0.5770262595082809,
            0.0,
            0.5452655207953092,
            0.0,
            0.9999999999999999,
            0.6848602514927513,
            0.0,
            0.0,
            0.0,
            0.6031324521627961,
            0.5770262595082813,
            0.0,
            -0.5452655207953092,
            0.0,
            0.16099442306576994,
            0.3453559469424035,
            0.0,
            -0.2092756254034664,
            0.0
        ],
        [
            0.14709996688200683,
            0.38264326424095907,
            0.0,
            0.11027155374109388,
            0.0,
            0.3453559469424033,
            0.6524919281062075,
            0.0,
            0.1833670112334618,
            0.0,
            0.5770262595082809,
            0.8987601040755528,
            0.0,
            0.15865749518268624,
            0.0,
            0.6848602514927513,
            1.0000000000000002,
            0.0,
            0.0,
            0.0,
            0.5770262595082813,
            0.8987601040755532,
            0.0,
            -0.15865749518268632,
            0.0,
            0.34535594694240346,
            0.6524919281062077,
            0.0,
            -0.18336701123346172,
            0.0
        ],
        [
            0.0,
            0.0,
            0.0032648485503669164,
            0.0,
            0.0,
            0.0,
            0.0,
            0.07853264774330794,
            0.0,
            0.0,
            0.0,
            0.0,
            0.5293739423718001,
            0.0,
            0.0,
            0.0,
            0.0,
            1.0000000000000004,
            0.0,
            0.0,
            0.0,
            0.0,
            0.5293739423718009,
            0.0,
            0.0,
            0.0,
            0.0,
            0.0785326477433081,
            0.0,
            0.0
        ],
        [
            -0.026152597806796386,
            -0.11027155374109385,
            0.0,
            -0.03411467611751992,
            0.0,
            -0.2092756254034661,
            -0.1833670112334616,
            0.0,
            -0.3210792924968593,
            0.0,
            -0.5452655207953092,
            -0.1586574951826862,
            0.0,
            -0.1440534610796777,
            0.0,
            0.0,
            0.0,
            0.0,
            1.0000000000000004,
            0.0,
            0.5452655207953092,
            0.1586574951826863,
            0.0,
            -0.14405346107967604,
            0.0,
            0.2092756254034664,
            0.1833670112334617,
            0.0,
            -0.3210792924968597,
            0.0
        ],
        [
            0.0,
            0.0,
            0.0,
            0.0,
            0.0032648485503669164,
            0.0,
            0.0,
            0.0,
            0.0,
            0.07853264774330794,
            0.0,
            0.0,
            0.0,
            0.0,
            0.5293739423718001,
            0.0,
            0.0,
            0.0,
            0.0,
            1.0000000000000004,
            0.0,
            0.0,
            0.0,
            0.0,
            0.5293739423718009,
            0.0,
            0.0,
            0.0,
            0.0,
            0.0785326477433081
        ],
        [
            0.0013223889202185074,
            0.044702375083929345,
            0.0,
            0.0011781832211115114,
            0.0,
            0.020856220946818507,
            0.1470999668820069,
            0.0,
            0.026152597806796404,
            0.0,
            0.16099442306576994,
            0.3453559469424035,
            0.0,
            0.2092756254034664,
            0.0,
            0.6031324521627961,
            0.5770262595082813,
            0.0,
            0.5452655207953092,
            0.0,
            0.9999999999999999,
            0.6848602514927513,
            0.0,
            0.0,
            0.0,
            0.6031324521627954,
            0.5770262595082809,
            0.0,
            -0.5452655207953092,
            0.0
        ],
        [
            0.04470237508392933,
            0.18125941489990915,
            0.0,
            0.04089532561015764,
            0.0,
            0.1470999668820069,
            0.3826432642409593,
            0.0,
            0.11027155374109397,
            0.0,
            0.34535594694240346,
            0.6524919281062077,
            0.0,
            0.18336701123346172,
            0.0,
            0.5770262595082813,
            0.8987601040755532,
            0.0,
            0.15865749518268632,
            0.0,
            0.6848602514927513,
            1.0000000000000002,
            0.0,
            0.0,
            0.0,
            0.5770262595082809,
            0.8987601040755528,
            0.0,
            -0.15865749518268624,
            0.0
        ],
        [
            0.0,
            0.0,
            3.803653611920932e-05,
            0.0,
            0.0,
            0.0,
            0.0,
            0.0032648485503669242,
            0.0,
            0.0,
            0.0,
            0.0,
            0.0785326477433081,
            0.0,
            0.0,
            0.0,
            0.0,
            0.5293739423718009,
            0.0,
            0.0,
            0.0,
            0.0,
            1.0000000000000004,
            0.0,
            0.0,
            0.0,
            0.0,
            0.5293739423718001,
            0.0,
            0.0
        ],
        [
            -0.001178183221111511,
            -0.04089532561015764,
            0.0,
            -0.0007361563345093078,
            0.0,
            -0.026152597806796397,
            -0.11027155374109385,
            0.0,
            -0.03411467611751998,
            0.0,
            -0.2092756254034664,
            -0.1833670112334617,
            0.0,
            -0.3210792924968597,
            0.0,
            -0.5452655207953092,
            -0.1586574951826863,
            0.0,
            -0.14405346107967604,
            0.0,
            0.0,
            0.0,
            0.0,
            1.0000000000000004,
            0.0,
            0.5452655207953092,
            0.1586574951826862,
            0.0,
            -0.1440534610796777,
            0.0
        ],
        [
            0.0,
            0.0,
            0.0,
            0.0,
            3.803653611920932e-05,
            0.0,
            0.0,
            0.0,
            0.0,
            0.0032648485503669242,
            0.0,
            0.0,
            0.0,
            0.0,
            0.0785326477433081,
            0.0,
            0.0,
            0.0,
            0.0,
            0.5293739423718009,
            0.0,
            0.0,
            0.0,
            0.0,
            1.0000000000000004,
            0.0,
            0.0,
            0.0,
            0.0,
            0.5293739423718001
        ],
        [
            3.962128422501363e-05,
            0.009717335444500446,
            0.0,
            1.9101727454883653e-05,
            0.0,
            0.0013223889202185037,
            0.04470237508392928,
            0.0,
            0.0011781832211115084,
            0.0,
            0.020856220946818476,
            0.14709996688200683,
            0.0,
            0.026152597806796386,
            0.0,
            0.16099442306576994,
            0.3453559469424035,
            0.0,
            0.2092756254034664,
            0.0,
            0.6031324521627954,
            0.5770262595082809,
            0.0,
            0.5452655207953092,
            0.0,
            0.9999999999999999,
            0.6848602514927513,
            0.0,
            0.0,
            0.0
        ],
        [
            0.009717335444500446,
            0.06935769419170755,
            0.0,
            0.009864510393711565,
            0.0,
            0.04470237508392928,
            0.18125941489990907,
            0.0,
            0.040895325610157664,
            0.0,
            0.14709996688200683,
            0.38264326424095907,
            0.0,
            0.11027155374109388,
            0.0,
            0.34535594694240346,
            0.6524919281062077,
            0.0,
            0.18336701123346172,
            0.0,
            0.5770262595082809,
            0.8987601040755528,
            0.0,
            0.15865749518268624,
            0.0,
            0.6848602514927513,
            1.0000000000000002,
            0.0,
            0.0,
            0.0
        ],
        [
            0.0,
            0.0,
            1.241835298097788e-07,
            0.0,
            0.0,
            0.0,
            0.0,
            3.803653611920912e-05,
            0.0,
            0.0,
            0.0,
            0.0,
            0.0032648485503669164,
            0.0,
            0.0,
            0.0,
            0.0,
            0.0785326477433081,
            0.0,
            0.0,
            0.0,
            0.0,
            0.5293739423718001,
            0.0,
            0.0,
            0.0,
            0.0,
            1.0000000000000004,
            0.0,
            0.0
        ],
        [
            -1.9101727454883646e-05,
            -0.009864510393711563,
            0.0,
            -3.825226581715071e-06,
            0.0,
            -0.0011781832211115082,
            -0.040895325610157594,
            0.0,
            -0.0007361563345093041,
            0.0,
            -0.026152597806796386,
            -0.11027155374109376,
            0.0,
            -0.03411467611751992,
            0.0,
            -0.2092756254034664,
            -0.1833670112334617,
            0.0,
            -0.3210792924968597,
            0.0,
            -0.5452655207953092,
            -0.1586574951826862,
            0.0,
            -0.1440534610796777,
            0.0,
            0.0,
            0.0,
            0.0,
            1.0000000000000004,
            0.0
        ],
        [
            0.0,
            0.0,
            0.0,
            0.0,
            1.241835298097788e-07,
            0.0,
            0.0,
            0.0,
            0.0,
            3.803653611920912e-05,
            0.0,
            0.0,
            0.0,
            0.0,
            0.0032648485503669164,
            0.0,
            0.0,
            0.0,
            0.0,
            0.0785326477433081,
            0.0,
            0.0,
            0.0,
            0.0,
            0.5293739423718001,
            0.0,
            0.0,
            0.0,
            0.0,
            1.0000000000000004
        ]
    ],
    "h": [
        [
            -0.3088272966076171,
            -0.4863590658777457,
            -2.247334536523905e-17,
            -0.3276251253420393,
            -3.908222917402889e-18,
            -0.6187546976730225,
            -0.4825599602937245,
            -2.692075452200486e-17,
            -0.0033183103252631962,
            -1.5963752969229146e-18,
            -0.3053328846846831,
            -0.3528411646012255,
            -9.430170694216141e-18,
            0.36377738109892205,
            2.609319076488147e-19,
            -0.03854634059408069,
            -0.18363185686356442,
            -9.031391516282061e-19,
            0.09591176444145258,
            6.183791899492178e-20,
            0.004934276500644286,
            -0.06896540526448705,
            -2.2851044689932216e-19,
            -0.019274825216699428,
            -1.266044101595003e-19,
            -0.010839962596467018,
            -0.02386485713225859,
            -2.330200632244475e-19,
            -0.00806820396730333,
            -8.207921284133876e-20
        ],
        [
            -0.4863590658777457,
            -0.3191675423556193,
            -2.7817710818313108e-18,
            -0.26837466031658186,
            -3.248403212386841e-18,
            -0.5727352202250948,
            -0.3752736663923866,
            -4.889088793674464e-18,
            0.10113294729449734,
            -1.353889257518733e-18,
            -0.3846963352833914,
            -0.3350006476350178,
            -1.2719601995065623e-18,
            0.20660797580388074,
            2.0627376464718403e-19,
            -0.18246738507955185,
            -0.23346515252756816,
            2.3334969869029667e-19,
            0.13697945308140957,
            1.322055719545288e-20,
            -0.06723693245772755,
            -0.1316885552638173,
            -3.7924479935731886e-19,
            0.055980189178965176,
            -1.1334511823678594e-19,
            -0.023864857132259262,
            -0.06286533028907576,
            -4.301255172742595e-19,
            0.016942692098694524,
            -6.513166491637756e-20
        ],
        [
            -2.247334536523905e-17,
            -2.7817710818313108e-18,
            1.4818353314924295,
            1.2824619601224235e-17,
            6.388276340413411e-34,
            2.0005375988505103e-17,
            1.9609897569570364e-17,
            0.4910842155819384,
            5.473077687033448e-17,
            5.670011287932183e-34,
            6.54628726866286e-17,
            3.6565075646805133e-17,
            -0.045757804465971386,
            1.5148026839994006e-17,
            2.5710514093559926e-34,
            4.8889361712371753e-17,
            3.363148955606811e-17,
            -0.009576348009606597,
            -3.9178106004323204e-17,
            4.5648160741814995e-35,
            4.097874079290729e-18,
            1.4972763156799838e-17,
            2.2791414781528113e-06,
            -3.2459012627610516e-17,
            -7.460265196459269e-35,
            -1.6375550931000335e-17,
            -2.8273607684098095e-18,
            -0.00011797521480361785,
            -1.2469675382569094e-18,
            -4.826556190850477e-35
        ],
        [
            -0.3276251253420393,
            -0.26837466031658186,
            1.2824619601224235e-17,
            1.1546250530088789,
            -2.7862750067768566e-18,
            -0.08490336241053908,
            -0.2632282033949472,
            1.755029243436277e-17,
            -0.5621147693966986,
            7.802099192207608e-19,
            -0.2956108073241841,
            -0.21905309816328322,
            7.227070421340506e-18,
            0.1313958346740116,
            2.7223621758610976e-19,
            -0.1002367571253566,
            -0.14387914381033162,
            1.9980060180369686e-18,
            0.14929874623529338,
            -9.403503877438453e-20,
            -0.005775258967943791,
            -0.06545227371918189,
            -6.740852819279022e-20,
            0.021816473282953996,
            -6.317061380697029e-20,
            0.00806820396730349,
            -0.016942692098694406,
            -2.6041514932355887e-19,
            -0.0020251218967178267,
            -2.718010743229881e-20
        ],
        [
            -3.908222917402889e-18,
            -3.248403212386841e-18,
            6.388276340413411e-34,
            -2.7862750067768566e-18,
            1.4818353314924293,
            -5.777471812961476e-18,
            -3.3889582312707313e-18,
            1.4284244860453074e-33,
            1.2267590185088942e-19,
            0.4910842155819384,
            -3.022219536941799e-18,
            -2.075066111123519e-18,
            7.578049878536745e-34,
            3.973237241120155e-18,
            -0.045757804465971386,
            1.0161140516957242e-18,
            8.186086376907007e-20,
            1.4712290266427318e-34,
            2.7550139621348107e-18,
            -0.009576348009606593,
            2.9681979476830956e-18,
            1.7373877074464534e-18,
            7.535453577093721e-36,
            4.108471738998613e-19,
            2.2791414781528113e-06,
            2.473704617916679e-18,
            2.150660073478814e-18,
            -2.6023773583462713e-36,
            -1.2004877532187186e-18,
            -0.00011797521480361785
        ],
        [
            -0.6187546976730225,
            -0.5727352202250948,
            2.0005375988505103e-17,
            -0.08490336241053908,
            -5.777471812961476e-18,
            -0.5304588532946268,
            -0.6376133195679416,
            2.226365150976808e-17,
            0.021058782852635072,
            -1.270844144609551e-18,
            -0.6033219337828153,
            -0.5581139036185188,
            1.0720434475216993e-17,
            0.05292001129477075,
            5.249740601854512e-19,
            -0.3085107025252837,
            -0.3785451427502152,
            3.474258924189104e-18,
            0.30686280028551094,
            -1.506162611339951e-19,
            -0.06301853984359776,
            -0.19124126666115654,
            -1.623648455412062e-19,
            0.10929369775421192,
            -1.5750801645322852e-19,
            0.004934276500643644,
            -0.06723693245772769,
            -5.815512719588388e-19,
            0.005775258967943937,
            -6.170138920160319e-20
        ],
        [
            -0.4825599602937245,
            -0.3752736663923866,
            1.9609897569570364e-17,
            -0.2632282033949472,
            -3.3889582312707313e-18,
            -0.6376133195679416,
            -0.44912378618231363,
            1.76492463591763e-17,
            -0.012764557587928216,
            -1.8450692774531332e-18,
            -0.5661166139427911,
            -0.4395527514366613,
            6.4147540810102e-18,
            0.12903036168682258,
            -2.0690451295862401e-19,
            -0.3847806283943681,
            -0.35570390025610643,
            6.977571137849284e-19,
            0.18093776158385488,
            -2.428617832491042e-20,
            -0.1912412666611551,
            -0.23856364830225796,
            -7.707303562276704e-19,
            0.141088981259127,
            -7.497808671985038e-20,
            -0.06896540526448686,
            -0.1316885552638169,
            -6.534273574426715e-19,
            0.06545227371918161,
            -4.572446668430463e-20
        ],
        [
            -2.692075452200486e-17,
            -4.889088793674464e-18,
            0.4910842155819384,
            1.755029243436277e-17,
            1.4284244860453074e-33,
            2.226365150976808e-17,
            1.76492463591763e-17,
            1.3824385299458009,
            6.035473687397512e-17,
            -1.961331537933762e-35,
            7.047962245080891e-17,
            3.201121352372348e-17,
            0.4710631625590882,
            1.2619582013465627e-17,
            -3.897750135129158e-34,
            4.098676459534575e-17,
            2.301662388411196e-17,
            -0.04705489207174765,
            -5.602619370555236e-17,
            -1.1978883356409867e-34,
            -1.7328271701816863e-17,
            -1.1633977422004585e-18,
            -0.010610222639155582,
            -3.7373364498191904e-17,
            -1.5457276470852613e-34,
            -3.503891253650167e-17,
            -1.9468219192178085e-17,
            2.27914147810451e-06,
            7.627144294418091e-18,
            -7.702823808239938e-35
        ],
        [
            -0.0033183103252631962,
            0.10113294729449734,
            5.473077687033448e-17,
            -0.5621147693966986,
            1.2267590185088942e-19,
            0.021058782852635072,
            -0.012764557587928216,
            6.035473687397512e-17,
            0.6997865936423544,
            -7.871749701752163e-19,
            -0.07157576742003946,
            -0.1350465412598421,
            2.4496215261244016e-17,
            -0.7215590753151152,
            2.2514135377096503e-20,
            -0.36252043104427795,
            -0.18760018740783524,
            5.351303573733814e-18,
            0.1602327905563803,
            -2.7308714401993827e-19,
            -0.10929369775421277,
            -0.14108898125912642,
            3.2161089788076093e-19,
            0.2078161582077328,
            2.265059547671669e-20,
            0.019274825216698696,
            -0.055980189178966216,
            -2.5668448832745327e-19,
            0.02181647328295392,
            7.1912341133647e-20
        ],
        [
            -1.5963752969229146e-18,
            -1.353889257518733e-18,
            5.670011287932183e-34,
            7.802099192207608e-19,
            0.4910842155819384,
            -1.270844144609551e-18,
            -1.8450692774531332e-18,
            -1.961331537933762e-35,
            -7.871749701752163e-19,
            1.3824385299458006,
            -3.0769880645430204e-18,
            -2.5619665330813274e-18,
            -3.171458699213006e-34,
            -1.7690898247397375e-18,
            0.4710631625590882,
            -3.784452867159279e-18,
            -3.0275250705864803e-18,
            -8.726949070701336e-35,
            5.19314401604323e-19,
            -0.04705489207174765,
            -2.8519248886913846e-18,
            -2.793797733595232e-18,
            -2.2174015097635476e-36,
            1.091910740146247e-18,
            -0.010610222639155582,
            -1.5615747067398387e-18,
            -2.007645829671475e-18,
            2.311203574428818e-36,
            1.0378700634774368e-18,
            2.2791414781043475e-06
        ],
        [
            -0.3053328846846831,
            -0.3846963352833914,
            6.54628726866286e-17,
            -0.2956108073241841,
            -3.022219536941799e-18,
            -0.6033219337828153,
            -0.5661166139427911,
            7.047962245080891e-17,
            -0.07157576742003946,
            -3.0769880645430204e-18,
            -0.5610465513587086,
            -0.6474164533124744,
            2.809970123072382e-17,
            -0.053475100083111626,
            -9.670578301539012e-19,
            -0.6665227220667433,
            -0.5749743818750643,
            4.29390690581177e-18,
            0.08520051218430269,
            -1.4218373938413427e-19,
            -0.3085107025252843,
            -0.3847806283943689,
            -2.300315915154283e-19,
            0.362520431044278,
            1.3007468689736749e-20,
            -0.03854634059408077,
            -0.182467385079553,
            -6.198959200524589e-19,
            0.10023675712535621,
            4.7070749642272334e-20
        ],
        [
            -0.3528411646012255,
            -0.3350006476350178,
            3.6565075646805133e-17,
            -0.21905309816328322,
            -2.075066111123519e-18,
            -0.5581139036185188,
            -0.4395527514366613,
            3.201121352372348e-17,
            -0.1350465412598421,
            -2.5619665330813274e-18,
            -0.6474164533124744,
            -0.48408129060315486,
            8.930960457888674e-18,
            -0.014491279672202088,
            -1.2322480482852758e-18,
            -0.5749743818750646,
            -0.45163326331412845,
            -1.0252573214207453e-18,
            0.13903525562945868,
            -1.0194966876580201e-19,
            -0.37854514275021267,
            -0.35570390025610643,
            -1.5370496029348737e-18,
            0.18760018740783524,
            4.254491995602128e-21,
            -0.18363185686356304,
            -0.23346515252756672,
            -7.773763435102134e-19,
            0.14387914381033107,
            -1.0461850289255137e-20
        ],
        [
            -9.430170694216141e-18,
            -1.2719601995065623e-18,
            -0.045757804465971386,
            7.227070421340506e-18,
            7.578049878536745e-34,
            1.0720434475216993e-17,
            6.4147540810102e-18,
            0.4710631625590882,
            2.4496215261244016e-17,
            -3.171458699213006e-34,
            2.809970123072382e-17,
            8.930960457888674e-18,
            1.3646678408006696,
            2.2347278789616924e-18,
            -4.203768703877135e-34,
            1.0696710619050321e-17,
            9.124984812395321e-19,
            0.466085164803814,
            -2.962271749673593e-17,
            -1.2154099493659696e-34,
            -2.105173980487023e-17,
            -1.2104674020584438e-17,
            -0.047054892071747456,
            -1.995155452043273e-17,
            -1.2101569930689681e-34,
            -2.7221957243827304e-17,
            -1.9516683512145738e-17,
            -0.009576348009606567,
            8.815238441652448e-18,
            -5.437020980339781e-35
        ],
        [
            0.36377738109892205,
            0.20660797580388074,
            1.5148026839994006e-17,
            0.1313958346740116,
            3.973237241120155e-18,
            0.05292001129477075,
            0.12903036168682258,
            1.2619582013465627e-17,
            -0.7215590753151152,
            -1.7690898247397375e-18,
            -0.053475100083111626,
            -0.014491279672202088,
            2.2347278789616924e-18,
            0.665221640939464,
            -2.4917676990022483e-18,
            -0.08520051218430313,
            -0.13903525562945768,
            -4.997013184159722e-18,
            -0.6118548945741518,
            3.13253591730175e-19,
            -0.30686280028551083,
            -0.18093776158385394,
            -5.633731303858716e-19,
            0.1602327905563814,
            2.320384125993833e-19,
            -0.09591176444145084,
            -0.1369794530814092,
            2.0675553033043314e-19,
            0.14929874623529268,
            8.926466716911487e-20
        ],
        [
            2.609319076488147e-19,
            2.0627376464718403e-19,
            2.5710514093559926e-34,
            2.7223621758610976e-19,
            -0.045757804465971386,
            5.249740601854512e-19,
            -2.0690451295862401e-19,
            -3.897750135129158e-34,
            2.2514135377096503e-20,
            0.4710631625590882,
            -9.670578301539012e-19,
            -1.2322480482852758e-18,
            -4.203768703877135e-34,
            -2.4917676990022483e-18,
            1.3646678408006694,
            -3.523762530178237e-18,
            -2.4144058826705588e-18,
            -9.568674416434252e-35,
            -1.4636639978700255e-18,
            0.4660851648038139,
            -3.7712916249523214e-18,
            -2.923267159925489e-18,
            -1.804821582488647e-36,
            9.906179525807764e-19,
            -0.047054892071747456,
            -2.282690626797242e-18,
            -2.4761641488952e-18,
            3.014232143610046e-36,
            1.4948210525667268e-18,
            -0.009576348009606564
        ],
        [
            -0.03854634059408069,
            -0.18246738507955185,
            4.8889361712371753e-17,
            -0.1002367571253566,
            1.0161140516957242e-18,
            -0.3085107025252837,
            -0.3847806283943681,
            4.098676459534575e-17,
            -0.36252043104427795,
            -3.784452867159279e-18,
            -0.6665227220667433,
            -0.5749743818750646,
            1.0696710619050321e-17,
            -0.08520051218430313,
            -3.523762530178237e-18,
            -0.5610465513587064,
            -0.6474164533124716,
            -3.996284736266741e-18,
            0.0534751000831141,
            -2.020594662766593e-19,
            -0.6033219337828104,
            -0.5661166139427898,
            -2.13446044465661e-18,
            0.07157576742003968,
            2.0854214225780403e-19,
            -0.3053328846846803,
            -0.3846963352833901,
            -3.9826176595559535e-19,
            0.29561080732418243,
            1.495751286977936e-20
        ],
        [
            -0.18363185686356442,
            -0.23346515252756816,
            3.363148955606811e-17,
            -0.14387914381033162,
            8.186086376907007e-20,
            -0.3785451427502152,
            -0.35570390025610643,
            2.301662388411196e-17,
            -0.18760018740783524,
            -3.0275250705864803e-18,
            -0.5749743818750643,
            -0.45163326331412845,
            9.124984812395321e-19,
