{
    "HF": -3.2098925721327527,
    "coordinates": [
        [
            0.0,
            0.0,
            0.0
        ],
        [
            0.8,
            0.0,
            0.0
        ],
        [
            1.6,
            0.0,
            0.0
        ],
        [
            2.4,
            0.0,
            0.0
        ],
        [
            3.2,
            0.0,
            0.0
        ],
        [
            4.0,
            0.0,
            0.0
        ]
    ],
    "elements": [
        "H",
        "H",
        "H",
        "H",
        "H",
        "H"
    ],
    "Enn": 5.754802168754998,
    "S": [
        [
            0.9999999999999999,
            0.6848602514927513,
            0.0,
            0.0,
            0.0,
            0.522861744791941,
            0.5475553489279366,
            0.0,
            -0.5202236966476841,
            0.0,
            0.09650198567979373,
            0.28015292036227113,
            0.0,
            -0.12810074212834316,
            0.0,
            0.006992999248237895,
            0.09200396267659126,
            0.0,
            -0.007855598076560763,
            0.0,
            0.00019568236525071463,
            0.019469212673647443,
            0.0,
            -0.00012652573221113938,
            0.0,
            2.017198394314069e-06,
            0.0026641625396760693,
            0.0,
            -5.427110253744595e-07,
            0.0
        ],
        [
            0.6848602514927513,
            1.0000000000000002,
            0.0,
            0.0,
            0.0,
            0.5475553489279366,
            0.8698675060725554,
            0.0,
            -0.1714547582565225,
            0.0,
            0.28015292036227124,
            0.5725486991197352,
            0.0,
            -0.16753330661609553,
            0.0,
            0.09200396267659126,
            0.2851530180903721,
            0.0,
            -0.07616026676502623,
            0.0,
            0.019469212673647453,
            0.10746071577775125,
            0.0,
            -0.01909051504014774,
            0.0,
            0.0026641625396760693,
            0.030642747430177416,
            0.0,
            -0.0027828674775050347,
            0.0
        ],
        [
            0.0,
            0.0,
            1.0000000000000004,
            0.0,
            0.0,
            0.0,
            0.0,
            0.4357125591332134,
            0.0,
            0.0,
            0.0,
            0.0,
            0.03604128888142802,
            0.0,
            0.0,
            0.0,
            0.0,
            0.0005659795054888335,
            0.0,
            0.0,
            0.0,
            0.0,
            1.6873347626513849e-06,
            0.0,
            0.0,
            0.0,
            0.0,
            9.549968945595543e-10,
            0.0,
            0.0
        ],
        [
            0.0,
            0.0,
            0.0,
            1.0000000000000004,
            0.0,
            0.5202236966476841,
            0.17145475825652237,
            0.0,
            -0.28824348330920363,
            0.0,
            0.12810074212834316,
            0.1675333066160954,
            0.0,
            -0.20349561053711857,
            0.0,
            0.007855598076560754,
            0.07616026676502616,
            0.0,
            -0.007897624466384381,
            0.0,
            0.00012652573221113938,
            0.019090515040147728,
            0.0,
            -4.316998858739276e-05,
            0.0,
            5.427110253744593e-07,
            0.0027828674775050356,
            0.0,
            -3.871426199170736e-08,
            0.0
        ],
        [
            0.0,
            0.0,
            0.0,
            0.0,
            1.0000000000000004,
            0.0,
            0.0,
            0.0,
            0.0,
            0.4357125591332134,
            0.0,
            0.0,
            0.0,
            0.0,
            0.03604128888142802,
            0.0,
            0.0,
            0.0,
            0.0,
            0.0005659795054888335,
            0.0,
            0.0,
            0.0,
            0.0,
            1.6873347626513849e-06,
            0.0,
            0.0,
            0.0,
            0.0,
            9.549968945595543e-10
        ],
        [
            0.522861744791941,
            0.5475553489279366,
            0.0,
            0.5202236966476841,
            0.0,
            0.9999999999999999,
            0.6848602514927513,
            0.0,
            0.0,
            0.0,
            0.522861744791941,
            0.5475553489279366,
            0.0,
            -0.5202236966476841,
            0.0,
            0.09650198567979386,
            0.28015292036227135,
            0.0,
            -0.1281007421283433,
            0.0,
            0.006992999248237881,
            0.0920039626765912,
            0.0,
            -0.007855598076560747,
            0.0,
            0.0001956823652507153,
            0.019469212673647474,
            0.0,
            -0.00012652573221113978,
            0.0
        ],
        [
            0.5475553489279366,
            0.8698675060725554,
            0.0,
            0.1714547582565225,
            0.0,
            0.6848602514927513,
            1.0000000000000002,
            0.0,
            0.0,
            0.0,
            0.5475553489279366,
            0.8698675060725554,
            0.0,
            -0.17145475825652232,
            0.0,
            0.2801529203622714,
            0.5725486991197354,
            0.0,
            -0.16753330661609547,
            0.0,
            0.0920039626765912,
            0.2851530180903719,
            0.0,
            -0.07616026676502613,
            0.0,
            0.01946921267364748,
            0.10746071577775132,
            0.0,
            -0.019090515040147776,
            0.0
        ],
        [
            0.0,
            0.0,
            0.4357125591332134,
            0.0,
            0.0,
            0.0,
            0.0,
            1.0000000000000004,
            0.0,
            0.0,
            0.0,
            0.0,
            0.4357125591332134,
            0.0,
            0.0,
            0.0,
            0.0,
            0.036041288881428074,
            0.0,
            0.0,
            0.0,
            0.0,
            0.000565979505488832,
            0.0,
            0.0,
            0.0,
            0.0,
            1.6873347626513967e-06,
            0.0,
            0.0
        ],
        [
            -0.5202236966476841,
            -0.1714547582565223,
            0.0,
            -0.28824348330920363,
            0.0,
            0.0,
            0.0,
            0.0,
            1.0000000000000004,
            0.0,
            0.5202236966476841,
            0.1714547582565223,
            0.0,
            -0.28824348330920363,
            0.0,
            0.1281007421283433,
            0.16753330661609542,
            0.0,
            -0.20349561053711873,
            0.0,
            0.007855598076560747,
            0.07616026676502616,
            0.0,
            -0.007897624466384364,
            0.0,
            0.00012652573221113978,
            0.019090515040147762,
            0.0,
            -4.316998858739305e-05,
            0.0
        ],
        [
            0.0,
            0.0,
            0.0,
            0.0,
            0.4357125591332134,
            0.0,
            0.0,
            0.0,
            0.0,
            1.0000000000000004,
            0.0,
            0.0,
            0.0,
            0.0,
            0.4357125591332134,
            0.0,
            0.0,
            0.0,
            0.0,
            0.036041288881428074,
            0.0,
            0.0,
            0.0,
            0.0,
            0.000565979505488832,
            0.0,
            0.0,
            0.0,
            0.0,
            1.6873347626513967e-06
        ],
        [
            0.09650198567979373,
            0.28015292036227113,
            0.0,
            0.12810074212834316,
            0.0,
            0.522861744791941,
            0.5475553489279366,
            0.0,
            0.5202236966476841,
            0.0,
            0.9999999999999999,
            0.6848602514927513,
            0.0,
            0.0,
            0.0,
            0.5228617447919414,
            0.5475553489279367,
            0.0,
            -0.5202236966476845,
            0.0,
            0.09650198567979373,
            0.28015292036227113,
            0.0,
            -0.12810074212834313,
            0.0,
            0.006992999248237895,
            0.09200396267659126,
            0.0,
            -0.007855598076560763,
            0.0
        ],
        [
            0.28015292036227124,
            0.5725486991197352,
            0.0,
            0.16753330661609553,
            0.0,
            0.5475553489279366,
            0.8698675060725554,
            0.0,
            0.1714547582565225,
            0.0,
            0.6848602514927513,
            1.0000000000000002,
            0.0,
            0.0,
            0.0,
            0.5475553489279367,
            0.8698675060725555,
            0.0,
            -0.17145475825652237,
            0.0,
            0.28015292036227124,
            0.5725486991197352,
            0.0,
            -0.16753330661609533,
            0.0,
            0.09200396267659126,
            0.2851530180903721,
            0.0,
            -0.07616026676502617,
            0.0
        ],
        [
            0.0,
            0.0,
            0.03604128888142802,
            0.0,
            0.0,
            0.0,
            0.0,
            0.4357125591332134,
            0.0,
            0.0,
            0.0,
            0.0,
            1.0000000000000004,
            0.0,
            0.0,
            0.0,
            0.0,
            0.43571255913321394,
            0.0,
            0.0,
            0.0,
            0.0,
            0.03604128888142802,
            0.0,
            0.0,
            0.0,
            0.0,
            0.0005659795054888335,
            0.0,
            0.0
        ],
        [
            -0.12810074212834316,
            -0.1675333066160953,
            0.0,
            -0.20349561053711857,
            0.0,
            -0.5202236966476841,
            -0.1714547582565223,
            0.0,
            -0.28824348330920363,
            0.0,
            0.0,
            0.0,
            0.0,
            1.0000000000000004,
            0.0,
            0.5202236966476844,
            0.17145475825652232,
            0.0,
            -0.2882434833092032,
            0.0,
            0.12810074212834313,
            0.1675333066160953,
            0.0,
            -0.20349561053711857,
            0.0,
            0.007855598076560754,
            0.07616026676502613,
            0.0,
            -0.007897624466384381,
            0.0
        ],
        [
            0.0,
            0.0,
            0.0,
            0.0,
            0.03604128888142802,
            0.0,
            0.0,
            0.0,
            0.0,
            0.4357125591332134,
            0.0,
            0.0,
            0.0,
            0.0,
            1.0000000000000004,
            0.0,
            0.0,
            0.0,
            0.0,
            0.43571255913321394,
            0.0,
            0.0,
            0.0,
            0.0,
            0.03604128888142802,
            0.0,
            0.0,
            0.0,
            0.0,
            0.0005659795054888335
        ],
        [
            0.006992999248237895,
            0.09200396267659126,
            0.0,
            0.007855598076560763,
            0.0,
            0.09650198567979386,
            0.28015292036227135,
            0.0,
            0.1281007421283433,
            0.0,
            0.5228617447919414,
            0.5475553489279367,
            0.0,
            0.5202236966476845,
            0.0,
            0.9999999999999999,
            0.6848602514927513,
            0.0,
            0.0,
            0.0,
            0.5228617447919406,
            0.5475553489279364,
            0.0,
            -0.5202236966476838,
            0.0,
            0.09650198567979373,
            0.28015292036227113,
            0.0,
            -0.12810074212834313,
            0.0
        ],
        [
            0.09200396267659126,
            0.2851530180903721,
            0.0,
            0.07616026676502623,
            0.0,
            0.2801529203622714,
            0.5725486991197354,
            0.0,
            0.16753330661609547,
            0.0,
            0.5475553489279367,
            0.8698675060725555,
            0.0,
            0.17145475825652237,
            0.0,
            0.6848602514927513,
            1.0000000000000002,
            0.0,
            0.0,
            0.0,
            0.5475553489279364,
            0.8698675060725551,
            0.0,
            -0.17145475825652226,
            0.0,
            0.28015292036227124,
            0.5725486991197352,
            0.0,
            -0.16753330661609533,
            0.0
        ],
        [
            0.0,
            0.0,
            0.0005659795054888335,
            0.0,
            0.0,
            0.0,
            0.0,
            0.036041288881428074,
            0.0,
            0.0,
            0.0,
            0.0,
            0.43571255913321394,
            0.0,
            0.0,
            0.0,
            0.0,
            1.0000000000000004,
            0.0,
            0.0,
            0.0,
            0.0,
            0.4357125591332131,
            0.0,
            0.0,
            0.0,
            0.0,
            0.03604128888142802,
            0.0,
            0.0
        ],
        [
            -0.007855598076560754,
            -0.07616026676502613,
            0.0,
            -0.007897624466384381,
            0.0,
            -0.1281007421283433,
            -0.16753330661609542,
            0.0,
            -0.20349561053711873,
            0.0,
            -0.5202236966476844,
            -0.17145475825652232,
            0.0,
            -0.2882434833092032,
            0.0,
            0.0,
            0.0,
            0.0,
            1.0000000000000004,
            0.0,
            0.5202236966476838,
            0.17145475825652223,
            0.0,
            -0.2882434833092043,
            0.0,
            0.12810074212834313,
            0.1675333066160953,
            0.0,
            -0.20349561053711857,
            0.0
        ],
        [
            0.0,
            0.0,
            0.0,
            0.0,
            0.0005659795054888335,
            0.0,
            0.0,
            0.0,
            0.0,
            0.036041288881428074,
            0.0,
            0.0,
            0.0,
            0.0,
            0.43571255913321394,
            0.0,
            0.0,
            0.0,
            0.0,
            1.0000000000000004,
            0.0,
            0.0,
            0.0,
            0.0,
            0.4357125591332131,
            0.0,
            0.0,
            0.0,
            0.0,
            0.03604128888142802
        ],
        [
            0.00019568236525071463,
            0.019469212673647443,
            0.0,
            0.00012652573221113938,
            0.0,
            0.006992999248237881,
            0.0920039626765912,
            0.0,
            0.00785559807656075,
            0.0,
            0.09650198567979373,
            0.28015292036227113,
            0.0,
            0.12810074212834313,
            0.0,
            0.5228617447919406,
            0.5475553489279364,
            0.0,
            0.5202236966476838,
            0.0,
            0.9999999999999999,
            0.6848602514927513,
            0.0,
            0.0,
            0.0,
            0.5228617447919414,
            0.5475553489279367,
            0.0,
            -0.5202236966476845,
            0.0
        ],
        [
            0.019469212673647453,
            0.10746071577775125,
            0.0,
            0.01909051504014774,
            0.0,
            0.0920039626765912,
            0.2851530180903719,
            0.0,
            0.07616026676502619,
            0.0,
            0.28015292036227124,
            0.5725486991197352,
            0.0,
            0.16753330661609553,
            0.0,
            0.5475553489279364,
            0.8698675060725551,
            0.0,
            0.17145475825652226,
            0.0,
            0.6848602514927513,
            1.0000000000000002,
            0.0,
            0.0,
            0.0,
            0.5475553489279367,
            0.8698675060725555,
            0.0,
            -0.17145475825652237,
            0.0
        ],
        [
            0.0,
            0.0,
            1.6873347626513849e-06,
            0.0,
            0.0,
            0.0,
            0.0,
            0.000565979505488832,
            0.0,
            0.0,
            0.0,
            0.0,
            0.03604128888142802,
            0.0,
            0.0,
            0.0,
            0.0,
            0.4357125591332131,
            0.0,
            0.0,
            0.0,
            0.0,
            1.0000000000000004,
            0.0,
            0.0,
            0.0,
            0.0,
            0.43571255913321394,
            0.0,
            0.0
        ],
        [
            -0.00012652573221113938,
            -0.01909051504014772,
            0.0,
            -4.316998858739276e-05,
            0.0,
            -0.007855598076560747,
            -0.07616026676502612,
            0.0,
            -0.007897624466384364,
            0.0,
            -0.12810074212834313,
            -0.1675333066160953,
            0.0,
            -0.20349561053711857,
            0.0,
            -0.5202236966476838,
            -0.17145475825652223,
            0.0,
            -0.2882434833092043,
            0.0,
            0.0,
            0.0,
            0.0,
            1.0000000000000004,
            0.0,
            0.5202236966476844,
            0.17145475825652232,
            0.0,
            -0.2882434833092032,
            0.0
        ],
        [
            0.0,
            0.0,
            0.0,
            0.0,
            1.6873347626513849e-06,
            0.0,
            0.0,
            0.0,
            0.0,
            0.000565979505488832,
            0.0,
            0.0,
            0.0,
            0.0,
            0.03604128888142802,
            0.0,
            0.0,
            0.0,
            0.0,
            0.4357125591332131,
            0.0,
            0.0,
            0.0,
            0.0,
            1.0000000000000004,
            0.0,
            0.0,
            0.0,
            0.0,
            0.43571255913321394
        ],
        [
            2.017198394314069e-06,
            0.0026641625396760693,
            0.0,
            5.427110253744595e-07,
            0.0,
            0.0001956823652507153,
            0.019469212673647474,
            0.0,
            0.0001265257322111398,
            0.0,
            0.006992999248237895,
            0.09200396267659126,
            0.0,
            0.007855598076560763,
            0.0,
            0.09650198567979373,
            0.28015292036227113,
            0.0,
            0.12810074212834313,
            0.0,
            0.5228617447919414,
            0.5475553489279367,
            0.0,
            0.5202236966476845,
            0.0,
            0.9999999999999999,
            0.6848602514927513,
            0.0,
            0.0,
            0.0
        ],
        [
            0.0026641625396760693,
            0.030642747430177416,
            0.0,
            0.0027828674775050347,
            0.0,
            0.01946921267364748,
            0.10746071577775132,
            0.0,
            0.019090515040147776,
            0.0,
            0.09200396267659126,
            0.2851530180903721,
            0.0,
            0.07616026676502623,
            0.0,
            0.28015292036227124,
            0.5725486991197352,
            0.0,
            0.16753330661609533,
            0.0,
            0.5475553489279367,
            0.8698675060725555,
            0.0,
            0.17145475825652237,
            0.0,
            0.6848602514927513,
            1.0000000000000002,
            0.0,
            0.0,
            0.0
        ],
        [
            0.0,
            0.0,
            9.549968945595543e-10,
            0.0,
            0.0,
            0.0,
            0.0,
            1.6873347626513967e-06,
            0.0,
            0.0,
            0.0,
            0.0,
            0.0005659795054888335,
            0.0,
            0.0,
            0.0,
            0.0,
            0.03604128888142802,
            0.0,
            0.0,
            0.0,
            0.0,
            0.43571255913321394,
            0.0,
            0.0,
            0.0,
            0.0,
            1.0000000000000004,
            0.0,
            0.0
        ],
        [
            -5.427110253744593e-07,
            -0.0027828674775050343,
            0.0,
            -3.871426199170736e-08,
            0.0,
            -0.00012652573221113978,
            -0.019090515040147752,
            0.0,
            -4.3169988587393045e-05,
            0.0,
            -0.007855598076560754,
            -0.07616026676502613,
            0.0,
            -0.007897624466384381,
            0.0,
            -0.12810074212834313,
            -0.1675333066160953,
            0.0,
            -0.20349561053711857,
            0.0,
            -0.5202236966476844,
            -0.17145475825652232,
            0.0,
            -0.2882434833092032,
            0.0,
            0.0,
            0.0,
            0.0,
            1.0000000000000004,
            0.0
        ],
        [
            0.0,
            0.0,
            0.0,
            0.0,
            9.549968945595543e-10,
            0.0,
            0.0,
            0.0,
            0.0,
            1.6873347626513967e-06,
            0.0,
            0.0,
            0.0,
            0.0,
            0.0005659795054888335,
            0.0,
            0.0,
            0.0,
            0.0,
            0.03604128888142802,
            0.0,
            0.0,
            0.0,
            0.0,
            0.43571255913321394,
            0.0,
            0.0,
            0.0,
            0.0,
            1.0000000000000004
        ]
    ],
    "h": [
        [
            -0.24082792146288323,
            -0.4557198133443626,
            -1.9037478858463926e-18,
            -0.26711468472584343,
            -1.753882946077001e-17,
            -0.5507657617973016,
            -0.4481215732902556,
            3.5631863741418934e-18,
            0.030215306385885432,
            -1.2495873352043154e-17,
            -0.21404331538266658,
            -0.29509599397646435,
            2.817955361505493e-18,
            0.28805202212517333,
            -3.805205882209676e-18,
            -0.00021812774900364928,
            -0.12075997866706562,
            9.245969729694667e-19,
            0.040177934305941215,
            -8.548002055615286e-19,
            0.007656788475020059,
            -0.03072294771374611,
            1.9079206230550156e-19,
            -0.022483982807729792,
            -1.1258772526183084e-19,
            -0.011281104772834274,
            -0.01062865425552292,
            -3.0230844680672795e-20,
            -0.004077392287196473,
            -4.3573218216994933e-23
        ],
        [
            -0.4557198133443626,
            -0.30640477755615714,
            6.738584556294032e-18,
            -0.23280588579149786,
            -1.995279885223296e-17,
            -0.521702967606555,
            -0.3612898457963216,
            7.30611727449977e-18,
            0.11123829559680334,
            -9.61394117059543e-18,
            -0.30794925824416786,
            -0.2995242180896883,
            2.7563459936162914e-18,
            0.18124227070705157,
            -1.3383720063447577e-18,
            -0.1159616633916273,
            -0.18072334887292352,
            9.25174418981609e-19,
            0.09807646819567714,
            -3.4906225250801644e-19,
            -0.030914540278791446,
            -0.08333598546002058,
            3.239258830345199e-19,
            0.026545503467198223,
            -6.989555294511027e-20,
            -0.010628654255522826,
            -0.032117228106347456,
            7.375404844914967e-20,
            0.004610508087349374,
            -8.191543377888238e-21
        ],
        [
            -1.9037478858463926e-18,
            6.738584556294032e-18,
            1.4928829020217103,
            9.638444370717016e-18,
            6.796293872533083e-33,
            2.0702678874450685e-17,
            2.1081578109526707e-17,
            0.35228551939008146,
            2.0534098127627227e-17,
            1.6280134024961592e-33,
            3.8584326510509525e-17,
            3.066266282086013e-17,
            -0.042654276089285334,
            3.3208946903147e-18,
            -4.211303124938262e-34,
            2.933064907586445e-17,
            2.722487075443563e-17,
            -0.002047990403160964,
            -1.5287053702244106e-17,
            -8.718002702122835e-35,
            8.362017753670605e-18,
            1.4716416738113953e-17,
            0.00015659965966882997,
            -1.3165805718889501e-17,
            1.3106156598371964e-37,
            -2.450791828763756e-18,
            3.520733467667252e-18,
            -0.00010403508000257596,
            -2.2085295959318332e-18,
            4.496031931084675e-36
        ],
        [
            -0.26711468472584343,
            -0.23280588579149786,
            9.638444370717016e-18,
            1.2312096336983838,
            -1.4543192616056584e-17,
            -0.07281343488046921,
            -0.22066229591649622,
            7.274586724439005e-18,
            -0.6700650780277748,
            -5.102955070522603e-19,
            -0.2244754523005537,
            -0.1757822296419967,
            4.8184771563332185e-19,
            0.21890073069726979,
            -7.021042466607161e-19,
            -0.04356199623604014,
            -0.10050500161739118,
            1.9793914801746692e-19,
            0.06275855764439431,
            -1.2476071292628629e-19,
            0.0017241978767736422,
            -0.03398004405852852,
            1.6970264969893336e-19,
            0.005203544783606802,
            1.0421444632920694e-20,
            0.0040773922871965495,
            -0.004610508087349363,
            7.74186005402779e-20,
            -0.0020967759831387604,
            2.4804317186088992e-21
        ],
        [
            -1.753882946077001e-17,
            -1.995279885223296e-17,
            6.796293872533083e-33,
            -1.4543192616056584e-17,
            1.49288290202171,
            -3.4013394030050566e-17,
            -2.778478029462523e-17,
            3.5390847785113186e-33,
            -5.19034893675759e-18,
            0.35228551939008146,
            -2.8775965305993594e-17,
            -2.774155303472937e-17,
            5.148876707510464e-34,
            1.0232147258161156e-17,
            -0.042654276089285334,
            -1.6010796704703677e-17,
            -2.029262581372431e-17,
            3.584716863841926e-35,
            8.285210912062073e-18,
            -0.0020479904031609646,
            -6.749446272205012e-18,
            -1.1318708528723456e-17,
            3.540882768022757e-36,
            4.742329395081749e-18,
            0.00015659965966882997,
            -2.0855396084107054e-18,
            -4.96160752939551e-18,
            4.6254251495241596e-36,
            1.902213850887505e-18,
            -0.00010403508000257594
        ],
        [
            -0.5507657617973016,
            -0.521702967606555,
            2.0702678874450685e-17,
            -0.07281343488046921,
            -3.4013394030050566e-17,
            -0.41508699551546746,
            -0.5874227399131333,
            1.3284671934542798e-17,
            0.035258056248119424,
            -9.876937508599665e-18,
            -0.5042768283574388,
            -0.49393562911812094,
            1.5585809045913643e-18,
            0.05137744857389093,
            5.067181266302627e-19,
            -0.21407713496142228,
            -0.30289429056356443,
            4.724335737943361e-19,
            0.23244355356103855,
            6.581257521328943e-20,
            -0.02571102569725121,
            -0.12610384832411384,
            4.2566356593226673e-19,
            0.05255640874252017,
            1.727533176182553e-20,
            0.007656788475020206,
            -0.030914540278791307,
            1.9268147125902667e-19,
            -0.001724197876773682,
            -7.016798429115923e-21
        ],
        [
            -0.4481215732902556,
            -0.3612898457963216,
            2.1081578109526707e-17,
            -0.22066229591649622,
            -2.778478029462523e-17,
            -0.5874227399131333,
            -0.43410540376536,
            1.41859007479858e-17,
            0.0055623124637653315,
            -9.056749102178646e-18,
            -0.49904476806320264,
            -0.4111729043968877,
            3.3227987543115027e-18,
            0.11520184440531911,
            1.3420785531990046e-18,
            -0.31229688726681326,
            -0.3106664455396986,
            1.1728682158132852e-18,
            0.15636873505704968,
            3.0185587077569933e-19,
            -0.12610384832411414,
            -0.18439179778001513,
            5.29610800006263e-19,
            0.10661703316161991,
            -3.420409990096179e-20,
            -0.030722947713746118,
            -0.08333598546002055,
            2.1342861238680387e-19,
            0.03398004405852858,
            -2.0030153319954594e-20
        ],
        [
            3.5631863741418934e-18,
            7.30611727449977e-18,
            0.35228551939008146,
            7.274586724439005e-18,
            3.5390847785113186e-33,
            1.3284671934542798e-17,
            1.41859007479858e-17,
            1.4163152054433434,
            5.085471618743593e-18,
            2.1200559818240917e-34,
            1.794258876574365e-17,
            1.977858747979968e-17,
            0.34121108856628257,
            2.347203531940693e-18,
            -3.2002012083396163e-34,
            2.0831631286686235e-17,
            2.1947994201791754e-17,
            -0.04301818883143778,
            1.187622404258798e-18,
            1.2913692309102691e-34,
            1.8998180798590055e-17,
            1.982280454099151e-17,
            -0.00284615292562647,
            -3.8070011915152634e-18,
            3.983557756980229e-35,
            1.1476484229571617e-17,
            1.4188744008602207e-17,
            0.00015659965966883783,
            -6.594176107249382e-18,
            -6.419938273151782e-36
        ],
        [
            0.030215306385885432,
            0.11123829559680334,
            2.0534098127627227e-17,
            -0.6700650780277748,
            -5.19034893675759e-18,
            0.035258056248119424,
            0.0055623124637653315,
            5.085471618743593e-18,
            0.8755726519362361,
            1.8506873717613996e-18,
            -0.06132302816584567,
            -0.11671014772425536,
            -1.9148690299804417e-18,
            -0.7822862874178287,
            6.563168894979665e-18,
            -0.2837677769781396,
            -0.1651515436117591,
            -8.212520167423168e-19,
            0.23581954628383106,
            1.4272253970089122e-18,
            -0.052556408742519906,
            -0.10661703316161963,
            1.132216300744356e-19,
            0.10635383309762786,
            1.4941473848665865e-19,
            0.022483982807729893,
            -0.026545503467197924,
            2.0073962874637089e-19,
            0.005203544783606668,
            -1.897239109053985e-20
        ],
        [
            -1.2495873352043154e-17,
            -9.61394117059543e-18,
            1.6280134024961592e-33,
            -5.102955070522603e-19,
            0.35228551939008146,
            -9.876937508599665e-18,
            -9.056749102178646e-18,
            2.1200559818240917e-34,
            1.8506873717613996e-18,
            1.4163152054433432,
            -6.627681212196545e-18,
            -6.429263795058105e-18,
            -1.347485940567199e-34,
            3.6080554135211905e-18,
            0.34121108856628257,
            -1.901730068519455e-18,
            -3.3200370345785172e-18,
            -1.5377940198549062e-35,
            2.860319690574821e-18,
            -0.04301818883143778,
            2.7582531634733687e-19,
            -1.0037159192127013e-18,
            1.1632403274938713e-36,
            4.531638787336146e-19,
            -0.0028461529256264694,
            4.0740977774372536e-19,
            1.7633346762446984e-20,
            1.0995191064290826e-36,
            -2.30241213708626e-19,
            0.00015659965966883783
        ],
        [
            -0.21404331538266658,
            -0.30794925824416786,
            3.8584326510509525e-17,
            -0.2244754523005537,
            -2.8775965305993594e-17,
            -0.5042768283574388,
            -0.49904476806320264,
            1.794258876574365e-17,
            -0.06132302816584567,
            -6.627681212196545e-18,
            -0.43412827789893704,
            -0.5920048012229622,
            1.2652396322702293e-18,
            -0.050909096577247306,
            6.12447432797594e-18,
            -0.5743886901462272,
            -0.5159304278483077,
            5.405077187211886e-19,
            0.07875764705279131,
            1.7085463668433393e-18,
            -0.21407713496142194,
            -0.3122968872668126,
            4.604654790433856e-19,
            0.28376777697813954,
            4.9110707325133e-20,
            -0.00021812774900357296,
            -0.11596166339162711,
            3.3460513190013874e-19,
            0.043561996236040026,
            -6.480541191566217e-20
        ],
        [
            -0.29509599397646435,
            -0.2995242180896883,
            3.066266282086013e-17,
            -0.1757822296419967,
            -2.774155303472937e-17,
            -0.49393562911812094,
            -0.4111729043968877,
            1.977858747979968e-17,
            -0.11671014772425536,
            -6.429263795058105e-18,
            -0.5920048012229622,
            -0.4586081163590161,
            4.86294219951361e-18,
            -0.020379780638677552,
            3.908482623577505e-18,
            -0.5159304278483081,
            -0.4199847123637106,
            1.7244955157021163e-18,
            0.1318523784824287,
            7.927827629726008e-19,
            -0.3028942905635652,
            -0.31066644553969835,
            6.963373731598021e-19,
            0.16515154361175927,
            -3.746190787511149e-20,
            -0.12075997866706562,
            -0.1807233488729239,
            2.954232833973416e-19,
            0.10050500161739123,
            7.7056033291207575e-22
        ],
        [
            2.817955361505493e-18,
            2.7563459936162914e-18,
            -0.042654276089285334,
            4.8184771563332185e-19,
            5.148876707510464e-34,
            1.5585809045913643e-18,
            3.3227987543115027e-18,
            0.34121108856628257,
            -1.9148690299804417e-18,
            -1.347485940567199e-34,
            1.2652396322702293e-18,
            4.86294219951361e-18,
            1.4048391778041591,
            1.6660879344144044e-18,
            -3.060964545885087e-35,
            6.355885048712632e-18,
            7.855383704380091e-18,
            0.3388011603455603,
            5.396727465573981e-18,
            1.3899278571931892e-34,
            1.1558701139294072e-17,
            1.0164085694501483e-17,
            -0.04301818883143772,
            1.3772998941171815e-18,
            3.192990447903583e-35,
            9.24729055593139e-18,
            9.373891263099994e-18,
            -0.0020479904031609542,
            -4.3333954423938356e-18,
            -6.082387926650622e-36
        ],
        [
            0.28805202212517333,
            0.18124227070705157,
            3.3208946903147e-18,
            0.21890073069726979,
            1.0232147258161156e-17,
            0.05137744857389093,
            0.11520184440531911,
            2.347203531940693e-18,
            -0.7822862874178287,
            3.6080554135211905e-18,
            -0.050909096577247306,
            -0.020379780638677552,
            1.6660879344144044e-18,
            0.8586439207234684,
            7.076574507743435e-19,
            -0.07875764705279131,
            -0.13185237848242953,
            1.168642605236543e-18,
            -0.6925100758461258,
            5.650311791000095e-19,
            -0.23244355356103852,
            -0.15636873505704962,
            -2.7856700966194803e-20,
            0.23581954628383084,
            -1.391118304828059e-19,
            -0.04017793430594117,
            -0.09807646819567689,
            -6.561416043440065e-22,
            0.0627585576443942,
            -5.625810824887364e-20
        ],
        [
            -3.805205882209676e-18,
            -1.3383720063447577e-18,
            -4.211303124938262e-34,
            -7.021042466607161e-19,
            -0.042654276089285334,
            5.067181266302627e-19,
            1.3420785531990046e-18,
            -3.2002012083396163e-34,
            6.563168894979665e-18,
            0.34121108856628257,
            6.12447432797594e-18,
            3.908482623577505e-18,
            -3.060964545885087e-35,
            7.076574507743435e-19,
            1.404839177804159,
            4.304450247972444e-18,
            3.9198306055726466e-18,
            1.0210071036930327e-35,
            -2.8434533610436525e-18,
            0.3388011603455603,
            8.566247495609551e-19,
            2.061007121675445e-18,
            6.865017466796695e-37,
            -1.7905872477826853e-18,
            -0.04301818883143772,
            -4.573864622813471e-19,
            4.1903223513815386e-19,
            -1.9708741159935752e-36,
            -1.2589415447122875e-19,
            -0.0020479904031609542
        ],
        [
            -0.00021812774900364928,
            -0.1159616633916273,
            2.933064907586445e-17,
            -0.04356199623604014,
            -1.6010796704703677e-17,
            -0.21407713496142228,
            -0.31229688726681326,
            2.0831631286686235e-17,
            -0.2837677769781396,
            -1.901730068519455e-18,
            -0.5743886901462272,
            -0.5159304278483081,
            6.355885048712632e-18,
            -0.07875764705279131,
            4.304450247972444e-18,
            -0.43412827789893793,
            -0.5920048012229646,
            2.379878304154296e-18,
            0.050909096577247535,
            7.236736192353237e-19,
            -0.5042768283574395,
            -0.4990447680632024,
            6.344201592607894e-19,
            0.06132302816584523,
            -1.8656954828130234e-19,
            -0.21404331538266613,
            -0.30794925824416747,
            2.1219702798803146e-19,
            0.2244754523005536,
            -2.3671931628073528e-20
        ],
        [
            -0.12075997866706562,
            -0.18072334887292352,
            2.722487075443563e-17,
            -0.10050500161739118,
            -2.029262581372431e-17,
            -0.30289429056356443,
            -0.3106664455396986,
            2.1947994201791754e-17,
            -0.1651515436117591,
            -3.3200370345785172e-18,
