{
    "HF": -3.2430394825531303,
    "coordinates": [
        [
            0.0,
            0.0,
            0.0
        ],
        [
            0.9,
            0.0,
            0.0
        ],
        [
            1.8,
            0.0,
            0.0
        ],
        [
            2.7,
            0.0,
            0.0
        ],
        [
            3.6,
            0.0,
            0.0
        ],
        [
            4.5,
            0.0,
            0.0
        ]
    ],
    "elements": [
        "H",
        "H",
        "H",
        "H",
        "H",
        "H"
    ],
    "Enn": 5.115379705560001,
    "S": [
        [
            0.9999999999999999,
            0.6848602514927513,
            0.0,
            0.0,
            0.0,
            0.4462879121174718,
            0.5159769911967133,
            0.0,
            -0.47894101979401027,
            0.0,
            0.05459186262713134,
            0.22104805329171323,
            0.0,
            -0.0721782316226826,
            0.0,
            0.002051418101060292,
            0.05409549673888419,
            0.0,
            -0.001953683595156311,
            0.0,
            2.2544190954142265e-05,
            0.007604015794880222,
            0.0,
            -9.761614101673427e-06,
            0.0,
            6.909596874111341e-08,
            0.0006166204617508895,
            0.0,
            -9.274610897098788e-09,
            0.0
        ],
        [
            0.6848602514927513,
            1.0000000000000002,
            0.0,
            0.0,
            0.0,
            0.5159769911967133,
            0.838243780702534,
            0.0,
            -0.18103338278073813,
            0.0,
            0.22104805329171323,
            0.49372072671821526,
            0.0,
            -0.14624468474732574,
            0.0,
            0.05409549673888419,
            0.20433043474267154,
            0.0,
            -0.04841616616226552,
            0.0,
            0.007604015794880222,
            0.059419013648835894,
            0.0,
            -0.007785308013405154,
            0.0,
            0.000616620461750889,
            0.012141112890847381,
            0.0,
            -0.0006412983127052166,
            0.0
        ],
        [
            0.0,
            0.0,
            1.0000000000000004,
            0.0,
            0.0,
            0.0,
            0.0,
            0.34943193986186244,
            0.0,
            0.0,
            0.0,
            0.0,
            0.014909064608637022,
            0.0,
            0.0,
            0.0,
            0.0,
            7.767180410119911e-05,
            0.0,
            0.0,
            0.0,
            0.0,
            4.9408490648249275e-08,
            0.0,
            0.0,
            0.0,
            0.0,
            3.8376466065667445e-12,
            0.0,
            0.0
        ],
        [
            0.0,
            0.0,
            0.0,
            1.0000000000000004,
            0.0,
            0.47894101979401016,
            0.18103338278073802,
            0.0,
            -0.38538602088409935,
            0.0,
            0.07217823162268258,
            0.14624468474732566,
            0.0,
            -0.11049960246031332,
            0.0,
            0.0019536835951563126,
            0.048416166162265475,
            0.0,
            -0.0013923475950326969,
            0.0,
            9.761614101673423e-06,
            0.007785308013405156,
            0.0,
            -1.6130037710830646e-06,
            0.0,
            9.274610897098754e-09,
            0.0006412983127052163,
            0.0,
            -1.979163526569112e-10,
            0.0
        ],
        [
            0.0,
            0.0,
            0.0,
            0.0,
            1.0000000000000004,
            0.0,
            0.0,
            0.0,
            0.0,
            0.34943193986186244,
            0.0,
            0.0,
            0.0,
            0.0,
            0.014909064608637022,
            0.0,
            0.0,
            0.0,
            0.0,
            7.767180410119911e-05,
            0.0,
            0.0,
            0.0,
            0.0,
            4.9408490648249275e-08,
            0.0,
            0.0,
            0.0,
            0.0,
            3.8376466065667445e-12
        ],
        [
            0.4462879121174718,
            0.5159769911967133,
            0.0,
            0.47894101979401027,
            0.0,
            0.9999999999999999,
            0.6848602514927513,
            0.0,
            0.0,
            0.0,
            0.4462879121174718,
            0.5159769911967133,
            0.0,
            -0.47894101979401044,
            0.0,
            0.05459186262713131,
            0.22104805329171312,
            0.0,
            -0.0721782316226825,
            0.0,
            0.002051418101060292,
            0.05409549673888419,
            0.0,
            -0.00195368359515631,
            0.0,
            2.2544190954142265e-05,
            0.007604015794880222,
            0.0,
            -9.761614101673423e-06,
            0.0
        ],
        [
            0.5159769911967133,
            0.838243780702534,
            0.0,
            0.18103338278073813,
            0.0,
            0.6848602514927513,
            1.0000000000000002,
            0.0,
            0.0,
            0.0,
            0.5159769911967133,
            0.838243780702534,
            0.0,
            -0.18103338278073797,
            0.0,
            0.22104805329171312,
            0.49372072671821515,
            0.0,
            -0.14624468474732558,
            0.0,
            0.05409549673888419,
            0.20433043474267154,
            0.0,
            -0.04841616616226552,
            0.0,
            0.007604015794880222,
            0.059419013648835894,
            0.0,
            -0.007785308013405147,
            0.0
        ],
        [
            0.0,
            0.0,
            0.34943193986186244,
            0.0,
            0.0,
            0.0,
            0.0,
            1.0000000000000004,
            0.0,
            0.0,
            0.0,
            0.0,
            0.34943193986186244,
            0.0,
            0.0,
            0.0,
            0.0,
            0.014909064608636995,
            0.0,
            0.0,
            0.0,
            0.0,
            7.767180410119911e-05,
            0.0,
            0.0,
            0.0,
            0.0,
            4.9408490648249275e-08,
            0.0,
            0.0
        ],
        [
            -0.47894101979401016,
            -0.18103338278073794,
            0.0,
            -0.38538602088409935,
            0.0,
            0.0,
            0.0,
            0.0,
            1.0000000000000004,
            0.0,
            0.4789410197940101,
            0.18103338278073794,
            0.0,
            -0.3853860208840991,
            0.0,
            0.0721782316226825,
            0.1462446847473257,
            0.0,
            -0.11049960246031314,
            0.0,
            0.001953683595156312,
            0.048416166162265475,
            0.0,
            -0.001392347595032697,
            0.0,
            9.761614101673422e-06,
            0.007785308013405156,
            0.0,
            -1.6130037710830644e-06,
            0.0
        ],
        [
            0.0,
            0.0,
            0.0,
            0.0,
            0.34943193986186244,
            0.0,
            0.0,
            0.0,
            0.0,
            1.0000000000000004,
            0.0,
            0.0,
            0.0,
            0.0,
            0.34943193986186244,
            0.0,
            0.0,
            0.0,
            0.0,
            0.014909064608636995,
            0.0,
            0.0,
            0.0,
            0.0,
            7.767180410119911e-05,
            0.0,
            0.0,
            0.0,
            0.0,
            4.9408490648249275e-08
        ],
        [
            0.05459186262713134,
            0.22104805329171323,
            0.0,
            0.0721782316226826,
            0.0,
            0.4462879121174718,
            0.5159769911967133,
            0.0,
            0.4789410197940101,
            0.0,
            0.9999999999999999,
            0.6848602514927513,
            0.0,
            0.0,
            0.0,
            0.44628791211747176,
            0.5159769911967133,
            0.0,
            -0.47894101979401016,
            0.0,
            0.05459186262713134,
            0.22104805329171323,
            0.0,
            -0.07217823162268262,
            0.0,
            0.0020514181010602953,
            0.05409549673888423,
            0.0,
            -0.001953683595156316,
            0.0
        ],
        [
            0.22104805329171323,
            0.49372072671821526,
            0.0,
            0.14624468474732574,
            0.0,
            0.5159769911967133,
            0.838243780702534,
            0.0,
            0.18103338278073813,
            0.0,
            0.6848602514927513,
            1.0000000000000002,
            0.0,
            0.0,
            0.0,
            0.5159769911967133,
            0.838243780702534,
            0.0,
            -0.18103338278073797,
            0.0,
            0.22104805329171323,
            0.49372072671821526,
            0.0,
            -0.1462446847473256,
            0.0,
            0.05409549673888423,
            0.20433043474267157,
            0.0,
            -0.04841616616226551,
            0.0
        ],
        [
            0.0,
            0.0,
            0.014909064608637022,
            0.0,
            0.0,
            0.0,
            0.0,
            0.34943193986186244,
            0.0,
            0.0,
            0.0,
            0.0,
            1.0000000000000004,
            0.0,
            0.0,
            0.0,
            0.0,
            0.3494319398618622,
            0.0,
            0.0,
            0.0,
            0.0,
            0.014909064608637022,
            0.0,
            0.0,
            0.0,
            0.0,
            7.767180410119911e-05,
            0.0,
            0.0
        ],
        [
            -0.07217823162268258,
            -0.1462446847473256,
            0.0,
            -0.11049960246031332,
            0.0,
            -0.47894101979401016,
            -0.18103338278073794,
            0.0,
            -0.38538602088409935,
            0.0,
            0.0,
            0.0,
            0.0,
            1.0000000000000004,
            0.0,
            0.47894101979401016,
            0.18103338278073794,
            0.0,
            -0.3853860208840993,
            0.0,
            0.07217823162268258,
            0.1462446847473256,
            0.0,
            -0.11049960246031329,
            0.0,
            0.0019536835951563126,
            0.04841616616226547,
            0.0,
            -0.0013923475950326962,
            0.0
        ],
        [
            0.0,
            0.0,
            0.0,
            0.0,
            0.014909064608637022,
            0.0,
            0.0,
            0.0,
            0.0,
            0.34943193986186244,
            0.0,
            0.0,
            0.0,
            0.0,
            1.0000000000000004,
            0.0,
            0.0,
            0.0,
            0.0,
            0.3494319398618622,
            0.0,
            0.0,
            0.0,
            0.0,
            0.014909064608637022,
            0.0,
            0.0,
            0.0,
            0.0,
            7.767180410119911e-05
        ],
        [
            0.002051418101060292,
            0.05409549673888419,
            0.0,
            0.001953683595156311,
            0.0,
            0.05459186262713131,
            0.22104805329171312,
            0.0,
            0.0721782316226825,
            0.0,
            0.44628791211747176,
            0.5159769911967133,
            0.0,
            0.47894101979401016,
            0.0,
            0.9999999999999999,
            0.6848602514927513,
            0.0,
            0.0,
            0.0,
            0.446287912117472,
            0.5159769911967134,
            0.0,
            -0.47894101979401055,
            0.0,
            0.05459186262713141,
            0.22104805329171334,
            0.0,
            -0.07217823162268268,
            0.0
        ],
        [
            0.05409549673888419,
            0.20433043474267154,
            0.0,
            0.04841616616226552,
            0.0,
            0.22104805329171312,
            0.49372072671821515,
            0.0,
            0.14624468474732571,
            0.0,
            0.5159769911967133,
            0.838243780702534,
            0.0,
            0.18103338278073797,
            0.0,
            0.6848602514927513,
            1.0000000000000002,
            0.0,
            0.0,
            0.0,
            0.5159769911967134,
            0.8382437807025341,
            0.0,
            -0.18103338278073805,
            0.0,
            0.22104805329171334,
            0.49372072671821543,
            0.0,
            -0.14624468474732574,
            0.0
        ],
        [
            0.0,
            0.0,
            7.767180410119911e-05,
            0.0,
            0.0,
            0.0,
            0.0,
            0.014909064608636995,
            0.0,
            0.0,
            0.0,
            0.0,
            0.3494319398618622,
            0.0,
            0.0,
            0.0,
            0.0,
            1.0000000000000004,
            0.0,
            0.0,
            0.0,
            0.0,
            0.3494319398618626,
            0.0,
            0.0,
            0.0,
            0.0,
            0.014909064608637047,
            0.0,
            0.0
        ],
        [
            -0.0019536835951563126,
            -0.04841616616226551,
            0.0,
            -0.0013923475950326969,
            0.0,
            -0.07217823162268247,
            -0.14624468474732555,
            0.0,
            -0.11049960246031314,
            0.0,
            -0.47894101979401016,
            -0.18103338278073794,
            0.0,
            -0.3853860208840993,
            0.0,
            0.0,
            0.0,
            0.0,
            1.0000000000000004,
            0.0,
            0.47894101979401005,
            0.18103338278073797,
            0.0,
            -0.38538602088409907,
            0.0,
            0.07217823162268268,
            0.14624468474732574,
            0.0,
            -0.11049960246031343,
            0.0
        ],
        [
            0.0,
            0.0,
            0.0,
            0.0,
            7.767180410119911e-05,
            0.0,
            0.0,
            0.0,
            0.0,
            0.014909064608636995,
            0.0,
            0.0,
            0.0,
            0.0,
            0.3494319398618622,
            0.0,
            0.0,
            0.0,
            0.0,
            1.0000000000000004,
            0.0,
            0.0,
            0.0,
            0.0,
            0.3494319398618626,
            0.0,
            0.0,
            0.0,
            0.0,
            0.014909064608637047
        ],
        [
            2.2544190954142265e-05,
            0.007604015794880222,
            0.0,
            9.761614101673427e-06,
            0.0,
            0.002051418101060292,
            0.05409549673888419,
            0.0,
            0.0019536835951563104,
            0.0,
            0.05459186262713134,
            0.22104805329171323,
            0.0,
            0.07217823162268258,
            0.0,
            0.446287912117472,
            0.5159769911967134,
            0.0,
            0.47894101979401055,
            0.0,
            0.9999999999999999,
            0.6848602514927513,
            0.0,
            0.0,
            0.0,
            0.446287912117472,
            0.5159769911967134,
            0.0,
            -0.47894101979401055,
            0.0
        ],
        [
            0.007604015794880222,
            0.059419013648835894,
            0.0,
            0.007785308013405154,
            0.0,
            0.05409549673888419,
            0.20433043474267154,
            0.0,
            0.04841616616226549,
            0.0,
            0.22104805329171323,
            0.49372072671821526,
            0.0,
            0.14624468474732574,
            0.0,
            0.5159769911967134,
            0.8382437807025341,
            0.0,
            0.18103338278073805,
            0.0,
            0.6848602514927513,
            1.0000000000000002,
            0.0,
            0.0,
            0.0,
            0.5159769911967134,
            0.8382437807025341,
            0.0,
            -0.18103338278073738,
            0.0
        ],
        [
            0.0,
            0.0,
            4.9408490648249275e-08,
            0.0,
            0.0,
            0.0,
            0.0,
            7.767180410119911e-05,
            0.0,
            0.0,
            0.0,
            0.0,
            0.014909064608637022,
            0.0,
            0.0,
            0.0,
            0.0,
            0.3494319398618626,
            0.0,
            0.0,
            0.0,
            0.0,
            1.0000000000000004,
            0.0,
            0.0,
            0.0,
            0.0,
            0.3494319398618626,
            0.0,
            0.0
        ],
        [
            -9.761614101673423e-06,
            -0.0077853080134051515,
            0.0,
            -1.6130037710830646e-06,
            0.0,
            -0.0019536835951563126,
            -0.04841616616226551,
            0.0,
            -0.0013923475950326969,
            0.0,
            -0.07217823162268258,
            -0.1462446847473256,
            0.0,
            -0.11049960246031332,
            0.0,
            -0.47894101979401005,
            -0.18103338278073797,
            0.0,
            -0.38538602088409907,
            0.0,
            0.0,
            0.0,
            0.0,
            1.0000000000000004,
            0.0,
            0.4789410197940101,
            0.18103338278073797,
            0.0,
            -0.38538602088409907,
            0.0
        ],
        [
            0.0,
            0.0,
            0.0,
            0.0,
            4.9408490648249275e-08,
            0.0,
            0.0,
            0.0,
            0.0,
            7.767180410119911e-05,
            0.0,
            0.0,
            0.0,
            0.0,
            0.014909064608637022,
            0.0,
            0.0,
            0.0,
            0.0,
            0.3494319398618626,
            0.0,
            0.0,
            0.0,
            0.0,
            1.0000000000000004,
            0.0,
            0.0,
            0.0,
            0.0,
            0.3494319398618626
        ],
        [
            6.909596874111341e-08,
            0.0006166204617508895,
            0.0,
            9.274610897098788e-09,
            0.0,
            2.2544190954142265e-05,
            0.007604015794880222,
            0.0,
            9.761614101673425e-06,
            0.0,
            0.0020514181010602953,
            0.05409549673888423,
            0.0,
            0.001953683595156316,
            0.0,
            0.05459186262713141,
            0.22104805329171334,
            0.0,
            0.07217823162268268,
            0.0,
            0.446287912117472,
            0.5159769911967134,
            0.0,
            0.4789410197940106,
            0.0,
            0.9999999999999999,
            0.6848602514927513,
            0.0,
            0.0,
            0.0
        ],
        [
            0.000616620461750889,
            0.012141112890847381,
            0.0,
            0.0006412983127052166,
            0.0,
            0.007604015794880222,
            0.059419013648835894,
            0.0,
            0.007785308013405151,
            0.0,
            0.05409549673888423,
            0.20433043474267157,
            0.0,
            0.04841616616226551,
            0.0,
            0.22104805329171334,
            0.49372072671821543,
            0.0,
            0.14624468474732574,
            0.0,
            0.5159769911967134,
            0.8382437807025341,
            0.0,
            0.18103338278073805,
            0.0,
            0.6848602514927513,
            1.0000000000000002,
            0.0,
            0.0,
            0.0
        ],
        [
            0.0,
            0.0,
            3.8376466065667445e-12,
            0.0,
            0.0,
            0.0,
            0.0,
            4.9408490648249275e-08,
            0.0,
            0.0,
            0.0,
            0.0,
            7.767180410119911e-05,
            0.0,
            0.0,
            0.0,
            0.0,
            0.014909064608637047,
            0.0,
            0.0,
            0.0,
            0.0,
            0.3494319398618626,
            0.0,
            0.0,
            0.0,
            0.0,
            1.0000000000000004,
            0.0,
            0.0
        ],
        [
            -9.274610897098755e-09,
            -0.0006412983127052165,
            0.0,
            -1.979163526569112e-10,
            0.0,
            -9.761614101673423e-06,
            -0.0077853080134051515,
            0.0,
            -1.6130037710830646e-06,
            0.0,
            -0.0019536835951563117,
            -0.04841616616226547,
            0.0,
            -0.0013923475950326965,
            0.0,
            -0.07217823162268268,
            -0.14624468474732574,
            0.0,
            -0.11049960246031343,
            0.0,
            -0.47894101979401005,
            -0.1810333827807386,
            0.0,
            -0.38538602088409907,
            0.0,
            0.0,
            0.0,
            0.0,
            1.0000000000000004,
            0.0
        ],
        [
            0.0,
            0.0,
            0.0,
            0.0,
            3.8376466065667445e-12,
            0.0,
            0.0,
            0.0,
            0.0,
            4.9408490648249275e-08,
            0.0,
            0.0,
            0.0,
            0.0,
            7.767180410119911e-05,
            0.0,
            0.0,
            0.0,
            0.0,
            0.014909064608637047,
            0.0,
            0.0,
            0.0,
            0.0,
            0.3494319398618626,
            0.0,
            0.0,
            0.0,
            0.0,
            1.0000000000000004
        ]
    ],
    "h": [
        [
            -0.18901558009163977,
            -0.43021943504945104,
            -1.2023032845852227e-17,
            -0.21414032786354928,
            -6.062827010081638e-18,
            -0.4931344618038922,
            -0.4189098916892069,
            -6.929511644909745e-18,
            0.059056198802626914,
            -1.7543530217726587e-17,
            -0.14710570879081958,
            -0.24563701272382454,
            -4.613351625970585e-19,
            0.21654279376775884,
            -4.975959956715207e-18,
            0.016234414419454262,
            -0.07461724322529331,
            1.1542531315585694e-22,
            0.013808305204444031,
            2.320420133250234e-19,
            0.006546438586604247,
            -0.010247529330135813,
            -8.023339822968369e-20,
            -0.01941494264187365,
            6.217249879258265e-20,
            -0.01081666585189887,
            -0.006399403131391467,
            -7.264444850039544e-20,
            -0.001666400254303863,
            -4.704711691526538e-20
        ],
        [
            -0.43021943504945104,
            -0.2957919377337286,
            -7.841738931579816e-18,
            -0.19919489694889647,
            -4.6923061842769624e-18,
            -0.47698499105260206,
            -0.3488287962538601,
            -7.075736140502179e-19,
            0.10970727025652147,
            -1.1418184551670083e-17,
            -0.24537739745503218,
            -0.2659349635598933,
            1.4065587218066856e-18,
            0.1559585189548516,
            -2.6146292837504103e-18,
            -0.06917619727641515,
            -0.1357223591395494,
            2.514543119686981e-19,
            0.06699968893130409,
            4.820361613914109e-19,
            -0.012141291016664965,
            -0.04941681142977543,
            -1.4028947004884997e-19,
            0.008989746849094583,
            1.6699245137103851e-19,
            -0.006399403131391493,
            -0.01590207109151015,
            -1.212055091404995e-19,
            0.0004952859078972342,
            1.5611944731831057e-20
        ],
        [
            -1.2023032845852227e-17,
            -7.841738931579816e-18,
            1.497929821805333,
            -2.6043971526135913e-18,
            -2.539409736516596e-33,
            -3.723409895881996e-18,
            -1.7539544267733516e-18,
            0.23275235291844076,
            1.2976699533212713e-17,
            -3.192143458762912e-34,
            1.1324776905796362e-17,
            5.507448326222556e-18,
            -0.028592837320906925,
            3.703628954693596e-18,
            3.6599128746913925e-34,
            7.725819943542609e-18,
            5.475084346127542e-18,
            -1.5156999802577427e-05,
            -7.061904219285158e-18,
            1.1555227391088487e-34,
            -2.703894956620955e-18,
            -2.0264135863243088e-19,
            0.00010492578956261626,
            -4.968854015644943e-18,
            1.421358649707609e-35,
            -5.499262608326711e-18,
            -3.97129226928885e-18,
            -8.131135028464592e-05,
            1.322399248503296e-18,
            -8.245730642023458e-36
        ],
        [
            -0.21414032786354928,
            -0.19919489694889647,
            -2.6043971526135913e-18,
            1.2950890581317105,
            -1.3865757970333962e-18,
            -0.07903774095822402,
            -0.18291976059391613,
            3.587836382759648e-18,
            -0.6991616701356109,
            -2.1516290410673005e-18,
            -0.16214669527058106,
            -0.14143109926591177,
            2.070776981242932e-18,
            0.21126581924180954,
            -2.611718662185911e-18,
            -0.016157835276164267,
            -0.06793801068913527,
            2.8747339895544793e-19,
            0.0241644528245269,
            9.452398992861464e-20,
            0.0027944262728897976,
            -0.015627477829885668,
            -5.642643339489199e-20,
            0.000275553710517888,
            9.341905741973215e-20,
            0.0016664002543038867,
            -0.000495285907897281,
            -5.601616530016435e-20,
            -0.0013864222506974019,
            2.9894672975350144e-20
        ],
        [
            -6.062827010081638e-18,
            -4.6923061842769624e-18,
            -2.539409736516596e-33,
            -1.3865757970333962e-18,
            1.4979298218053327,
            -5.669630834462728e-18,
            -1.8459058512970297e-18,
            -2.580323810101982e-33,
            4.747510549852378e-18,
            0.23275235291844076,
            5.627721898623379e-18,
            2.703745430724928e-18,
            -6.981915687153272e-34,
            5.949338329243364e-18,
            -0.028592837320906925,
            6.2330134057290374e-18,
            3.801729225618601e-18,
            -9.182640382834854e-35,
            -4.116032135518246e-18,
            -1.5156999802577427e-05,
            -7.571961814144659e-19,
            6.424717191098418e-19,
            -9.635063054844013e-36,
            -3.813283462104902e-18,
            0.00010492578956261626,
            -3.338027654081628e-18,
            -2.111711889000713e-18,
            -2.3895987607721435e-36,
            5.323780028104031e-19,
            -8.131135028464592e-05
        ],
        [
            -0.4931344618038922,
            -0.47698499105260206,
            -3.723409895881996e-18,
            -0.07903774095822402,
            -5.669630834462728e-18,
            -0.32568020351071025,
            -0.543340528165829,
            9.222016543472687e-18,
            0.03896873556955885,
            -7.99129526177739e-18,
            -0.4284405106030774,
            -0.4384044682268802,
            5.591416590316053e-18,
            0.061700377235178516,
            -2.3090944700405896e-18,
            -0.14587910837431173,
            -0.24125357783699908,
            9.7447222229979e-19,
            0.16739657646365455,
            4.560532396553361e-19,
            -0.008515001213064553,
            -0.08062749010242387,
            -1.7027949193896968e-19,
            0.02427090463375088,
            2.755555665773338e-19,
            0.006546438586604234,
            -0.012141291016665001,
            -1.6474635603859634e-19,
            -0.002794426272889905,
            9.658753534648181e-20
        ],
        [
            -0.4189098916892069,
            -0.3488287962538601,
            -1.7539544267733516e-18,
            -0.18291976059391613,
            -1.8459058512970297e-18,
            -0.543340528165829,
            -0.4184410079359011,
            9.31696440687562e-18,
            0.016232369976062228,
            -4.288606007420877e-18,
            -0.4416545694672305,
            -0.38300158412180774,
            4.184057720007264e-18,
            0.10032858644114107,
            1.32828672397003e-18,
            -0.25359782497388006,
            -0.2703945253794383,
            3.0474018821061897e-19,
            0.13236087565591237,
            1.0817886875839327e-18,
            -0.08062749010242376,
            -0.14024686639517792,
            -2.596963616802993e-19,
            0.07746981996644414,
            3.390972441970068e-19,
            -0.01024752933013574,
            -0.04941681142977544,
            -1.8597111405124128e-19,
            0.01562747782988544,
            1.1640586620851885e-19
        ],
        [
            -6.929511644909745e-18,
            -7.075736140502179e-19,
            0.23275235291844076,
            3.587836382759648e-18,
            -2.580323810101982e-33,
            9.222016543472687e-18,
            9.31696440687562e-18,
            1.4403158925356492,
            1.5300206341807047e-17,
            3.0775369075304252e-33,
            2.5158139758576134e-17,
            1.5094606816303727e-17,
            0.22667627275633528,
            3.692225282950333e-19,
            2.174981206173992e-33,
            9.02110329678348e-18,
            7.066389625323683e-18,
            -0.028662993297860748,
            -1.724798657765789e-17,
            3.860522549753181e-34,
            -1.2328472756033123e-17,
            -6.656497125041862e-18,
            -0.0006070206530559607,
            -7.996154295949011e-18,
            3.810913316951198e-35,
            -1.4270740125483545e-17,
            -1.238816525241619e-17,
            0.00010492578956261755,
            4.974198988809838e-18,
            -1.6160419937326084e-35
        ],
        [
            0.059056198802626914,
            0.10970727025652147,
            1.2976699533212713e-17,
            -0.6991616701356109,
            4.747510549852378e-18,
            0.03896873556955885,
            0.016232369976062228,
            1.5300206341807047e-17,
            1.0271189200898583,
            1.0700355851016531e-17,
            -0.06701629736416947,
            -0.09998070059218817,
            4.128345441489262e-18,
            -0.7771844109697931,
            7.237590349672276e-18,
            -0.21210183612376926,
            -0.14340498692454196,
            9.147333649078986e-19,
            0.2208002421712153,
            1.5812578903830872e-19,
            -0.024270904633750843,
            -0.07746981996644385,
            -2.1395052417537435e-20,
            0.05569929822843353,
            1.0227448170186656e-19,
            0.019414942641873663,
            -0.008989746849094659,
            -3.590292390969838e-20,
            0.0002755537105177306,
            1.1710834609228789e-19
        ],
        [
            -1.7543530217726587e-17,
            -1.1418184551670083e-17,
            -3.192143458762912e-34,
            -2.1516290410673005e-18,
            0.23275235291844076,
            -7.99129526177739e-18,
            -4.288606007420877e-18,
            3.0775369075304252e-33,
            1.0700355851016531e-17,
            1.440315892535649,
            8.287392087514092e-18,
            7.99342492650396e-18,
            1.9998868113462897e-33,
            9.922088697013852e-18,
            0.22667627275633528,
            1.8375910606483314e-17,
            1.685530938409954e-17,
            3.0877918945383056e-34,
            2.333668569552022e-18,
            -0.028662993297860748,
            1.7028789738597986e-17,
            1.7701281718957588e-17,
            2.1125692922981971e-35,
            -3.648728266529391e-18,
            -0.0006070206530559607,
            9.535253402404992e-18,
            1.2425685259377515e-17,
            2.2549143359911665e-36,
            -5.389537059559919e-18,
            0.00010492578956261755
        ],
        [
            -0.14710570879081958,
            -0.24537739745503218,
            1.1324776905796362e-17,
            -0.16214669527058106,
            5.627721898623379e-18,
            -0.4284405106030774,
            -0.4416545694672305,
            2.5158139758576134e-17,
            -0.06701629736416947,
            8.287392087514092e-18,
            -0.33740017237638,
            -0.5448382421599898,
            7.586498009960278e-18,
            -0.045949467712371586,
            8.384548459569366e-18,
            -0.5027370633152868,
            -0.46706849089535885,
            3.92203752430243e-19,
            0.08535257176148714,
            1.2551426086287448e-18,
            -0.14587910837431187,
            -0.2535978249738795,
            -1.7965733646580604e-19,
            0.21210183612376995,
            2.5164034968534893e-19,
            0.016234414419454397,
            -0.06917619727641514,
            -1.4031826364703097e-19,
            0.016157835276163886,
            1.9542603280528996e-19
        ],
        [
            -0.24563701272382454,
            -0.2659349635598933,
            5.507448326222556e-18,
            -0.14143109926591177,
            2.703745430724928e-18,
            -0.4384044682268802,
            -0.38300158412180774,
            1.5094606816303727e-17,
            -0.09998070059218817,
            7.99342492650396e-18,
            -0.5448382421599898,
            -0.43438105150852824,
            3.9982467199837554e-18,
            -0.023840302443380826,
            7.935064233315553e-18,
            -0.46706849089535774,
            -0.3920206754103035,
            -7.200809303718967e-19,
            0.1205065581548378,
            2.1202614547155685e-18,
            -0.2412535778369992,
            -0.27039452537943853,
            -4.581784523889145e-19,
            0.14340498692454196,
            5.469924868830917e-19,
            -0.07461724322529317,
            -0.13572235913954972,
            -2.030105673326572e-19,
            0.06793801068913499,
            1.830435012557047e-19
        ],
        [
            -4.613351625970585e-19,
            1.4065587218066856e-18,
            -0.028592837320906925,
            2.070776981242932e-18,
            -6.981915687153272e-34,
            5.591416590316053e-18,
            4.184057720007264e-18,
            0.22667627275633528,
            4.128345441489262e-18,
            1.9998868113462897e-33,
            7.586498009960278e-18,
            3.9982467199837554e-18,
            1.4324976576008062,
            -9.35999830193669e-19,
            1.2408755490194758e-33,
            6.130940639633067e-19,
            -1.181802936747331e-18,
            0.22569951710981173,
            -7.953445190281241e-18,
            2.4874005190844306e-34,
            -9.70462237440922e-18,
            -7.325630819396688e-18,
            -0.02866299329786075,
            -3.651576787907912e-18,
            2.6546004198105297e-35,
            -9.218409141855828e-18,
            -8.805816048860751e-18,
            -1.5156999802561815e-05,
            3.7362142548584316e-18,
            -9.336251976191356e-36
        ],
        [
            0.21654279376775884,
            0.1559585189548516,
            3.703628954693596e-18,
            0.21126581924180954,
            5.949338329243364e-18,
            0.061700377235178516,
            0.10032858644114107,
            3.692225282950333e-19,
            -0.7771844109697931,
            9.922088697013852e-18,
            -0.045949467712371586,
            -0.023840302443380826,
            -9.35999830193669e-19,
            1.0184578948270637,
            3.841216456710606e-18,
            -0.08535257176148803,
            -0.12050655815483818,
            -2.0230200665205612e-18,
            -0.7093578395636713,
            9.14135346523812e-19,
            -0.1673965764636543,
            -0.13236087565591215,
            -2.836058085918988e-20,
            0.22080024217121547,
            -8.141141075893612e-20,
            -0.013808305204443875,
            -0.06699968893130395,
            5.225533210282085e-20,
            0.024164452824526735,
            9.52043683906499e-21
        ],
        [
            -4.975959956715207e-18,
            -2.6146292837504103e-18,
            3.6599128746913925e-34,
            -2.611718662185911e-18,
            -0.028592837320906925,
            -2.3090944700405896e-18,
            1.32828672397003e-18,
            2.174981206173992e-33,
            7.237590349672276e-18,
            0.22667627275633528,
            8.384548459569366e-18,
            7.935064233315553e-18,
            1.2408755490194758e-33,
            3.841216456710606e-18,
            1.432497657600806,
            1.1778837225002153e-17,
            1.2349922964003508e-17,
            2.224460547456042e-34,
            1.1779075700730169e-18,
            0.22569951710981173,
            1.1804089107154954e-17,
            1.2414485392696603e-17,
            1.8617721008591532e-35,
            -1.4370920451622871e-18,
            -0.028662993297860744,
            7.349430584864296e-18,
            9.031837894482421e-18,
            2.4546279812535148e-36,
            -3.84778110989114e-18,
            -1.5156999802561815e-05
        ],
        [
            0.016234414419454262,
            -0.06917619727641515,
            7.725819943542609e-18,
            -0.016157835276164267,
            6.2330134057290374e-18,
            -0.14587910837431173,
            -0.25359782497388006,
            9.02110329678348e-18,
            -0.21210183612376926,
            1.8375910606483314e-17,
            -0.5027370633152868,
            -0.46706849089535774,
            6.130940639633067e-19,
            -0.08535257176148803,
            1.1778837225002153e-17,
            -0.3374001723763782,
            -0.54483824215999,
            -2.5278957032473422e-18,
            0.04594946771237169,
            2.8109233752918625e-18,
            -0.42844051060307653,
            -0.4416545694672305,
            -5.7209995263434515e-19,
            0.06701629736416925,
            5.51019946235895e-19,
            -0.14710570879081936,
            -0.24537739745503218,
            -1.0234940892650486e-19,
            0.16214669527058095,
            1.2666890586413741e-19
        ],
        [
            -0.07461724322529331,
            -0.1357223591395494,
            5.475084346127542e-18,
            -0.06793801068913527,
            3.801729225618601e-18,
            -0.24125357783699908,
            -0.2703945253794383,
