{
    "HF": -3.2355058912013206,
    "coordinates": [
        [
            0.0,
            0.0,
            0.0
        ],
        [
            1.0,
            0.0,
            0.0
        ],
        [
            2.0,
            0.0,
            0.0
        ],
        [
            3.0,
            0.0,
            0.0
        ],
        [
            4.0,
            0.0,
            0.0
        ],
        [
            5.0,
            0.0,
            0.0
        ]
    ],
    "elements": [
        "H",
        "H",
        "H",
        "H",
        "H",
        "H"
    ],
    "Enn": 4.603841735004002,
    "S": [
        [
            0.9999999999999999,
            0.6848602514927513,
            0.0,
            0.0,
            0.0,
            0.375128456639564,
            0.48284142031510635,
            0.0,
            -0.42735597148698057,
            0.0,
            0.02915955210954658,
            0.16965538024636875,
            0.0,
            -0.03745231479155643,
            0.0,
            0.0005247322196738468,
            0.02990649942494152,
            0.0,
            -0.00040247823683652387,
            0.0,
            2.017198394314069e-06,
            0.0026641625396760693,
            0.0,
            -5.427110253744595e-07,
            0.0,
            1.5915455173982203e-09,
            0.00012051003204405506,
            0.0,
            -9.565230096732805e-11,
            0.0
        ],
        [
            0.6848602514927513,
            1.0000000000000002,
            0.0,
            0.0,
            0.0,
            0.48284142031510635,
            0.8042581700033132,
            0.0,
            -0.18738393703621525,
            0.0,
            0.16965538024636875,
            0.4183906064901829,
            0.0,
            -0.12237772912422547,
            0.0,
            0.02990649942494154,
            0.14078595531747087,
            0.0,
            -0.028424557157340387,
            0.0,
            0.0026641625396760693,
            0.030642747430177416,
            0.0,
            -0.0027828674775050347,
            0.0,
            0.00012051003204405526,
            0.004314068470509504,
            0.0,
            -0.00012112189114674744,
            0.0
        ],
        [
            0.0,
            0.0,
            1.0000000000000004,
            0.0,
            0.0,
            0.0,
            0.0,
            0.27305499308779035,
            0.0,
            0.0,
            0.0,
            0.0,
            0.0055590488427281854,
            0.0,
            0.0,
            0.0,
            0.0,
            8.438225014497445e-06,
            0.0,
            0.0,
            0.0,
            0.0,
            9.549968945595543e-10,
            0.0,
            0.0,
            0.0,
            0.0,
            8.058478684439795e-15,
            0.0,
            0.0
        ],
        [
            0.0,
            0.0,
            0.0,
            1.0000000000000004,
            0.0,
            0.42735597148698046,
            0.18738393703621514,
            0.0,
            -0.4358405850480331,
            0.0,
            0.037452314791556425,
            0.12237772912422541,
            0.0,
            -0.0521697639313941,
            0.0,
            0.0004024782368365238,
            0.028424557157340328,
            0.0,
            -0.00018872492879577535,
            0.0,
            5.427110253744593e-07,
            0.0027828674775050356,
            0.0,
            -3.871426199170736e-08,
            0.0,
            9.565230096732835e-11,
            0.00012112189114674745,
            0.0,
            -5.149698535666101e-13,
            0.0
        ],
        [
            0.0,
            0.0,
            0.0,
            0.0,
            1.0000000000000004,
            0.0,
            0.0,
            0.0,
            0.0,
            0.27305499308779035,
            0.0,
            0.0,
            0.0,
            0.0,
            0.0055590488427281854,
            0.0,
            0.0,
            0.0,
            0.0,
            8.438225014497445e-06,
            0.0,
            0.0,
            0.0,
            0.0,
            9.549968945595543e-10,
            0.0,
            0.0,
            0.0,
            0.0,
            8.058478684439795e-15
        ],
        [
            0.375128456639564,
            0.48284142031510635,
            0.0,
            0.42735597148698057,
            0.0,
            0.9999999999999999,
            0.6848602514927513,
            0.0,
            0.0,
            0.0,
            0.375128456639564,
            0.48284142031510635,
            0.0,
            -0.42735597148698046,
            0.0,
            0.02915955210954658,
            0.16965538024636875,
            0.0,
            -0.03745231479155642,
            0.0,
            0.0005247322196738468,
            0.02990649942494152,
            0.0,
            -0.000402478236836524,
            0.0,
            2.017198394314069e-06,
            0.0026641625396760693,
            0.0,
            -5.427110253744595e-07,
            0.0
        ],
        [
            0.48284142031510635,
            0.8042581700033132,
            0.0,
            0.18738393703621525,
            0.0,
            0.6848602514927513,
            1.0000000000000002,
            0.0,
            0.0,
            0.0,
            0.48284142031510635,
            0.8042581700033132,
            0.0,
            -0.1873839370362151,
            0.0,
            0.16965538024636875,
            0.4183906064901829,
            0.0,
            -0.12237772912422537,
            0.0,
            0.02990649942494154,
            0.14078595531747087,
            0.0,
            -0.028424557157340387,
            0.0,
            0.0026641625396760693,
            0.030642747430177416,
            0.0,
            -0.0027828674775050325,
            0.0
        ],
        [
            0.0,
            0.0,
            0.27305499308779035,
            0.0,
            0.0,
            0.0,
            0.0,
            1.0000000000000004,
            0.0,
            0.0,
            0.0,
            0.0,
            0.27305499308779035,
            0.0,
            0.0,
            0.0,
            0.0,
            0.0055590488427281854,
            0.0,
            0.0,
            0.0,
            0.0,
            8.438225014497445e-06,
            0.0,
            0.0,
            0.0,
            0.0,
            9.549968945595543e-10,
            0.0,
            0.0
        ],
        [
            -0.42735597148698046,
            -0.18738393703621506,
            0.0,
            -0.4358405850480331,
            0.0,
            0.0,
            0.0,
            0.0,
            1.0000000000000004,
            0.0,
            0.42735597148698046,
            0.18738393703621506,
            0.0,
            -0.4358405850480331,
            0.0,
            0.037452314791556425,
            0.12237772912422537,
            0.0,
            -0.0521697639313941,
            0.0,
            0.0004024782368365238,
            0.02842455715734033,
            0.0,
            -0.00018872492879577535,
            0.0,
            5.427110253744593e-07,
            0.0027828674775050356,
            0.0,
            -3.871426199170736e-08,
            0.0
        ],
        [
            0.0,
            0.0,
            0.0,
            0.0,
            0.27305499308779035,
            0.0,
            0.0,
            0.0,
            0.0,
            1.0000000000000004,
            0.0,
            0.0,
            0.0,
            0.0,
            0.27305499308779035,
            0.0,
            0.0,
            0.0,
            0.0,
            0.0055590488427281854,
            0.0,
            0.0,
            0.0,
            0.0,
            8.438225014497445e-06,
            0.0,
            0.0,
            0.0,
            0.0,
            9.549968945595543e-10
        ],
        [
            0.02915955210954658,
            0.16965538024636875,
            0.0,
            0.03745231479155643,
            0.0,
            0.375128456639564,
            0.48284142031510635,
            0.0,
            0.42735597148698046,
            0.0,
            0.9999999999999999,
            0.6848602514927513,
            0.0,
            0.0,
            0.0,
            0.375128456639564,
            0.48284142031510635,
            0.0,
            -0.42735597148698046,
            0.0,
            0.02915955210954658,
            0.16965538024636875,
            0.0,
            -0.03745231479155642,
            0.0,
            0.0005247322196738468,
            0.02990649942494152,
            0.0,
            -0.000402478236836524,
            0.0
        ],
        [
            0.16965538024636875,
            0.4183906064901829,
            0.0,
            0.12237772912422547,
            0.0,
            0.48284142031510635,
            0.8042581700033132,
            0.0,
            0.1873839370362151,
            0.0,
            0.6848602514927513,
            1.0000000000000002,
            0.0,
            0.0,
            0.0,
            0.48284142031510635,
            0.8042581700033132,
            0.0,
            -0.1873839370362151,
            0.0,
            0.16965538024636875,
            0.4183906064901829,
            0.0,
            -0.12237772912422537,
            0.0,
            0.02990649942494154,
            0.14078595531747087,
            0.0,
            -0.028424557157340418,
            0.0
        ],
        [
            0.0,
            0.0,
            0.0055590488427281854,
            0.0,
            0.0,
            0.0,
            0.0,
            0.27305499308779035,
            0.0,
            0.0,
            0.0,
            0.0,
            1.0000000000000004,
            0.0,
            0.0,
            0.0,
            0.0,
            0.27305499308779035,
            0.0,
            0.0,
            0.0,
            0.0,
            0.0055590488427281854,
            0.0,
            0.0,
            0.0,
            0.0,
            8.438225014497445e-06,
            0.0,
            0.0
        ],
        [
            -0.037452314791556425,
            -0.12237772912422537,
            0.0,
            -0.0521697639313941,
            0.0,
            -0.42735597148698046,
            -0.18738393703621506,
            0.0,
            -0.4358405850480331,
            0.0,
            0.0,
            0.0,
            0.0,
            1.0000000000000004,
            0.0,
            0.42735597148698046,
            0.18738393703621506,
            0.0,
            -0.4358405850480331,
            0.0,
            0.037452314791556425,
            0.12237772912422537,
            0.0,
            -0.0521697639313941,
            0.0,
            0.0004024782368365238,
            0.028424557157340317,
            0.0,
            -0.00018872492879577535,
            0.0
        ],
        [
            0.0,
            0.0,
            0.0,
            0.0,
            0.0055590488427281854,
            0.0,
            0.0,
            0.0,
            0.0,
            0.27305499308779035,
            0.0,
            0.0,
            0.0,
            0.0,
            1.0000000000000004,
            0.0,
            0.0,
            0.0,
            0.0,
            0.27305499308779035,
            0.0,
            0.0,
            0.0,
            0.0,
            0.0055590488427281854,
            0.0,
            0.0,
            0.0,
            0.0,
            8.438225014497445e-06
        ],
        [
            0.0005247322196738468,
            0.02990649942494152,
            0.0,
            0.00040247823683652387,
            0.0,
            0.02915955210954658,
            0.16965538024636875,
            0.0,
            0.03745231479155643,
            0.0,
            0.375128456639564,
            0.48284142031510635,
            0.0,
            0.42735597148698046,
            0.0,
            0.9999999999999999,
            0.6848602514927513,
            0.0,
            0.0,
            0.0,
            0.375128456639564,
            0.48284142031510635,
            0.0,
            -0.42735597148698046,
            0.0,
            0.02915955210954658,
            0.16965538024636875,
            0.0,
            -0.03745231479155642,
            0.0
        ],
        [
            0.02990649942494154,
            0.14078595531747087,
            0.0,
            0.028424557157340387,
            0.0,
            0.16965538024636875,
            0.4183906064901829,
            0.0,
            0.12237772912422547,
            0.0,
            0.48284142031510635,
            0.8042581700033132,
            0.0,
            0.1873839370362151,
            0.0,
            0.6848602514927513,
            1.0000000000000002,
            0.0,
            0.0,
            0.0,
            0.48284142031510635,
            0.8042581700033132,
            0.0,
            -0.1873839370362151,
            0.0,
            0.16965538024636875,
            0.4183906064901829,
            0.0,
            -0.12237772912422537,
            0.0
        ],
        [
            0.0,
            0.0,
            8.438225014497445e-06,
            0.0,
            0.0,
            0.0,
            0.0,
            0.0055590488427281854,
            0.0,
            0.0,
            0.0,
            0.0,
            0.27305499308779035,
            0.0,
            0.0,
            0.0,
            0.0,
            1.0000000000000004,
            0.0,
            0.0,
            0.0,
            0.0,
            0.27305499308779035,
            0.0,
            0.0,
            0.0,
            0.0,
            0.0055590488427281854,
            0.0,
            0.0
        ],
        [
            -0.0004024782368365238,
            -0.028424557157340317,
            0.0,
            -0.00018872492879577535,
            0.0,
            -0.037452314791556425,
            -0.12237772912422537,
            0.0,
            -0.0521697639313941,
            0.0,
            -0.42735597148698046,
            -0.18738393703621506,
            0.0,
            -0.4358405850480331,
            0.0,
            0.0,
            0.0,
            0.0,
            1.0000000000000004,
            0.0,
            0.42735597148698046,
            0.18738393703621506,
            0.0,
            -0.4358405850480331,
            0.0,
            0.037452314791556425,
            0.12237772912422537,
            0.0,
            -0.0521697639313941,
            0.0
        ],
        [
            0.0,
            0.0,
            0.0,
            0.0,
            8.438225014497445e-06,
            0.0,
            0.0,
            0.0,
            0.0,
            0.0055590488427281854,
            0.0,
            0.0,
            0.0,
            0.0,
            0.27305499308779035,
            0.0,
            0.0,
            0.0,
            0.0,
            1.0000000000000004,
            0.0,
            0.0,
            0.0,
            0.0,
            0.27305499308779035,
            0.0,
            0.0,
            0.0,
            0.0,
            0.0055590488427281854
        ],
        [
            2.017198394314069e-06,
            0.0026641625396760693,
            0.0,
            5.427110253744595e-07,
            0.0,
            0.0005247322196738468,
            0.02990649942494152,
            0.0,
            0.000402478236836524,
            0.0,
            0.02915955210954658,
            0.16965538024636875,
            0.0,
            0.03745231479155642,
            0.0,
            0.375128456639564,
            0.48284142031510635,
            0.0,
            0.42735597148698046,
            0.0,
            0.9999999999999999,
            0.6848602514927513,
            0.0,
            0.0,
            0.0,
            0.375128456639564,
            0.48284142031510635,
            0.0,
            -0.42735597148698085,
            0.0
        ],
        [
            0.0026641625396760693,
            0.030642747430177416,
            0.0,
            0.0027828674775050347,
            0.0,
            0.02990649942494154,
            0.14078595531747087,
            0.0,
            0.028424557157340387,
            0.0,
            0.16965538024636875,
            0.4183906064901829,
            0.0,
            0.12237772912422537,
            0.0,
            0.48284142031510635,
            0.8042581700033132,
            0.0,
            0.1873839370362151,
            0.0,
            0.6848602514927513,
            1.0000000000000002,
            0.0,
            0.0,
            0.0,
            0.48284142031510635,
            0.8042581700033132,
            0.0,
            -0.1873839370362151,
            0.0
        ],
        [
            0.0,
            0.0,
            9.549968945595543e-10,
            0.0,
            0.0,
            0.0,
            0.0,
            8.438225014497445e-06,
            0.0,
            0.0,
            0.0,
            0.0,
            0.0055590488427281854,
            0.0,
            0.0,
            0.0,
            0.0,
            0.27305499308779035,
            0.0,
            0.0,
            0.0,
            0.0,
            1.0000000000000004,
            0.0,
            0.0,
            0.0,
            0.0,
            0.27305499308779035,
            0.0,
            0.0
        ],
        [
            -5.427110253744593e-07,
            -0.0027828674775050343,
            0.0,
            -3.871426199170736e-08,
            0.0,
            -0.0004024782368365238,
            -0.028424557157340317,
            0.0,
            -0.00018872492879577535,
            0.0,
            -0.037452314791556425,
            -0.12237772912422537,
            0.0,
            -0.0521697639313941,
            0.0,
            -0.42735597148698046,
            -0.18738393703621506,
            0.0,
            -0.4358405850480331,
            0.0,
            0.0,
            0.0,
            0.0,
            1.0000000000000004,
            0.0,
            0.4273559714869809,
            0.18738393703621506,
            0.0,
            -0.4358405850480331,
            0.0
        ],
        [
            0.0,
            0.0,
            0.0,
            0.0,
            9.549968945595543e-10,
            0.0,
            0.0,
            0.0,
            0.0,
            8.438225014497445e-06,
            0.0,
            0.0,
            0.0,
            0.0,
            0.0055590488427281854,
            0.0,
            0.0,
            0.0,
            0.0,
            0.27305499308779035,
            0.0,
            0.0,
            0.0,
            0.0,
            1.0000000000000004,
            0.0,
            0.0,
            0.0,
            0.0,
            0.27305499308779035
        ],
        [
            1.5915455173982203e-09,
            0.00012051003204405506,
            0.0,
            9.565230096732805e-11,
            0.0,
            2.017198394314069e-06,
            0.0026641625396760693,
            0.0,
            5.427110253744595e-07,
            0.0,
            0.0005247322196738468,
            0.02990649942494152,
            0.0,
            0.000402478236836524,
            0.0,
            0.02915955210954658,
            0.16965538024636875,
            0.0,
            0.03745231479155642,
            0.0,
            0.375128456639564,
            0.48284142031510635,
            0.0,
            0.42735597148698085,
            0.0,
            0.9999999999999999,
            0.6848602514927513,
            0.0,
            0.0,
            0.0
        ],
        [
            0.00012051003204405526,
            0.004314068470509504,
            0.0,
            0.00012112189114674744,
            0.0,
            0.0026641625396760693,
            0.030642747430177416,
            0.0,
            0.0027828674775050347,
            0.0,
            0.02990649942494154,
            0.14078595531747087,
            0.0,
            0.028424557157340387,
            0.0,
            0.16965538024636875,
            0.4183906064901829,
            0.0,
            0.12237772912422537,
            0.0,
            0.48284142031510635,
            0.8042581700033132,
            0.0,
            0.1873839370362151,
            0.0,
            0.6848602514927513,
            1.0000000000000002,
            0.0,
            0.0,
            0.0
        ],
        [
            0.0,
            0.0,
            8.058478684439795e-15,
            0.0,
            0.0,
            0.0,
            0.0,
            9.549968945595543e-10,
            0.0,
            0.0,
            0.0,
            0.0,
            8.438225014497445e-06,
            0.0,
            0.0,
            0.0,
            0.0,
            0.0055590488427281854,
            0.0,
            0.0,
            0.0,
            0.0,
            0.27305499308779035,
            0.0,
            0.0,
            0.0,
            0.0,
            1.0000000000000004,
            0.0,
            0.0
        ],
        [
            -9.565230096732835e-11,
            -0.0001211218911467474,
            0.0,
            -5.149698535666101e-13,
            0.0,
            -5.427110253744593e-07,
            -0.0027828674775050343,
            0.0,
            -3.871426199170736e-08,
            0.0,
            -0.0004024782368365238,
            -0.028424557157340317,
            0.0,
            -0.00018872492879577535,
            0.0,
            -0.037452314791556425,
            -0.12237772912422537,
            0.0,
            -0.0521697639313941,
            0.0,
            -0.4273559714869809,
            -0.18738393703621506,
            0.0,
            -0.4358405850480331,
            0.0,
            0.0,
            0.0,
            0.0,
            1.0000000000000004,
            0.0
        ],
        [
            0.0,
            0.0,
            0.0,
            0.0,
            8.058478684439795e-15,
            0.0,
            0.0,
            0.0,
            0.0,
            9.549968945595543e-10,
            0.0,
            0.0,
            0.0,
            0.0,
            8.438225014497445e-06,
            0.0,
            0.0,
            0.0,
            0.0,
            0.0055590488427281854,
            0.0,
            0.0,
            0.0,
            0.0,
            0.27305499308779035,
            0.0,
            0.0,
            0.0,
            0.0,
            1.0000000000000004
        ]
    ],
    "h": [
        [
            -0.1492559596749894,
            -0.4081884939085847,
            2.925885396818677e-18,
            -0.16927867270784083,
            -1.9250645386221988e-18,
            -0.4422428044658017,
            -0.39263515360764045,
            1.1284357652232938e-17,
            0.08286116704678459,
            7.710259013891278e-18,
            -0.09910189292398612,
            -0.20280082911246727,
            2.0086771252676555e-18,
            0.15574383282930582,
            1.8746314275137462e-18,
            0.021768502500247186,
            -0.04204108984407537,
            -4.378203504390641e-19,
            0.0029474285723700864,
            -5.1583546764597494e-20,
            0.0049214669537414706,
            -0.0004369490986122302,
            -1.4511931231731987e-19,
            -0.015515837387075682,
            -8.005994923691622e-20,
            -0.009843038017191007,
            -0.0054078834364032075,
            1.3971228743079252e-20,
            -0.0004111176090604963,
            -5.846791500231206e-20
        ],
        [
            -0.4081884939085847,
            -0.28586033110958864,
            6.888749359864545e-19,
            -0.16789003078917913,
            -2.7124675160178404e-18,
            -0.43725960542482234,
            -0.33670313417480124,
            8.070830922122083e-18,
            0.10090812293390189,
            4.889220034585638e-18,
            -0.19430382135621205,
            -0.23416664181277014,
            1.4853600895159624e-18,
            0.13194147757166474,
            1.1334170316411776e-18,
            -0.03718329701262744,
            -0.09824885026769664,
            -4.177656488118497e-19,
            0.04343583386650525,
            -2.4724543185515926e-19,
            -0.003315424988683138,
            -0.026864563567202293,
            -1.918343650477945e-19,
            -0.00011598368493708801,
            -1.979636710495871e-19,
            -0.0054078834364031676,
            -0.008301658549480014,
            -3.1736830688800696e-20,
            -0.00038319408516215587,
            -9.436558522710732e-20
        ],
        [
            2.925885396818677e-18,
            6.888749359864545e-19,
            1.4992862815855772,
            -1.4159771503601989e-18,
            -1.925706108707335e-33,
            -2.017652747643214e-18,
            -5.8080786791901926e-18,
            0.1370463870615305,
            -6.3197426384464174e-18,
            -4.333788825720696e-33,
            -1.4501402103488164e-17,
            -1.3149644895943741e-17,
            -0.01575248011036957,
            -4.3897098999942514e-18,
            -1.0602599266621057e-33,
            -1.3677774459975001e-17,
            -1.3856020962317473e-17,
            0.00033196850706333623,
            4.346760480492326e-18,
            -6.884317059852207e-35,
            -5.160327901796546e-18,
            -8.031190748062843e-18,
            6.252519199549515e-05,
            4.2834737710763116e-18,
            -5.0227802550712486e-36,
            -3.2155052104992514e-19,
            -2.4225269800616777e-18,
            -6.039574748532481e-05,
            1.0969156921890074e-18,
            1.7512702344031395e-36
        ],
        [
            -0.16927867270784083,
            -0.16789003078917913,
            -1.4159771503601989e-18,
            1.3460874918286763,
            -1.7245159838134702e-18,
            -0.09203811482814972,
            -0.1495902554704126,
            1.7092472898153311e-18,
            -0.6538116379242472,
            2.704336271323274e-18,
            -0.11087033660487915,
            -0.11387147198535524,
            1.680389775899598e-18,
            0.15693842473733532,
            1.0810871293908794e-18,
            -0.00448519318289633,
            -0.04393671796815227,
            -8.827418282466859e-20,
            0.009891150092566463,
            -8.299976260626752e-20,
            0.0024539177638512287,
            -0.005961315825700242,
            -7.245623356861969e-20,
            -0.0011916300536553089,
            -9.262399810766554e-20,
            0.0004111176090604404,
            0.0003831940851621012,
            -2.373319139362681e-20,
            -0.0008059826475085129,
            -4.2229505291413853e-20
        ],
        [
            -1.9250645386221988e-18,
            -2.7124675160178404e-18,
            -1.925706108707335e-33,
            -1.7245159838134702e-18,
            1.499286281585577,
            -3.9641096786875194e-18,
            -5.634209549647659e-18,
            -3.1326579955768324e-33,
            -1.3789526633009175e-18,
            0.1370463870615305,
            -7.755161587999628e-18,
            -8.619710281413998e-18,
            -9.265184024082283e-34,
            -1.7438868084380165e-18,
            -0.015752480110369567,
            -8.669498464827165e-18,
            -9.775596925351247e-18,
            -1.2122392978380264e-34,
            5.333296515074107e-19,
            0.00033196850706333623,
            -6.8447496815005886e-18,
            -8.242641706752405e-18,
            -1.9062106660211822e-35,
            1.4573315525512214e-18,
            6.252519199549515e-05,
            -3.72260017343779e-18,
            -5.1536540643397064e-18,
            1.4716015085819355e-36,
            1.909835980036362e-18,
            -6.03957474853248e-05
        ],
        [
            -0.4422428044658017,
            -0.43725960542482234,
            -2.017652747643214e-18,
            -0.09203811482814972,
            -3.9641096786875194e-18,
            -0.25601260957609484,
            -0.5043858431672834,
            5.646819453197775e-18,
            0.03735908239177074,
            3.150258635770216e-18,
            -0.36774542655671905,
            -0.39018877305806554,
            2.372059633486953e-18,
            0.07610352946255672,
            1.1562599153443066e-18,
            -0.09742924577255316,
            -0.19089019184634726,
            -1.2156104119839055e-19,
            0.11424380046787104,
            -3.953373659530326e-19,
            -0.0013174151383784517,
            -0.0497028928460381,
            -2.157977933680897e-19,
            0.011440711987795548,
            -3.3131952450514366e-19,
            0.004921466953741508,
            -0.003315424988683125,
            -9.39054067797506e-20,
            -0.002453917763851259,
            -1.3090771117588515e-19
        ],
        [
            -0.39263515360764045,
            -0.33670313417480124,
            -5.8080786791901926e-18,
            -0.1495902554704126,
            -5.634209549647659e-18,
            -0.5043858431672834,
            -0.40142939678903344,
            4.0276191290625005e-18,
            0.021699851766351697,
            -1.4008802631763314e-18,
            -0.39223581306662947,
            -0.3549930293573422,
            -1.785286573827089e-20,
            0.08505407679672228,
            -1.06948826028715e-18,
            -0.20532804271193453,
            -0.2344407799459982,
            -5.345543327616249e-19,
            0.11005121564363315,
            -6.55919888879086e-19,
            -0.049702892846038293,
            -0.1047811994970285,
            -2.561409609116276e-19,
            0.054062530634959916,
            -3.748610266465505e-19,
            -0.0004369490986122302,
            -0.0268645635672023,
            -1.1867003065840987e-19,
            0.005961315825700238,
            -1.3274214520092024e-19
        ],
        [
            1.1284357652232938e-17,
            8.070830922122083e-18,
            0.1370463870615305,
            1.7092472898153311e-18,
            -3.1326579955768324e-33,
            5.646819453197775e-18,
            4.0276191290625005e-18,
            1.4570881140083098,
            -4.419730345130785e-18,
            -1.1372501096095762e-32,
            -2.3366376913794272e-18,
            -4.80392259912862e-18,
            0.13391607206556877,
            -6.399509437833448e-18,
            -3.86654095728209e-33,
            -1.3295596420061841e-17,
            -1.3791440718397084e-17,
            -0.01573714830141299,
            -4.63221015558137e-18,
            -3.382989524235857e-34,
            -1.662563546417621e-17,
            -1.7218654021044507e-17,
            -0.00010164735748956102,
            1.0715547135762348e-18,
            -3.0208412350349647e-35,
            -1.0739357948463396e-17,
            -1.3246579200050033e-17,
            6.25251919954957e-05,
            5.023074282639112e-18,
            -1.4485435522253483e-35
        ],
        [
            0.08286116704678459,
            0.10090812293390189,
            -6.3197426384464174e-18,
            -0.6538116379242472,
            -1.3789526633009175e-18,
            0.03735908239177074,
            0.021699851766351697,
            -4.419730345130785e-18,
            1.1494454392190314,
            -7.569487326145694e-18,
            -0.07882947530730688,
            -0.08394249437551848,
            -2.9049051361398086e-18,
            -0.707179336866663,
            -2.673720965347685e-18,
            -0.15191302204964086,
            -0.12245906850665336,
            4.511124843975989e-19,
            0.16220615416857298,
            -2.1898971030853755e-19,
            -0.011440711987795466,
            -0.05406253063495964,
            3.8940651379499614e-20,
            0.03236781426471938,
            -1.1308869456467887e-19,
            0.01551583738707578,
            0.00011598368493720076,
            -7.117328448791216e-20,
            -0.0011916300536552829,
            -6.129822985071532e-21
        ],
        [
            7.710259013891278e-18,
            4.889220034585638e-18,
            -4.333788825720696e-33,
            2.704336271323274e-18,
            0.1370463870615305,
            3.150258635770216e-18,
            -1.4008802631763314e-18,
            -1.1372501096095762e-32,
            -7.569487326145694e-18,
            1.4570881140083096,
            -1.2811523437847344e-17,
            -1.46246921583122e-17,
            -4.204882062798737e-33,
            -8.995135651042498e-18,
            0.13391607206556877,
            -2.4427340454694127e-17,
            -2.6174182066098467e-17,
            -5.880467854495326e-34,
            -3.740779969817786e-18,
            -0.015737148301412984,
            -2.59825290198113e-17,
            -2.829013257194435e-17,
            -9.06092737423948e-35,
            2.4720832508433565e-18,
            -0.00010164735748956102,
            -1.6330194542912828e-17,
            -2.0601631671096457e-17,
            9.59496211254813e-36,
            7.684755042613164e-18,
            6.25251919954957e-05
        ],
        [
            -0.09910189292398612,
            -0.19430382135621205,
            -1.4501402103488164e-17,
            -0.11087033660487915,
            -7.755161587999628e-18,
            -0.36774542655671905,
            -0.39223581306662947,
            -2.3366376913794272e-18,
            -0.07882947530730688,
            -1.2811523437847344e-17,
            -0.26308058612983665,
            -0.5040383491001152,
            -3.3131982540303457e-18,
            -0.03993232441700713,
            -4.9906995319856675e-18,
            -0.4439624718090589,
            -0.42560669068436685,
            -2.114640394214096e-19,
            0.09685637004463266,
            -7.595290665861752e-19,
            -0.09742924577255323,
            -0.20532804271193433,
            -4.340395568602226e-20,
            0.1519130220496409,
            -3.1090825875653803e-19,
            0.02176850250024727,
            -0.037183297012627306,
            -1.604984826773493e-19,
            0.004485193182896444,
            -4.399470498701124e-20
        ],
        [
            -0.20280082911246727,
            -0.23416664181277014,
            -1.3149644895943741e-17,
            -0.11387147198535524,
            -8.619710281413998e-18,
            -0.39018877305806554,
            -0.3549930293573422,
            -4.80392259912862e-18,
            -0.08394249437551848,
            -1.46246921583122e-17,
            -0.5040383491001152,
            -0.4108593784292056,
            -3.883217891354013e-18,
            -0.025147334056616514,
            -6.264440590690647e-18,
            -0.4256066906843672,
            -0.3671209832375917,
            -1.3146141479233249e-18,
            0.106316420394723,
            -1.288228938980907e-18,
            -0.19089019184634812,
            -0.234440779945998,
            -3.877570691403026e-19,
            0.12245906850665322,
            -4.230409910926994e-19,
            -0.04204108984407547,
            -0.09824885026769664,
            -1.6938030263289934e-19,
            0.04393671796815283,
            -1.2887056422620234e-19
        ],
        [
            2.0086771252676555e-18,
            1.4853600895159624e-18,
            -0.01575248011036957,
            1.680389775899598e-18,
            -9.265184024082283e-34,
            2.372059633486953e-18,
            -1.785286573827089e-20,
            0.13391607206556877,
            -2.9049051361398086e-18,
            -4.204882062798737e-33,
            -3.3131982540303457e-18,
            -3.883217891354013e-18,
            1.4513632353423727,
            -1.1142811747839853e-18,
            -1.4149045487156603e-33,
            -6.023632223533584e-18,
            -7.722447248473927e-18,
            0.1335011559505377,
            -2.7220149793312583e-18,
            -1.6933788692506334e-34,
            -9.407098743992092e-18,
            -9.545041872680134e-18,
            -0.01573714830141299,
            -3.1660975025101966e-19,
            -1.8527099316388811e-35,
            -6.6739029896124125e-18,
            -7.796758891089626e-18,
            0.00033196850706333726,
            2.9970490487512082e-18,
            -9.623769265107376e-36
        ],
        [
            0.15574383282930582,
            0.13194147757166474,
            -4.3897098999942514e-18,
            0.15693842473733532,
            -1.7438868084380165e-18,
            0.07610352946255672,
            0.08505407679672228,
            -6.399509437833448e-18,
            -0.707179336866663,
            -8.995135651042498e-18,
            -0.03993232441700713,
            -0.025147334056616514,
            -1.1142811747839853e-18,
            1.144573536704025,
            -3.302277650006238e-18,
            -0.09685637004463232,
            -0.10631642039472305,
            -9.304018807428936e-19,
            -0.6587357636999174,
            -3.651461100679384e-19,
            -0.11424380046787116,
            -0.11005121564363346,
            6.847683129902478e-20,
            0.1622061541685728,
            5.692796363817165e-20,
            -0.002947428572370183,
            -0.043435833866505,
            -9.2025760953845e-21,
            0.009891150092566576,
            6.56113175435211e-20
        ],
        [
            1.8746314275137462e-18,
            1.1334170316411776e-18,
            -1.0602599266621057e-33,
            1.0810871293908794e-18,
            -0.015752480110369567,
            1.1562599153443066e-18,
            -1.06948826028715e-18,
            -3.86654095728209e-33,
            -2.673720965347685e-18,
            0.13391607206556877,
            -4.9906995319856675e-18,
            -6.264440590690647e-18,
            -1.4149045487156603e-33,
            -3.302277650006238e-18,
            1.4513632353423724,
            -1.0642430256973707e-17,
            -1.1544414265331938e-17,
            -2.8584658465990673e-34,
            -2.7013442888430337e-18,
            0.1335011559505377,
            -1.2531555827594537e-17,
            -1.3134522394103293e-17,
            -4.919694060320382e-35,
            8.974630120944818e-19,
            -0.01573714830141299,
            -8.016945808780072e-18,
            -9.887473811624762e-18,
            5.103852082394133e-36,
            3.792711512340945e-18,
            0.00033196850706333726
        ],
        [
            0.021768502500247186,
            -0.03718329701262744,
            -1.3677774459975001e-17,
            -0.00448519318289633,
            -8.669498464827165e-18,
            -0.09742924577255316,
            -0.20532804271193453,
            -1.3295596420061841e-17,
            -0.15191302204964086,
            -2.4427340454694127e-17,
            -0.4439624718090589,
            -0.4256066906843672,
            -6.023632223533584e-18,
            -0.09685637004463232,
            -1.0642430256973707e-17,
            -0.26308058612983554,
            -0.5040383491001159,
            -2.4177222433518772e-18,
            0.039932324417006886,
            -1.7804233029103284e-18,
            -0.3677454265567197,
            -0.39223581306662914,
            -5.160653227317031e-19,
            0.07882947530730644,
            -2.7294753778544505e-19,
            -0.09910189292398633,
            -0.19430382135621183,
            -1.2043687828280872e-19,
            0.11087033660487935,
            -7.198797286416881e-20
        ],
        [
            -0.04204108984407537,
            -0.09824885026769664,
