{
    "HF": 0.058255585990568015,
    "coordinates": [
        [
            0.0,
            0.0,
            0.0
        ],
        [
            0.3,
            0.0,
            0.0
        ],
        [
            0.6,
            0.0,
            0.0
        ],
        [
            0.9,
            0.0,
            0.0
        ]
    ],
    "elements": [
        "H",
        "H",
        "H",
        "H"
    ],
    "Enn": 7.6436708244,
    "S": [
        [
            0.9999999999999999,
            0.6848602514927513,
            0.0,
            0.0,
            0.0,
            0.9045387164487448,
            0.66363873711184,
            0.0,
            -0.38548468232872996,
            0.0,
            0.6847688135605143,
            0.6038529466629754,
            0.0,
            -0.5481834853558442,
            0.0,
            0.4462879121174718,
            0.5159769911967133,
            0.0,
            -0.47894101979401027,
            0.0
        ],
        [
            0.6848602514927513,
            1.0000000000000002,
            0.0,
            0.0,
            0.0,
            0.66363873711184,
            0.980585785198945,
            0.0,
            -0.07893903328998746,
            0.0,
            0.6038529466629754,
            0.9245754834946445,
            0.0,
            -0.1427500938374541,
            0.0,
            0.5159769911967133,
            0.838243780702534,
            0.0,
            -0.18103338278073813,
            0.0
        ],
        [
            0.0,
            0.0,
            1.0000000000000004,
            0.0,
            0.0,
            0.0,
            0.0,
            0.889738761472972,
            0.0,
            0.0,
            0.0,
            0.0,
            0.62668607402778,
            0.0,
            0.0,
            0.0,
            0.0,
            0.34943193986186244,
            0.0,
            0.0
        ],
        [
            0.0,
            0.0,
            0.0,
            1.0000000000000004,
            0.0,
            0.3854846823287299,
            0.07893903328998741,
            0.0,
            0.6818470544162543,
            0.0,
            0.548183485355844,
            0.14275009383745402,
            0.0,
            0.04097330816997581,
            0.0,
            0.47894101979401016,
            0.18103338278073802,
            0.0,
            -0.38538602088409935,
            0.0
        ],
        [
            0.0,
            0.0,
            0.0,
            0.0,
            1.0000000000000004,
            0.0,
            0.0,
            0.0,
            0.0,
            0.889738761472972,
            0.0,
            0.0,
            0.0,
            0.0,
            0.62668607402778,
            0.0,
            0.0,
            0.0,
            0.0,
            0.34943193986186244
        ],
        [
            0.9045387164487448,
            0.66363873711184,
            0.0,
            0.38548468232872996,
            0.0,
            0.9999999999999999,
            0.6848602514927513,
            0.0,
            0.0,
            0.0,
            0.9045387164487448,
            0.66363873711184,
            0.0,
            -0.38548468232872996,
            0.0,
            0.6847688135605143,
            0.6038529466629754,
            0.0,
            -0.548183485355844,
            0.0
        ],
        [
            0.66363873711184,
            0.980585785198945,
            0.0,
            0.07893903328998746,
            0.0,
            0.6848602514927513,
            1.0000000000000002,
            0.0,
            0.0,
            0.0,
            0.66363873711184,
            0.980585785198945,
            0.0,
            -0.0789390332899874,
            0.0,
            0.6038529466629754,
            0.9245754834946445,
            0.0,
            -0.142750093837454,
            0.0
        ],
        [
            0.0,
            0.0,
            0.889738761472972,
            0.0,
            0.0,
            0.0,
            0.0,
            1.0000000000000004,
            0.0,
            0.0,
            0.0,
            0.0,
            0.889738761472972,
            0.0,
            0.0,
            0.0,
            0.0,
            0.6266860740277799,
            0.0,
            0.0
        ],
        [
            -0.38548468232872996,
            -0.07893903328998739,
            0.0,
            0.6818470544162543,
            0.0,
            0.0,
            0.0,
            0.0,
            1.0000000000000004,
            0.0,
            0.38548468232872996,
            0.07893903328998739,
            0.0,
            0.6818470544162543,
            0.0,
            0.5481834853558442,
            0.14275009383745405,
            0.0,
            0.0409733081699758,
            0.0
        ],
        [
            0.0,
            0.0,
            0.0,
            0.0,
            0.889738761472972,
            0.0,
            0.0,
            0.0,
            0.0,
            1.0000000000000004,
            0.0,
            0.0,
            0.0,
            0.0,
            0.889738761472972,
            0.0,
            0.0,
            0.0,
            0.0,
            0.6266860740277799
        ],
        [
            0.6847688135605143,
            0.6038529466629754,
            0.0,
            0.5481834853558442,
            0.0,
            0.9045387164487448,
            0.66363873711184,
            0.0,
            0.38548468232872996,
            0.0,
            0.9999999999999999,
            0.6848602514927513,
            0.0,
            0.0,
            0.0,
            0.9045387164487446,
            0.66363873711184,
            0.0,
            -0.38548468232873,
            0.0
        ],
        [
            0.6038529466629754,
            0.9245754834946445,
            0.0,
            0.1427500938374541,
            0.0,
            0.66363873711184,
            0.980585785198945,
            0.0,
            0.0789390332899874,
            0.0,
            0.6848602514927513,
            1.0000000000000002,
            0.0,
            0.0,
            0.0,
            0.66363873711184,
            0.980585785198945,
            0.0,
            -0.0789390332899874,
            0.0
        ],
        [
            0.0,
            0.0,
            0.62668607402778,
            0.0,
            0.0,
            0.0,
            0.0,
            0.889738761472972,
            0.0,
            0.0,
            0.0,
            0.0,
            1.0000000000000004,
            0.0,
            0.0,
            0.0,
            0.0,
            0.8897387614729719,
            0.0,
            0.0
        ],
        [
            -0.548183485355844,
            -0.14275009383745396,
            0.0,
            0.04097330816997581,
            0.0,
            -0.38548468232872996,
            -0.07893903328998739,
            0.0,
            0.6818470544162543,
            0.0,
            0.0,
            0.0,
            0.0,
            1.0000000000000004,
            0.0,
            0.38548468232872984,
            0.07893903328998739,
            0.0,
            0.6818470544162539,
            0.0
        ],
        [
            0.0,
            0.0,
            0.0,
            0.0,
            0.62668607402778,
            0.0,
            0.0,
            0.0,
            0.0,
            0.889738761472972,
            0.0,
            0.0,
            0.0,
            0.0,
            1.0000000000000004,
            0.0,
            0.0,
            0.0,
            0.0,
            0.8897387614729719
        ],
        [
            0.4462879121174718,
            0.5159769911967133,
            0.0,
            0.47894101979401027,
            0.0,
            0.6847688135605143,
            0.6038529466629754,
            0.0,
            0.5481834853558443,
            0.0,
            0.9045387164487446,
            0.66363873711184,
            0.0,
            0.38548468232873,
            0.0,
            0.9999999999999999,
            0.6848602514927513,
            0.0,
            0.0,
            0.0
        ],
        [
            0.5159769911967133,
            0.838243780702534,
            0.0,
            0.18103338278073813,
            0.0,
            0.6038529466629754,
            0.9245754834946445,
            0.0,
            0.1427500938374541,
            0.0,
            0.66363873711184,
            0.980585785198945,
            0.0,
            0.0789390332899874,
            0.0,
            0.6848602514927513,
            1.0000000000000002,
            0.0,
            0.0,
            0.0
        ],
        [
            0.0,
            0.0,
            0.34943193986186244,
            0.0,
            0.0,
            0.0,
            0.0,
            0.6266860740277799,
            0.0,
            0.0,
            0.0,
            0.0,
            0.8897387614729719,
            0.0,
            0.0,
            0.0,
            0.0,
            1.0000000000000004,
            0.0,
            0.0
        ],
        [
            -0.47894101979401016,
            -0.18103338278073794,
            0.0,
            -0.38538602088409935,
            0.0,
            -0.5481834853558442,
            -0.14275009383745393,
            0.0,
            0.040973308169975596,
            0.0,
            -0.38548468232872984,
            -0.07893903328998739,
            0.0,
            0.6818470544162539,
            0.0,
            0.0,
            0.0,
            0.0,
            1.0000000000000004,
            0.0
        ],
        [
            0.0,
            0.0,
            0.0,
            0.0,
            0.34943193986186244,
            0.0,
            0.0,
            0.0,
            0.0,
            0.6266860740277799,
            0.0,
            0.0,
            0.0,
            0.0,
            0.8897387614729719,
            0.0,
            0.0,
            0.0,
            0.0,
            1.0000000000000004
        ]
    ],
    "h": [
        [
            -0.9766350314221768,
            -0.7275543851999366,
            4.432419234001794e-18,
            -0.6911613651355824,
            2.3486829351195036e-17,
            -1.236403742873026,
            -0.7355695959344053,
            4.754946171235541e-18,
            -0.2208728745683779,
            2.1632638072413157e-17,
            -1.1528501012676462,
            -0.7002198557077608,
            3.709691351329308e-18,
            0.4552312742639484,
            1.5480649707865702e-17,
            -0.832867144778483,
            -0.6262640535539322,
            1.9156831704117376e-18,
            0.7895114113710564,
            8.047754870098193e-18
        ],
        [
            -0.7275543851999366,
            -0.37865602593684233,
            -2.9152640703551847e-19,
            -0.45873901855992705,
            -1.74776162046847e-18,
            -0.8564043164483603,
            -0.4031748796292085,
            -5.4339148681174485e-19,
            -0.09978664497656269,
            -3.7013987378308095e-18,
            -0.8100634241807945,
            -0.40262778667254073,
            -6.527693684870737e-19,
            0.29609421425647153,
            -5.077712635665735e-18,
            -0.6262640535539188,
            -0.3773820396130767,
            -4.98518164002273e-19,
            0.5094577225808554,
            -4.707266846809773e-18
        ],
        [
            4.432419234001794e-18,
            -2.9152640703551847e-19,
            1.242157118669234,
            -1.4978519516164586e-17,
            -6.487921779683356e-33,
            -4.533938893029182e-18,
            -3.155051860517316e-18,
            0.94296497040705,
            -2.2315398689703113e-17,
            -6.211938489328148e-33,
            -1.4217087926528017e-17,
            -5.9259973123764776e-18,
            0.46085630448112047,
            -1.7432486012978072e-17,
            -4.853075725897625e-33,
            -1.9001499802119874e-17,
            -8.154606539064531e-18,
            0.09633324938280075,
            -3.3956398626563662e-18,
            -3.0998564470659156e-33
        ],
        [
            -0.6911613651355824,
            -0.45873901855992705,
            -1.4978519516164586e-17,
            0.45637264867486493,
            -6.328776234378269e-17,
            -0.6477634569329107,
            -0.5027687438097603,
            -1.6093188304621587e-17,
            0.023938389883883193,
            -6.884760643256964e-17,
            -0.7605475267704884,
            -0.5202547753603975,
            -1.3650281666240789e-17,
            -0.2942238712506503,
            -5.660286117828817e-17,
            -0.7895114113710374,
            -0.5094577225808372,
            -9.490129265785674e-18,
            -0.020908635271665643,
            -3.662965860793451e-17
        ],
        [
            2.3486829351195036e-17,
            -1.74776162046847e-18,
            -6.487921779683356e-33,
            -6.328776234378269e-17,
            1.2421571186692337,
            -1.456448207727457e-17,
            -1.4579559142834082e-17,
            -7.070862046387427e-33,
            -9.377860291199253e-17,
            0.9429649704070502,
            -5.636291456930996e-17,
            -2.682845908087487e-17,
            -6.159423287188963e-33,
            -7.508997915813864e-17,
            0.46085630448112047,
            -7.814471217490112e-17,
            -3.657077468872682e-17,
            -4.249765682831507e-33,
            -1.8211204289422535e-17,
            0.09633324938280075
        ],
        [
            -1.236403742873026,
            -0.8564043164483603,
            -4.533938893029182e-18,
            -0.6477634569329107,
            -1.456448207727457e-17,
            -1.4136502727271285,
            -0.8914831293932539,
            -4.917165053100914e-18,
            -0.23639586695748954,
            -1.8132952611140376e-17,
            -1.4225403498640974,
            -0.8752725855209451,
            -4.394429827023349e-18,
            0.3306367559570794,
            -1.6863866753829937e-17,
            -1.1528501012676302,
            -0.8100634241807909,
            -3.40811191512287e-18,
            0.7605475267705097,
            -1.2579704898550374e-17
        ],
        [
            -0.7355695959344053,
            -0.4031748796292085,
            -3.155051860517316e-18,
            -0.5027687438097603,
            -1.4579559142834082e-17,
            -0.8914831293932539,
            -0.428465398133002,
            -3.685873512000336e-18,
            -0.17577260758445185,
            -1.6882672862534987e-17,
            -0.8752725855209396,
            -0.428247331922301,
            -3.3030973604376393e-18,
            0.24432539817228832,
            -1.5707012070264305e-17,
            -0.7002198557077448,
            -0.4026277866725372,
            -2.1548029862243088e-18,
            0.5202547753604161,
            -1.1393716428660757e-17
        ],
        [
            4.754946171235541e-18,
            -5.4339148681174485e-19,
            0.94296497040705,
            -1.6093188304621587e-17,
            -7.070862046387427e-33,
            -4.917165053100914e-18,
            -3.685873512000336e-18,
            1.0871356869838242,
            -2.4166248220364838e-17,
            -6.750961634837481e-33,
            -1.562473691406918e-17,
            -6.742987554273031e-18,
            0.8705619409751508,
            -1.953136335210549e-17,
            -5.263106513195389e-33,
            -2.1247918473223513e-17,
            -9.219893858259754e-18,
            0.46085630448113446,
            -4.727712878680234e-18,
            -3.373678884959037e-33
        ],
        [
            -0.2208728745683779,
            -0.09978664497656269,
            -2.2315398689703113e-17,
            0.023938389883883193,
            -9.377860291199253e-17,
            -0.23639586695748954,
            -0.17577260758445185,
            -2.4166248220364838e-17,
            0.0981480842623248,
            -9.719022123330316e-17,
            -0.33063675595704123,
            -0.2443253981722571,
            -2.0035991613379466e-17,
            -0.15920993727435606,
            -7.929173231992075e-17,
            -0.45523127426391063,
            -0.2960942142564432,
            -1.2785742872649508e-17,
            -0.29422387125065985,
            -5.0658328647138416e-17
        ],
        [
            2.1632638072413157e-17,
            -3.7013987378308095e-18,
            -6.211938489328148e-33,
            -6.884760643256964e-17,
            0.9429649704070502,
            -1.8132952611140376e-17,
            -1.6882672862534987e-17,
            -6.750961634837481e-33,
            -9.719022123330316e-17,
            1.087135686983824,
            -6.076632256394078e-17,
            -2.939154999577503e-17,
            -5.8951328704821145e-33,
            -7.519142694844905e-17,
            0.870561940975151,
            -8.264703852830585e-17,
            -3.924120648899699e-17,
            -4.102264329408216e-33,
            -1.696123049486326e-17,
            0.46085630448113446
        ],
        [
            -1.1528501012676462,
            -0.8100634241807945,
            -1.4217087926528017e-17,
            -0.7605475267704884,
            -5.636291456930996e-17,
            -1.4225403498640974,
            -0.8752725855209396,
            -1.562473691406918e-17,
            -0.33063675595704123,
            -6.076632256394078e-17,
            -1.4136502727271112,
            -0.8914831293932455,
            -1.3367366630706738e-17,
            0.23639586695752823,
            -5.140672513097187e-17,
            -1.2364037428729877,
            -0.8564043164483452,
            -8.981721701560358e-18,
            0.6477634569329274,
            -3.4406786358009184e-17
        ],
        [
            -0.7002198557077608,
            -0.40262778667254073,
            -5.9259973123764776e-18,
            -0.5202547753603975,
            -2.682845908087487e-17,
            -0.8752725855209451,
            -0.428247331922301,
            -6.742987554273031e-18,
            -0.2443253981722571,
            -2.939154999577503e-17,
            -0.8914831293932455,
            -0.4284653981329969,
            -5.888071587842971e-18,
            0.1757726075844826,
            -2.5749456650522343e-17,
            -0.7355695959343853,
            -0.4031748796291976,
            -3.753635278712905e-18,
            0.5027687438097768,
            -1.7643780672667446e-17
        ],
        [
            3.709691351329308e-18,
            -6.527693684870737e-19,
            0.46085630448112047,
            -1.3650281666240789e-17,
            -6.159423287188963e-33,
            -4.394429827023349e-18,
            -3.3030973604376393e-18,
            0.8705619409751508,
            -2.0035991613379466e-17,
            -5.8951328704821145e-33,
            -1.3367366630706738e-17,
            -5.888071587842971e-18,
            1.0871356869838424,
            -1.6138092989498842e-17,
            -4.5652660395485716e-33,
            -1.817520662386782e-17,
            -7.995967461700975e-18,
            0.9429649704070862,
            -4.2969111103617314e-18,
            -2.891551454794179e-33
        ],
        [
            0.4552312742639484,
            0.29609421425647153,
            -1.7432486012978072e-17,
            -0.2942238712506503,
            -7.508997915813864e-17,
            0.3306367559570794,
            0.24432539817228832,
            -1.953136335210549e-17,
            -0.15920993727435606,
            -7.519142694844905e-17,
            0.23639586695752823,
            0.1757726075844826,
            -1.6138092989498842e-17,
            0.09814808426233101,
            -6.024151185175487e-17,
            0.22087287456842075,
            0.09978664497658787,
            -9.160444068941164e-18,
            0.02393838988388297,
            -3.67822146222189e-17
        ],
        [
            1.5480649707865702e-17,
            -5.077712635665735e-18,
            -4.853075725897625e-33,
            -5.660286117828817e-17,
            0.46085630448112047,
            -1.6863866753829937e-17,
            -1.5707012070264305e-17,
            -5.263106513195389e-33,
            -7.929173231992075e-17,
            0.870561940975151,
            -5.140672513097187e-17,
            -2.5749456650522343e-17,
            -4.5652660395485716e-33,
            -6.024151185175487e-17,
            1.0871356869838422,
            -6.901493260163362e-17,
            -3.360318323197113e-17,
            -3.1538877972982656e-33,
            -1.3081854949749915e-17,
            0.9429649704070862
        ],
        [
            -0.832867144778483,
            -0.6262640535539188,
            -1.9001499802119874e-17,
            -0.7895114113710374,
            -7.814471217490112e-17,
            -1.1528501012676302,
            -0.7002198557077448,
            -2.1247918473223513e-17,
            -0.45523127426391063,
            -8.264703852830585e-17,
            -1.2364037428729877,
            -0.7355695959343853,
            -1.817520662386782e-17,
            0.22087287456842075,
            -6.901493260163362e-17,
            -0.9766350314221297,
            -0.7275543851999171,
            -1.160005557789314e-17,
            0.6911613651356006,
            -4.491769440717555e-17
        ],
        [
            -0.6262640535539322,
            -0.3773820396130767,
            -8.154606539064531e-18,
            -0.5094577225808372,
            -3.657077468872682e-17,
            -0.8100634241807909,
            -0.4026277866725372,
            -9.219893858259754e-18,
            -0.2960942142564432,
            -3.924120648899699e-17,
            -0.8564043164483452,
            -0.4031748796291976,
            -7.995967461700975e-18,
            0.09978664497658787,
            -3.360318323197113e-17,
            -0.7275543851999171,
            -0.3786560259368279,
            -5.049203117335676e-18,
            0.45873901855993987,
            -2.2469452252569147e-17
        ],
        [
            1.9156831704117376e-18,
            -4.98518164002273e-19,
            0.09633324938280075,
            -9.490129265785674e-18,
            -4.249765682831507e-33,
            -3.40811191512287e-18,
            -2.1548029862243088e-18,
            0.46085630448113446,
            -1.2785742872649508e-17,
            -4.102264329408216e-33,
            -8.981721701560358e-18,
            -3.753635278712905e-18,
            0.9429649704070862,
            -9.160444068941164e-18,
            -3.1538877972982656e-33,
            -1.160005557789314e-17,
            -5.049203117335676e-18,
            1.2421571186692837,
            -1.5636925046372948e-18,
            -1.939479925162299e-33
        ],
        [
            0.7895114113710564,
            0.5094577225808554,
            -3.3956398626563662e-18,
            -0.020908635271665643,
            -1.8211204289422535e-17,
            0.7605475267705097,
            0.5202547753604161,
            -4.727712878680234e-18,
            -0.29422387125065985,
            -1.696123049486326e-17,
            0.6477634569329274,
            0.5027687438097768,
            -4.2969111103617314e-18,
            0.02393838988388297,
            -1.3081854949749915e-17,
            0.6911613651356006,
            0.45873901855993987,
            -1.5636925046372948e-18,
            0.45637264867488403,
            -6.146960841059515e-18
        ],
        [
            8.047754870098193e-18,
            -4.707266846809773e-18,
            -3.0998564470659156e-33,
            -3.662965860793451e-17,
            0.09633324938280075,
            -1.2579704898550374e-17,
            -1.1393716428660757e-17,
            -3.373678884959037e-33,
            -5.0658328647138416e-17,
            0.46085630448113446,
            -3.4406786358009184e-17,
            -1.7643780672667446e-17,
            -2.891551454794179e-33,
            -3.67822146222189e-17,
            0.9429649704070862,
            -4.491769440717555e-17,
            -2.2469452252569147e-17,
            -1.939479925162299e-33,
            -6.146960841059515e-18,
            1.2421571186692835
        ]
    ]
}