{
    "HF": -1.1608926071310224,
    "coordinates": [
        [
            0.0,
            0.0,
            0.0
        ],
        [
            0.4,
            0.0,
            0.0
        ],
        [
            0.8,
            0.0,
            0.0
        ],
        [
            1.2,
            0.0,
            0.0
        ]
    ],
    "elements": [
        "H",
        "H",
        "H",
        "H"
    ],
    "Enn": 5.732753118300001,
    "S": [
        [
            0.9999999999999999,
            0.6848602514927513,
            0.0,
            0.0,
            0.0,
            0.8394310914378806,
            0.6475905457939218,
            0.0,
            -0.46985861275470564,
            0.0,
            0.522861744791941,
            0.5475553489279366,
            0.0,
            -0.5202236966476841,
            0.0,
            0.25323302742229703,
            0.41407359428363033,
            0.0,
            -0.31363447714531073,
            0.0
        ],
        [
            0.6848602514927513,
            1.0000000000000002,
            0.0,
            0.0,
            0.0,
            0.6475905457939218,
            0.9657467982884397,
            0.0,
            -0.10253901494617487,
            0.0,
            0.5475553489279366,
            0.8698675060725554,
            0.0,
            -0.1714547582565225,
            0.0,
            0.41407359428363033,
            0.7307511258578309,
            0.0,
            -0.19082040384404228,
            0.0
        ],
        [
            0.0,
            0.0,
            1.0000000000000004,
            0.0,
            0.0,
            0.0,
            0.0,
            0.8124563167104727,
            0.0,
            0.0,
            0.0,
            0.0,
            0.4357125591332134,
            0.0,
            0.0,
            0.0,
            0.0,
            0.1542411222033944,
            0.0,
            0.0
        ],
        [
            0.0,
            0.0,
            0.0,
            1.0000000000000004,
            0.0,
            0.46985861275470564,
            0.10253901494617482,
            0.0,
            0.4749731254563805,
            0.0,
            0.5202236966476841,
            0.17145475825652237,
            0.0,
            -0.28824348330920363,
            0.0,
            0.3136344771453107,
            0.19082040384404214,
            0.0,
            -0.422385664564853,
            0.0
        ],
        [
            0.0,
            0.0,
            0.0,
            0.0,
            1.0000000000000004,
            0.0,
            0.0,
            0.0,
            0.0,
            0.8124563167104727,
            0.0,
            0.0,
            0.0,
            0.0,
            0.4357125591332134,
            0.0,
            0.0,
            0.0,
            0.0,
            0.1542411222033944
        ],
        [
            0.8394310914378806,
            0.6475905457939218,
            0.0,
            0.46985861275470564,
            0.0,
            0.9999999999999999,
            0.6848602514927513,
            0.0,
            0.0,
            0.0,
            0.8394310914378806,
            0.6475905457939218,
            0.0,
            -0.46985861275470553,
            0.0,
            0.5228617447919413,
            0.5475553489279367,
            0.0,
            -0.5202236966476843,
            0.0
        ],
        [
            0.6475905457939218,
            0.9657467982884397,
            0.0,
            0.10253901494617487,
            0.0,
            0.6848602514927513,
            1.0000000000000002,
            0.0,
            0.0,
            0.0,
            0.6475905457939218,
            0.9657467982884397,
            0.0,
            -0.10253901494617476,
            0.0,
            0.5475553489279367,
            0.8698675060725554,
            0.0,
            -0.17145475825652234,
            0.0
        ],
        [
            0.0,
            0.0,
            0.8124563167104727,
            0.0,
            0.0,
            0.0,
            0.0,
            1.0000000000000004,
            0.0,
            0.0,
            0.0,
            0.0,
            0.8124563167104727,
            0.0,
            0.0,
            0.0,
            0.0,
            0.4357125591332137,
            0.0,
            0.0
        ],
        [
            -0.46985861275470564,
            -0.10253901494617476,
            0.0,
            0.4749731254563805,
            0.0,
            0.0,
            0.0,
            0.0,
            1.0000000000000004,
            0.0,
            0.4698586127547056,
            0.10253901494617476,
            0.0,
            0.4749731254563805,
            0.0,
            0.5202236966476842,
            0.1714547582565223,
            0.0,
            -0.2882434833092034,
            0.0
        ],
        [
            0.0,
            0.0,
            0.0,
            0.0,
            0.8124563167104727,
            0.0,
            0.0,
            0.0,
            0.0,
            1.0000000000000004,
            0.0,
            0.0,
            0.0,
            0.0,
            0.8124563167104727,
            0.0,
            0.0,
            0.0,
            0.0,
            0.4357125591332137
        ],
        [
            0.522861744791941,
            0.5475553489279366,
            0.0,
            0.5202236966476841,
            0.0,
            0.8394310914378806,
            0.6475905457939218,
            0.0,
            0.4698586127547056,
            0.0,
            0.9999999999999999,
            0.6848602514927513,
            0.0,
            0.0,
            0.0,
            0.8394310914378809,
            0.6475905457939218,
            0.0,
            -0.4698586127547057,
            0.0
        ],
        [
            0.5475553489279366,
            0.8698675060725554,
            0.0,
            0.1714547582565225,
            0.0,
            0.6475905457939218,
            0.9657467982884397,
            0.0,
            0.10253901494617487,
            0.0,
            0.6848602514927513,
            1.0000000000000002,
            0.0,
            0.0,
            0.0,
            0.6475905457939218,
            0.9657467982884397,
            0.0,
            -0.10253901494617476,
            0.0
        ],
        [
            0.0,
            0.0,
            0.4357125591332134,
            0.0,
            0.0,
            0.0,
            0.0,
            0.8124563167104727,
            0.0,
            0.0,
            0.0,
            0.0,
            1.0000000000000004,
            0.0,
            0.0,
            0.0,
            0.0,
            0.8124563167104728,
            0.0,
            0.0
        ],
        [
            -0.5202236966476841,
            -0.1714547582565223,
            0.0,
            -0.28824348330920363,
            0.0,
            -0.46985861275470553,
            -0.10253901494617476,
            0.0,
            0.4749731254563805,
            0.0,
            0.0,
            0.0,
            0.0,
            1.0000000000000004,
            0.0,
            0.46985861275470564,
            0.10253901494617476,
            0.0,
            0.474973125456381,
            0.0
        ],
        [
            0.0,
            0.0,
            0.0,
            0.0,
            0.4357125591332134,
            0.0,
            0.0,
            0.0,
            0.0,
            0.8124563167104727,
            0.0,
            0.0,
            0.0,
            0.0,
            1.0000000000000004,
            0.0,
            0.0,
            0.0,
            0.0,
            0.8124563167104728
        ],
        [
            0.25323302742229703,
            0.41407359428363033,
            0.0,
            0.31363447714531073,
            0.0,
            0.5228617447919413,
            0.5475553489279367,
            0.0,
            0.5202236966476843,
            0.0,
            0.8394310914378809,
            0.6475905457939218,
            0.0,
            0.4698586127547057,
            0.0,
            0.9999999999999999,
            0.6848602514927513,
            0.0,
            0.0,
            0.0
        ],
        [
            0.41407359428363033,
            0.7307511258578309,
            0.0,
            0.19082040384404228,
            0.0,
            0.5475553489279367,
            0.8698675060725554,
            0.0,
            0.17145475825652234,
            0.0,
            0.6475905457939218,
            0.9657467982884397,
            0.0,
            0.10253901494617476,
            0.0,
            0.6848602514927513,
            1.0000000000000002,
            0.0,
            0.0,
            0.0
        ],
        [
            0.0,
            0.0,
            0.1542411222033944,
            0.0,
            0.0,
            0.0,
            0.0,
            0.4357125591332137,
            0.0,
            0.0,
            0.0,
            0.0,
            0.8124563167104728,
            0.0,
            0.0,
            0.0,
            0.0,
            1.0000000000000004,
            0.0,
            0.0
        ],
        [
            -0.31363447714531073,
            -0.19082040384404209,
            0.0,
            -0.422385664564853,
            0.0,
            -0.5202236966476842,
            -0.1714547582565223,
            0.0,
            -0.2882434833092034,
            0.0,
            -0.46985861275470564,
            -0.10253901494617476,
            0.0,
            0.474973125456381,
            0.0,
            0.0,
            0.0,
            0.0,
            1.0000000000000004,
            0.0
        ],
        [
            0.0,
            0.0,
            0.0,
            0.0,
            0.1542411222033944,
            0.0,
            0.0,
            0.0,
            0.0,
            0.4357125591332137,
            0.0,
            0.0,
            0.0,
            0.0,
            0.8124563167104728,
            0.0,
            0.0,
            0.0,
            0.0,
            1.0000000000000004
        ]
    ],
    "h": [
        [
            -0.7074552884970116,
            -0.6341890810610968,
            -6.14163793872444e-18,
            -0.5703724621344496,
            1.8779343495941615e-17,
            -0.9880569474407452,
            -0.6405105765789452,
            -5.6058475755637356e-18,
            -0.1455658423747297,
            1.7355767335091122e-17,
            -0.8307054833097739,
            -0.5826000432429016,
            -3.0486900572182956e-18,
            0.4934563918096516,
            1.059570067475447e-17,
            -0.4776887107599207,
            -0.47427021195769614,
            -6.750743054103152e-19,
            0.5755991045969697,
            3.9510866143025226e-18
        ],
        [
            -0.6341890810610968,
            -0.3586449108285643,
            -2.081724337358108e-22,
            -0.4058923477220677,
            2.7018799028611103e-18,
            -0.7705988138066271,
            -0.39563964568521315,
            6.414818318917816e-19,
            -0.03839029886682466,
            1.040554421199854e-18,
            -0.6893073630104501,
            -0.3915983842096309,
            1.273548631697813e-18,
            0.29519839730061204,
            -1.3368849999218094e-18,
            -0.4742702119576947,
            -0.3485797306695342,
            1.1649341621113615e-18,
            0.40245149290726,
            -1.9151048972534238e-18
        ],
        [
            -6.14163793872444e-18,
            -2.081724337358108e-22,
            1.353119039498196,
            7.844268054407463e-18,
            3.237543396422913e-33,
            1.981001044916344e-18,
            3.236452898299558e-18,
            0.8924812596122702,
            1.661617701968281e-17,
            2.8364489828996344e-33,
            1.1796640379789618e-17,
            6.301832396968592e-18,
            0.24809013630424614,
            1.2527364735008683e-17,
            1.7220727729936512e-33,
            1.5397089887157436e-17,
            8.376587183403092e-18,
            -0.035904388163443324,
            -1.0028573239910641e-18,
            7.337174665919987e-34
        ],
        [
            -0.5703724621344496,
            -0.4058923477220677,
            7.844268054407463e-18,
            0.7500405159009866,
            -1.5693889033987e-17,
            -0.40776318423767255,
            -0.44043839787495653,
            1.0240540950635492e-17,
            -0.038309475112455416,
            -2.2966624617373776e-17,
            -0.5822149656459192,
            -0.4389900271867946,
            7.202031590593047e-18,
            -0.3867856245986865,
            -1.6691738236204176e-17,
            -0.5755991045969691,
            -0.4024514929072581,
            3.131769483055038e-18,
            0.18811498320817166,
            -7.355915014271366e-18
        ],
        [
            1.8779343495941615e-17,
            2.7018799028611103e-18,
            3.237543396422913e-33,
            -1.5693889033987e-17,
            1.3531190394981958,
            7.958421716144477e-19,
            -4.805802402143742e-18,
            2.8883995645280486e-33,
            -3.815677861215419e-17,
            0.8924812596122702,
            -2.2939587543142615e-17,
            -1.2195645287191246e-17,
            1.7232724159425838e-33,
            -3.196833122593879e-17,
            0.2480901363042457,
            -3.332576080552771e-17,
            -1.7513712997258734e-17,
            6.683196968164713e-34,
            -1.2038917616352415e-18,
            -0.03590438816344327
        ],
        [
            -0.9880569474407452,
            -0.7705988138066271,
            1.981001044916344e-18,
            -0.40776318423767255,
            7.958421716144477e-19,
            -1.106194648207715,
            -0.8183846796801293,
            3.562788107484304e-18,
            -0.1310275868051851,
            -3.811060335722842e-18,
            -1.120272924373083,
            -0.7888826103680358,
            3.3542482445017194e-18,
            0.237674574463701,
            -4.974453519970137e-18,
            -0.8307054833097739,
            -0.6893073630104517,
            2.0679326595232087e-18,
            0.5822149656459177,
            -3.319798301668263e-18
        ],
        [
            -0.6405105765789452,
            -0.39563964568521315,
            3.236452898299558e-18,
            -0.44043839787495653,
            -4.805802402143742e-18,
            -0.8183846796801293,
            -0.4356643693043414,
            4.0732762386380666e-18,
            -0.1377717012664953,
            -7.05282530090267e-18,
            -0.788882610368034,
            -0.4341049870363769,
            3.621650593006256e-18,
            0.23083772266054478,
            -7.163522585887278e-18,
            -0.5826000432429004,
            -0.39159838420963045,
            2.185210438123252e-18,
            0.43899002718679536,
            -4.777234751509668e-18
        ],
        [
            -5.6058475755637356e-18,
            6.414818318917816e-19,
            0.8924812596122702,
            1.0240540950635492e-17,
            2.8883995645280486e-33,
            3.562788107484304e-18,
            4.0732762386380666e-18,
            1.1981385039285672,
            1.789292890038225e-17,
            2.5062265219573482e-33,
            1.3483887466563439e-17,
            7.227258025038554e-18,
            0.831076256317892,
            1.1623562290171275e-17,
            1.5156111553784145e-33,
            1.6542262341203362e-17,
            9.245614431090747e-18,
            0.2480901363042478,
            -2.2018278113352766e-18,
            6.553275865768871e-34
        ],
        [
            -0.1455658423747297,
            -0.03839029886682466,
            1.661617701968281e-17,
            -0.038309475112455416,
            -3.815677861215419e-17,
            -0.1310275868051851,
            -0.1377717012664953,
            1.789292890038225e-17,
            0.19459125822654633,
            -4.19823210743001e-17,
            -0.23767457446369877,
            -0.23083772266054195,
            1.262813164059955e-17,
            -0.34270872150683507,
            -3.1663448635760616e-17,
            -0.49345639180965106,
            -0.2951983973006097,
            5.427073814541025e-18,
            -0.3867856245986879,
            -1.5420804570431103e-17
        ],
        [
            1.7355767335091122e-17,
            1.040554421199854e-18,
            2.8364489828996344e-33,
            -2.2966624617373776e-17,
            0.8924812596122702,
            -3.811060335722842e-18,
            -7.05282530090267e-18,
            2.5062265219573482e-33,
            -4.19823210743001e-17,
            1.198138503928567,
            -2.7706654809984143e-17,
            -1.4718303286871215e-17,
            1.4853743583772993e-33,
            -2.888259858376792e-17,
            0.831076256317892,
            -3.63294898444435e-17,
            -1.9885926516020138e-17,
            5.771174226127472e-34,
            2.525573727579326e-18,
            0.2480901363042477
        ],
        [
            -0.8307054833097739,
            -0.6893073630104501,
            1.1796640379789618e-17,
            -0.5822149656459192,
            -2.2939587543142615e-17,
            -1.120272924373083,
            -0.788882610368034,
            1.3483887466563439e-17,
            -0.23767457446369877,
            -2.7706654809984143e-17,
            -1.1061946482077183,
            -0.8183846796801282,
            1.012466125393715e-17,
            0.13102758680518628,
            -2.2333798884372398e-17,
            -0.9880569474407435,
            -0.7705988138066262,
            4.90324697639559e-18,
            0.40776318423767166,
            -1.18745821582814e-17
        ],
        [
            -0.5826000432429016,
            -0.3915983842096309,
            6.301832396968592e-18,
            -0.4389900271867946,
            -1.2195645287191246e-17,
            -0.7888826103680358,
            -0.4341049870363769,
            7.227258025038554e-18,
            -0.23083772266054195,
            -1.4718303286871215e-17,
            -0.8183846796801282,
            -0.43566436930434027,
            5.712894192489952e-18,
            0.13777170126649807,
            -1.2537779220648188e-17,
            -0.6405105765789438,
            -0.39563964568521204,
            3.0373978442151205e-18,
            0.440438397874957,
            -7.342376990157889e-18
        ],
        [
            -3.0486900572182956e-18,
            1.273548631697813e-18,
            0.24809013630424614,
            7.202031590593047e-18,
            1.7232724159425838e-33,
            3.3542482445017194e-18,
            3.621650593006256e-18,
            0.831076256317892,
            1.262813164059955e-17,
            1.4853743583772993e-33,
            1.012466125393715e-17,
            5.712894192489952e-18,
            1.1981385039285668,
            7.607833393818261e-18,
            8.599781616709953e-34,
            1.1939304401216171e-17,
            6.966522753851253e-18,
            0.8924812596122735,
            -2.1292589812765215e-18,
            3.480273482603481e-34
        ],
        [
            0.4934563918096516,
            0.29519839730061204,
            1.2527364735008683e-17,
            -0.3867856245986865,
            -3.196833122593879e-17,
            0.237674574463701,
            0.23083772266054478,
            1.1623562290171275e-17,
            -0.34270872150683507,
            -2.888259858376792e-17,
            0.13102758680518628,
            0.13777170126649807,
            7.607833393818261e-18,
            0.19459125822654944,
            -2.0244198105625468e-17,
            0.14556584237473147,
            0.03839029886682738,
            2.993989915467146e-18,
            -0.03830947511245364,
            -1.0129906405914499e-17
        ],
        [
            1.059570067475447e-17,
            -1.3368849999218094e-18,
            1.7220727729936512e-33,
            -1.6691738236204176e-17,
            0.2480901363042457,
            -4.974453519970137e-18,
            -7.163522585887278e-18,
            1.5156111553784145e-33,
            -3.1663448635760616e-17,
            0.831076256317892,
            -2.2333798884372398e-17,
            -1.2537779220648188e-17,
            8.599781616709953e-34,
            -2.0244198105625468e-17,
            1.1981385039285666,
            -2.788094581410777e-17,
            -1.596537286531783e-17,
            3.0349558272253003e-34,
            3.617184510589449e-18,
            0.8924812596122735
        ],
        [
            -0.4776887107599207,
            -0.4742702119576947,
            1.5397089887157436e-17,
            -0.5755991045969691,
            -3.332576080552771e-17,
            -0.8307054833097739,
            -0.5826000432429004,
            1.6542262341203362e-17,
            -0.49345639180965106,
            -3.63294898444435e-17,
            -0.9880569474407435,
            -0.6405105765789438,
            1.1939304401216171e-17,
            0.14556584237473147,
            -2.788094581410777e-17,
            -0.7074552884970098,
            -0.6341890810610946,
            5.472397794746926e-18,
            0.5703724621344501,
            -1.452516862960492e-17
        ],
        [
            -0.47427021195769614,
            -0.3485797306695342,
            8.376587183403092e-18,
            -0.4024514929072581,
            -1.7513712997258734e-17,
            -0.6893073630104517,
            -0.39159838420963045,
            9.245614431090747e-18,
            -0.2951983973006097,
            -1.9885926516020138e-17,
            -0.7705988138066262,
            -0.39563964568521204,
            6.966522753851253e-18,
            0.03839029886682738,
            -1.596537286531783e-17,
            -0.6341890810610946,
            -0.3586449108285623,
            3.4830451879346555e-18,
            0.40589234772206806,
            -8.886207659387295e-18
        ],
        [
            -6.750743054103152e-19,
            1.1649341621113615e-18,
            -0.035904388163443324,
            3.131769483055038e-18,
            6.683196968164713e-34,
            2.0679326595232087e-18,
            2.185210438123252e-18,
            0.2480901363042478,
            5.427073814541025e-18,
            5.771174226127472e-34,
            4.90324697639559e-18,
            3.0373978442151205e-18,
            0.8924812596122735,
            2.993989915467146e-18,
            3.0349558272253003e-34,
            5.472397794746926e-18,
            3.4830451879346555e-18,
            1.3531190394981982,
            -1.2914319104411793e-18,
            8.542696457900516e-35
        ],
        [
            0.5755991045969697,
            0.40245149290726,
            -1.0028573239910641e-18,
            0.18811498320817166,
            -1.2038917616352415e-18,
            0.5822149656459177,
            0.43899002718679536,
            -2.2018278113352766e-18,
            -0.3867856245986879,
            2.525573727579326e-18,
            0.40776318423767166,
            0.440438397874957,
            -2.1292589812765215e-18,
            -0.03830947511245364,
            3.617184510589449e-18,
            0.5703724621344501,
            0.40589234772206806,
            -1.2914319104411793e-18,
            0.7500405159009871,
            2.1782067020680344e-18
        ],
        [
            3.9510866143025226e-18,
            -1.9151048972534238e-18,
            7.337174665919987e-34,
            -7.355915014271366e-18,
            -0.03590438816344327,
            -3.319798301668263e-18,
            -4.777234751509668e-18,
            6.553275865768871e-34,
            -1.5420804570431103e-17,
            0.2480901363042477,
            -1.18745821582814e-17,
            -7.342376990157889e-18,
            3.480273482603481e-34,
            -1.0129906405914499e-17,
            0.8924812596122735,
            -1.452516862960492e-17,
            -8.886207659387295e-18,
            8.542696457900516e-35,
            2.1782067020680344e-18,
            1.353119039498198
        ]
    ]
}