{
    "HF": -2.0760984105244753,
    "coordinates": [
        [
            0.0,
            0.0,
            0.0
        ],
        [
            1.3,
            0.0,
            0.0
        ],
        [
            2.6,
            0.0,
            0.0
        ],
        [
            3.9,
            0.0,
            0.0
        ]
    ],
    "elements": [
        "H",
        "H",
        "H",
        "H"
    ],
    "Enn": 1.7639240364000002,
    "S": [
        [
            0.9999999999999999,
            0.6848602514927513,
            0.0,
            0.0,
            0.0,
            0.20341962943319042,
            0.37947340341335833,
            0.0,
            -0.25907519526435085,
            0.0,
            0.0031342538465547205,
            0.06501588099884364,
            0.0,
            -0.0031725267063155583,
            0.0,
            3.7769358537919044e-06,
            0.0034982248943857073,
            0.0,
            -1.1523556972666634e-06,
            0.0
        ],
        [
            0.6848602514927513,
            1.0000000000000002,
            0.0,
            0.0,
            0.0,
            0.37947340341335833,
            0.6920195495987379,
            0.0,
            -0.18831370143249498,
            0.0,
            0.06501588099884364,
            0.2293366445002841,
            0.0,
            -0.05681598947035369,
            0.0,
            0.0034982248943857073,
            0.0363969734023119,
            0.0,
            -0.0036432832058088008,
            0.0
        ],
        [
            0.0,
            0.0,
            1.0000000000000004,
            0.0,
            0.0,
            0.0,
            0.0,
            0.11149687799704754,
            0.0,
            0.0,
            0.0,
            0.0,
            0.00015454352995908398,
            0.0,
            0.0,
            0.0,
            0.0,
            2.662958280731713e-09,
            0.0,
            0.0
        ],
        [
            0.0,
            0.0,
            0.0,
            1.0000000000000004,
            0.0,
            0.2590751952643508,
            0.1883137014324948,
            0.0,
            -0.37769761169634813,
            0.0,
            0.0031725267063155553,
            0.05681598947035359,
            0.0,
            -0.0025577061628350786,
            0.0,
            1.1523556972666632e-06,
            0.003643283205808799,
            0.0,
            -1.0249102329771782e-07,
            0.0
        ],
        [
            0.0,
            0.0,
            0.0,
            0.0,
            1.0000000000000004,
            0.0,
            0.0,
            0.0,
            0.0,
            0.11149687799704754,
            0.0,
            0.0,
            0.0,
            0.0,
            0.00015454352995908398,
            0.0,
            0.0,
            0.0,
            0.0,
            2.662958280731713e-09
        ],
        [
            0.20341962943319042,
            0.37947340341335833,
            0.0,
            0.25907519526435085,
            0.0,
            0.9999999999999999,
            0.6848602514927513,
            0.0,
            0.0,
            0.0,
            0.20341962943319042,
            0.37947340341335833,
            0.0,
            -0.2590751952643509,
            0.0,
            0.003134253846554723,
            0.06501588099884367,
            0.0,
            -0.0031725267063155596,
            0.0
        ],
        [
            0.37947340341335833,
            0.6920195495987379,
            0.0,
            0.18831370143249498,
            0.0,
            0.6848602514927513,
            1.0000000000000002,
            0.0,
            0.0,
            0.0,
            0.37947340341335833,
            0.6920195495987379,
            0.0,
            -0.1883137014324952,
            0.0,
            0.06501588099884367,
            0.22933664450028424,
            0.0,
            -0.05681598947035365,
            0.0
        ],
        [
            0.0,
            0.0,
            0.11149687799704754,
            0.0,
            0.0,
            0.0,
            0.0,
            1.0000000000000004,
            0.0,
            0.0,
            0.0,
            0.0,
            0.11149687799704754,
            0.0,
            0.0,
            0.0,
            0.0,
            0.00015454352995908452,
            0.0,
            0.0
        ],
        [
            -0.25907519526435074,
            -0.1883137014324947,
            0.0,
            -0.37769761169634813,
            0.0,
            0.0,
            0.0,
            0.0,
            1.0000000000000004,
            0.0,
            0.25907519526435074,
            0.1883137014324947,
            0.0,
            -0.37769761169634813,
            0.0,
            0.0031725267063155626,
            0.056815989470353635,
            0.0,
            -0.0025577061628350873,
            0.0
        ],
        [
            0.0,
            0.0,
            0.0,
            0.0,
            0.11149687799704754,
            0.0,
            0.0,
            0.0,
            0.0,
            1.0000000000000004,
            0.0,
            0.0,
            0.0,
            0.0,
            0.11149687799704754,
            0.0,
            0.0,
            0.0,
            0.0,
            0.00015454352995908452
        ],
        [
            0.0031342538465547205,
            0.06501588099884364,
            0.0,
            0.0031725267063155583,
            0.0,
            0.20341962943319042,
            0.37947340341335833,
            0.0,
            0.2590751952643509,
            0.0,
            0.9999999999999999,
            0.6848602514927513,
            0.0,
            0.0,
            0.0,
            0.20341962943319064,
            0.3794734034133585,
            0.0,
            -0.2590751952643509,
            0.0
        ],
        [
            0.06501588099884364,
            0.2293366445002841,
            0.0,
            0.05681598947035369,
            0.0,
            0.37947340341335833,
            0.6920195495987379,
            0.0,
            0.18831370143249498,
            0.0,
            0.6848602514927513,
            1.0000000000000002,
            0.0,
            0.0,
            0.0,
            0.3794734034133585,
            0.6920195495987382,
            0.0,
            -0.18831370143249485,
            0.0
        ],
        [
            0.0,
            0.0,
            0.00015454352995908398,
            0.0,
            0.0,
            0.0,
            0.0,
            0.11149687799704754,
            0.0,
            0.0,
            0.0,
            0.0,
            1.0000000000000004,
            0.0,
            0.0,
            0.0,
            0.0,
            0.11149687799704772,
            0.0,
            0.0
        ],
        [
            -0.003172526706315555,
            -0.05681598947035356,
            0.0,
            -0.0025577061628350786,
            0.0,
            -0.25907519526435074,
            -0.1883137014324947,
            0.0,
            -0.37769761169634813,
            0.0,
            0.0,
            0.0,
            0.0,
            1.0000000000000004,
            0.0,
            0.25907519526435097,
            0.18831370143249482,
            0.0,
            -0.37769761169634836,
            0.0
        ],
        [
            0.0,
            0.0,
            0.0,
            0.0,
            0.00015454352995908398,
            0.0,
            0.0,
            0.0,
            0.0,
            0.11149687799704754,
            0.0,
            0.0,
            0.0,
            0.0,
            1.0000000000000004,
            0.0,
            0.0,
            0.0,
            0.0,
            0.11149687799704772
        ],
        [
            3.7769358537919044e-06,
            0.0034982248943857073,
            0.0,
            1.1523556972666634e-06,
            0.0,
            0.003134253846554723,
            0.06501588099884367,
            0.0,
            0.0031725267063155596,
            0.0,
            0.20341962943319064,
            0.3794734034133585,
            0.0,
            0.2590751952643509,
            0.0,
            0.9999999999999999,
            0.6848602514927513,
            0.0,
            0.0,
            0.0
        ],
        [
            0.0034982248943857073,
            0.0363969734023119,
            0.0,
            0.0036432832058088008,
            0.0,
            0.06501588099884367,
            0.22933664450028424,
            0.0,
            0.05681598947035365,
            0.0,
            0.3794734034133585,
            0.6920195495987382,
            0.0,
            0.18831370143249485,
            0.0,
            0.6848602514927513,
            1.0000000000000002,
            0.0,
            0.0,
            0.0
        ],
        [
            0.0,
            0.0,
            2.662958280731713e-09,
            0.0,
            0.0,
            0.0,
            0.0,
            0.00015454352995908452,
            0.0,
            0.0,
            0.0,
            0.0,
            0.11149687799704772,
            0.0,
            0.0,
            0.0,
            0.0,
            1.0000000000000004,
            0.0,
            0.0
        ],
        [
            -1.1523556972666632e-06,
            -0.0036432832058088003,
            0.0,
            -1.0249102329771782e-07,
            0.0,
            -0.0031725267063155626,
            -0.056815989470353635,
            0.0,
            -0.002557706162835087,
            0.0,
            -0.25907519526435097,
            -0.18831370143249482,
            0.0,
            -0.37769761169634836,
            0.0,
            0.0,
            0.0,
            0.0,
            1.0000000000000004,
            0.0
        ],
        [
            0.0,
            0.0,
            0.0,
            0.0,
            2.662958280731713e-09,
            0.0,
            0.0,
            0.0,
            0.0,
            0.00015454352995908452,
            0.0,
            0.0,
            0.0,
            0.0,
            0.11149687799704772,
            0.0,
            0.0,
            0.0,
            0.0,
            1.0000000000000004
        ]
    ],
    "h": [
        [
            -0.07711084041110583,
            -0.35768519526871645,
            -1.1296763242674052e-17,
            -0.08009723922015138,
            -2.1625812616499307e-17,
            -0.31791791317432083,
            -0.32399361661410225,
            -1.799024146375417e-18,
            0.12079397920995111,
            -7.730177252711285e-18,
            -0.02814285300517104,
            -0.1071113293905067,
            2.659545606457098e-19,
            0.051804264220699746,
            -5.790423600301846e-19,
            0.02065666158944633,
            0.005323412530206309,
            1.1306512712054996e-19,
            -0.002498054586385084,
            -1.4469892249847542e-20
        ],
        [
            -0.35768519526871645,
            -0.25558122538917427,
            -9.98082588711049e-18,
            -0.09415067419296853,
            -2.5898870150166575e-17,
            -0.3419919080954683,
            -0.2986523785973112,
            1.3118628975845779e-20,
            0.06417699035068458,
            -4.845964225893299e-18,
            -0.0901029883782598,
            -0.15137516353061858,
            3.426717186572239e-19,
            0.07386370549015975,
            -2.998159683677745e-19,
            0.005323412530206283,
            -0.024415473148065144,
            1.096009876119717e-19,
            0.007709279892889199,
            1.0112720830425299e-20
        ],
        [
            -1.1296763242674052e-17,
            -9.98082588711049e-18,
            1.494387143572543,
            -2.292568832111645e-18,
            6.884054232519998e-35,
            -4.021903580605919e-18,
            -1.1353469329353667e-18,
            -0.013858257897739118,
            9.873125770001995e-18,
            -8.709010141894458e-34,
            1.500008472801074e-17,
            1.3761032442261578e-17,
            -0.0014134025422161082,
            2.9252537712654367e-18,
            -1.0351257519699735e-34,
            1.2294424136243129e-17,
            1.4629595373936218e-17,
            0.00021328331262247913,
            -4.1166531884890816e-18,
            -2.1302442570022947e-36
        ],
        [
            -0.08009723922015138,
            -0.09415067419296853,
            -2.292568832111645e-18,
            1.4331494886829692,
            -9.761251665919899e-18,
            -0.12147092183815777,
            -0.07769746848645712,
            1.2493890622871562e-18,
            -0.2831586163082216,
            2.5443737139875215e-20,
            -0.026731119313605247,
            -0.05808506256548707,
            8.895660965476219e-20,
            0.031020896393265763,
            -1.9130190051026907e-19,
            0.002498054586385105,
            -0.007709279892889156,
            2.7152406843137845e-20,
            0.0006580405743996606,
            3.0786842113995732e-21
        ],
        [
            -2.1625812616499307e-17,
            -2.5898870150166575e-17,
            6.884054232519998e-35,
            -9.761251665919899e-18,
            1.4943871435725429,
            -3.215765289309307e-17,
            -3.151777067368481e-17,
            2.711430660157826e-35,
            8.820181851839081e-18,
            -0.01385825789773909,
            -1.0698106244532122e-17,
            -1.7760277492352422e-17,
            -1.3001346139754125e-36,
            5.853685403484826e-18,
            -0.0014134025422161082,
            -2.228152329644243e-18,
            -5.301915421197046e-18,
            -3.4170598639071605e-37,
            1.5328323332573164e-18,
            0.00021328331262247913
        ],
        [
            -0.31791791317432083,
            -0.3419919080954683,
            -4.021903580605919e-18,
            -0.12147092183815777,
            -3.215765289309307e-17,
            -0.12548305165129636,
            -0.41256396704625964,
            3.8569670427808154e-18,
            0.02514972613306077,
            1.6000607923307045e-18,
            -0.23259246983201967,
            -0.27733152251556015,
            3.645232926082019e-19,
            0.10456131392848306,
            4.680577404604334e-19,
            -0.02814285300517099,
            -0.09010298837825981,
            4.04917480652634e-20,
            0.026731119313605303,
            6.483193298291497e-20
        ],
        [
            -0.32399361661410225,
            -0.2986523785973112,
            -1.1353469329353667e-18,
            -0.07769746848645712,
            -3.151777067368481e-17,
            -0.41256396704625964,
            -0.3422473458889429,
            3.4999394201286e-18,
            0.02389145214112798,
            2.943268968130685e-21,
            -0.27733152251556037,
            -0.2748704885831693,
            6.064493835368567e-19,
            0.04394691835466025,
            1.0396496155359861e-18,
            -0.10711132939050672,
            -0.1513751635306186,
            8.174764828183535e-20,
            0.05808506256548716,
            1.043924280032451e-19
        ],
        [
            -1.799024146375417e-18,
            1.3118628975845779e-20,
            -0.013858257897739118,
            1.2493890622871562e-18,
            2.711430660157826e-35,
            3.8569670427808154e-18,
            3.4999394201286e-18,
            1.4806056868170057,
            8.886600848532031e-20,
            -1.8154902819347485e-34,
            3.75053552281378e-18,
            4.562783527734044e-18,
            -0.012529975787409525,
            -4.8372486804951775e-20,
            -2.3304267179083475e-35,
            2.4386164763364827e-18,
            3.149246058371306e-18,
            -0.0014134025422161114,
            -9.025308770126867e-19,
            -4.559076115980428e-37
        ],
        [
            0.12079397920995111,
            0.06417699035068458,
            9.873125770001995e-18,
            -0.2831586163082216,
            8.820181851839081e-18,
            0.02514972613306077,
            0.02389145214112798,
            8.886600848532031e-20,
            1.3618039267573294,
            3.6261317989246147e-19,
            -0.10456131392848267,
            -0.04394691835465936,
            1.8357557979657617e-19,
            -0.3007936255745246,
            1.2864844045487639e-18,
            -0.051804264220699725,
            -0.07386370549015958,
            -4.058261933035563e-20,
            0.0310208963932658,
            3.9038257263132136e-20
        ],
        [
            -7.730177252711285e-18,
            -4.845964225893299e-18,
            -8.709010141894458e-34,
            2.5443737139875215e-20,
            -0.01385825789773909,
            1.6000607923307045e-18,
            2.943268968130685e-21,
            -1.8154902819347485e-34,
            3.6261317989246147e-19,
            1.4806056868170054,
            2.5037020850848804e-18,
            2.9918520024840473e-18,
            1.592784781139393e-37,
            9.90446037061056e-19,
            -0.012529975787409525,
            2.4565103374487604e-18,
            2.7874051852717406e-18,
            6.3598984965241044e-37,
            -7.963479323662447e-19,
            -0.0014134025422161114
        ],
        [
            -0.02814285300517104,
            -0.0901029883782598,
            1.500008472801074e-17,
            -0.026731119313605247,
            -1.0698106244532122e-17,
            -0.23259246983201967,
            -0.27733152251556037,
            3.75053552281378e-18,
            -0.10456131392848267,
            2.5037020850848804e-18,
            -0.12548305165129636,
            -0.41256396704625964,
            6.216851805318495e-19,
            -0.02514972613306088,
            2.5299305070868383e-18,
            -0.31791791317432094,
            -0.3419919080954689,
            9.310417176682309e-21,
            0.12147092183815766,
            1.7432553144896673e-19
        ],
        [
            -0.1071113293905067,
            -0.15137516353061858,
            1.3761032442261578e-17,
            -0.05808506256548707,
            -1.7760277492352422e-17,
            -0.27733152251556015,
            -0.2748704885831693,
            4.562783527734044e-18,
            -0.04394691835465936,
            2.9918520024840473e-18,
            -0.41256396704625964,
            -0.3422473458889428,
            6.153956937203537e-19,
            -0.023891452141128137,
            2.3388778927525433e-18,
            -0.3239936166141022,
            -0.2986523785973122,
            1.0367547038897262e-19,
            0.07769746848645748,
            2.89254439634265e-19
        ],
        [
            2.659545606457098e-19,
            3.426717186572239e-19,
            -0.0014134025422161082,
            8.895660965476219e-20,
            -1.3001346139754125e-36,
            3.645232926082019e-19,
            6.064493835368567e-19,
            -0.012529975787409525,
            1.8357557979657617e-19,
            1.592784781139393e-37,
            6.216851805318495e-19,
            6.153956937203537e-19,
            1.4806056868170052,
            -2.7696323481322693e-19,
            1.912804389624208e-36,
            -4.060631001810178e-20,
            1.823037524856769e-19,
            -0.013858257897739062,
            -4.3554320741861163e-20,
            5.414311976221281e-38
        ],
        [
            0.051804264220699746,
            0.07386370549015975,
            2.9252537712654367e-18,
            0.031020896393265763,
            5.853685403484826e-18,
            0.10456131392848306,
            0.04394691835466025,
            -4.8372486804951775e-20,
            -0.3007936255745246,
            9.90446037061056e-19,
            -0.02514972613306088,
            -0.023891452141128137,
            -2.7696323481322693e-19,
            1.3618039267573285,
            -4.654852172752256e-19,
            -0.12079397920995077,
            -0.0641769903506842,
            5.51457707903988e-20,
            -0.2831586163082217,
            9.23736334361875e-20
        ],
        [
            -5.790423600301846e-19,
            -2.998159683677745e-19,
            -1.0351257519699735e-34,
            -1.9130190051026907e-19,
            -0.0014134025422161082,
            4.680577404604334e-19,
            1.0396496155359861e-18,
            -2.3304267179083475e-35,
            1.2864844045487639e-18,
            -0.012529975787409525,
            2.5299305070868383e-18,
            2.3388778927525433e-18,
            1.912804389624208e-36,
            -4.654852172752256e-19,
            1.480605686817005,
            9.244043677654104e-19,
            1.4853978121470497e-18,
            2.274941715866251e-37,
            -5.021303073621881e-19,
            -0.013858257897739062
        ],
        [
            0.02065666158944633,
            0.005323412530206283,
            1.2294424136243129e-17,
            0.002498054586385105,
            -2.228152329644243e-18,
            -0.02814285300517099,
            -0.10711132939050672,
            2.4386164763364827e-18,
            -0.051804264220699725,
            2.4565103374487604e-18,
            -0.31791791317432094,
            -0.3239936166141022,
            -4.060631001810178e-20,
            -0.12079397920995077,
            9.244043677654104e-19,
            -0.07711084041110605,
            -0.35768519526871656,
            1.990988741041758e-19,
            0.08009723922015129,
            3.680777648391981e-19
        ],
        [
            0.005323412530206309,
            -0.024415473148065144,
            1.4629595373936218e-17,
            -0.007709279892889156,
            -5.301915421197046e-18,
            -0.09010298837825981,
            -0.1513751635306186,
            3.149246058371306e-18,
            -0.07386370549015958,
            2.7874051852717406e-18,
            -0.3419919080954689,
            -0.2986523785973122,
            1.823037524856769e-19,
            -0.0641769903506842,
            1.4853978121470497e-18,
            -0.35768519526871656,
            -0.25558122538917516,
            1.734402089965056e-19,
            0.09415067419296852,
            3.737894796932292e-19
        ],
        [
            1.1306512712054996e-19,
            1.096009876119717e-19,
            0.00021328331262247913,
            2.7152406843137845e-20,
            -3.4170598639071605e-37,
            4.04917480652634e-20,
            8.174764828183535e-20,
            -0.0014134025422161114,
            -4.058261933035563e-20,
            6.3598984965241044e-37,
            9.310417176682309e-21,
            1.0367547038897262e-19,
            -0.013858257897739062,
            5.51457707903988e-20,
            2.274941715866251e-37,
            1.990988741041758e-19,
            1.734402089965056e-19,
            1.494387143572542,
            -4.8381156433038573e-20,
            6.100468140553577e-38
        ],
        [
            -0.002498054586385084,
            0.007709279892889199,
            -4.1166531884890816e-18,
            0.0006580405743996606,
            1.5328323332573164e-18,
            0.026731119313605303,
            0.05808506256548716,
            -9.025308770126867e-19,
            0.0310208963932658,
            -7.963479323662447e-19,
            0.12147092183815766,
            0.07769746848645748,
            -4.3554320741861163e-20,
            -0.2831586163082217,
            -5.021303073621881e-19,
            0.08009723922015129,
            0.09415067419296852,
            -4.8381156433038573e-20,
            1.4331494886829672,
            -7.21919494427482e-20
        ],
        [
            -1.4469892249847542e-20,
            1.0112720830425299e-20,
            -2.1302442570022947e-36,
            3.0786842113995732e-21,
            0.00021328331262247913,
            6.483193298291497e-20,
            1.043924280032451e-19,
            -4.559076115980428e-37,
            3.9038257263132136e-20,
            -0.0014134025422161114,
            1.7432553144896673e-19,
            2.89254439634265e-19,
            5.414311976221281e-38,
            9.23736334361875e-20,
            -0.013858257897739062,
            3.680777648391981e-19,
            3.737894796932292e-19,
            6.100468140553577e-38,
            -7.21919494427482e-20,
            1.4943871435725418
        ]
    ]
}