{
    "HF": -1.9704911670522571,
    "coordinates": [
        [
            0.0,
            0.0,
            0.0
        ],
        [
            1.6,
            0.0,
            0.0
        ],
        [
            3.2,
            0.0,
            0.0
        ],
        [
            4.8,
            0.0,
            0.0
        ]
    ],
    "elements": [
        "H",
        "H",
        "H",
        "H"
    ],
    "Enn": 1.4331882795750002,
    "S": [
        [
            0.9999999999999999,
            0.6848602514927513,
            0.0,
            0.0,
            0.0,
            0.09650198567979373,
            0.28015292036227113,
            0.0,
            -0.12810074212834316,
            0.0,
            0.00019568236525071463,
            0.019469212673647443,
            0.0,
            -0.00012652573221113938,
            0.0,
            7.543222672631393e-09,
            0.00023628320842695666,
            0.0,
            -6.33259404970958e-10,
            0.0
        ],
        [
            0.6848602514927513,
            1.0000000000000002,
            0.0,
            0.0,
            0.0,
            0.28015292036227124,
            0.5725486991197352,
            0.0,
            -0.16753330661609553,
            0.0,
            0.019469212673647453,
            0.10746071577775125,
            0.0,
            -0.01909051504014774,
            0.0,
            0.00023628320842695666,
            0.006611680979764237,
            0.0,
            -0.00024157559247100808,
            0.0
        ],
        [
            0.0,
            0.0,
            1.0000000000000004,
            0.0,
            0.0,
            0.0,
            0.0,
            0.03604128888142802,
            0.0,
            0.0,
            0.0,
            0.0,
            1.6873347626513849e-06,
            0.0,
            0.0,
            0.0,
            0.0,
            1.0261310316162752e-13,
            0.0,
            0.0
        ],
        [
            0.0,
            0.0,
            0.0,
            1.0000000000000004,
            0.0,
            0.12810074212834316,
            0.1675333066160954,
            0.0,
            -0.20349561053711857,
            0.0,
            0.00012652573221113938,
            0.019090515040147728,
            0.0,
            -4.316998858739276e-05,
            0.0,
            6.332594049709555e-10,
            0.00024157559247100753,
            0.0,
            -6.035253438383109e-12,
            0.0
        ],
        [
            0.0,
            0.0,
            0.0,
            0.0,
            1.0000000000000004,
            0.0,
            0.0,
            0.0,
            0.0,
            0.03604128888142802,
            0.0,
            0.0,
            0.0,
            0.0,
            1.6873347626513849e-06,
            0.0,
            0.0,
            0.0,
            0.0,
            1.0261310316162752e-13
        ],
        [
            0.09650198567979373,
            0.28015292036227113,
            0.0,
            0.12810074212834316,
            0.0,
            0.9999999999999999,
            0.6848602514927513,
            0.0,
            0.0,
            0.0,
            0.09650198567979373,
            0.28015292036227113,
            0.0,
            -0.12810074212834313,
            0.0,
            0.00019568236525071566,
            0.019469212673647488,
            0.0,
            -0.00012652573221114,
            0.0
        ],
        [
            0.28015292036227124,
            0.5725486991197352,
            0.0,
            0.16753330661609553,
            0.0,
            0.6848602514927513,
            1.0000000000000002,
            0.0,
            0.0,
            0.0,
            0.28015292036227124,
            0.5725486991197352,
            0.0,
            -0.16753330661609533,
            0.0,
            0.0194692126736475,
            0.10746071577775138,
            0.0,
            -0.019090515040147773,
            0.0
        ],
        [
            0.0,
            0.0,
            0.03604128888142802,
            0.0,
            0.0,
            0.0,
            0.0,
            1.0000000000000004,
            0.0,
            0.0,
            0.0,
            0.0,
            0.03604128888142802,
            0.0,
            0.0,
            0.0,
            0.0,
            1.6873347626513967e-06,
            0.0,
            0.0
        ],
        [
            -0.12810074212834316,
            -0.1675333066160953,
            0.0,
            -0.20349561053711857,
            0.0,
            0.0,
            0.0,
            0.0,
            1.0000000000000004,
            0.0,
            0.12810074212834313,
            0.1675333066160953,
            0.0,
            -0.20349561053711857,
            0.0,
            0.00012652573221114,
            0.01909051504014776,
            0.0,
            -4.3169988587393045e-05,
            0.0
        ],
        [
            0.0,
            0.0,
            0.0,
            0.0,
            0.03604128888142802,
            0.0,
            0.0,
            0.0,
            0.0,
            1.0000000000000004,
            0.0,
            0.0,
            0.0,
            0.0,
            0.03604128888142802,
            0.0,
            0.0,
            0.0,
            0.0,
            1.6873347626513967e-06
        ],
        [
            0.00019568236525071463,
            0.019469212673647443,
            0.0,
            0.00012652573221113938,
            0.0,
            0.09650198567979373,
            0.28015292036227113,
            0.0,
            0.12810074212834313,
            0.0,
            0.9999999999999999,
            0.6848602514927513,
            0.0,
            0.0,
            0.0,
            0.09650198567979398,
            0.2801529203622715,
            0.0,
            -0.1281007421283436,
            0.0
        ],
        [
            0.019469212673647453,
            0.10746071577775125,
            0.0,
            0.01909051504014774,
            0.0,
            0.28015292036227124,
            0.5725486991197352,
            0.0,
            0.16753330661609553,
            0.0,
            0.6848602514927513,
            1.0000000000000002,
            0.0,
            0.0,
            0.0,
            0.2801529203622715,
            0.5725486991197355,
            0.0,
            -0.16753330661609553,
            0.0
        ],
        [
            0.0,
            0.0,
            1.6873347626513849e-06,
            0.0,
            0.0,
            0.0,
            0.0,
            0.03604128888142802,
            0.0,
            0.0,
            0.0,
            0.0,
            1.0000000000000004,
            0.0,
            0.0,
            0.0,
            0.0,
            0.03604128888142818,
            0.0,
            0.0
        ],
        [
            -0.00012652573221113938,
            -0.01909051504014772,
            0.0,
            -4.316998858739276e-05,
            0.0,
            -0.12810074212834313,
            -0.1675333066160953,
            0.0,
            -0.20349561053711857,
            0.0,
            0.0,
            0.0,
            0.0,
            1.0000000000000004,
            0.0,
            0.12810074212834352,
            0.1675333066160955,
            0.0,
            -0.20349561053711918,
            0.0
        ],
        [
            0.0,
            0.0,
            0.0,
            0.0,
            1.6873347626513849e-06,
            0.0,
            0.0,
            0.0,
            0.0,
            0.03604128888142802,
            0.0,
            0.0,
            0.0,
            0.0,
            1.0000000000000004,
            0.0,
            0.0,
            0.0,
            0.0,
            0.03604128888142818
        ],
        [
            7.543222672631393e-09,
            0.00023628320842695666,
            0.0,
            6.33259404970958e-10,
            0.0,
            0.00019568236525071566,
            0.019469212673647488,
            0.0,
            0.00012652573221114,
            0.0,
            0.09650198567979398,
            0.2801529203622715,
            0.0,
            0.1281007421283436,
            0.0,
            0.9999999999999999,
            0.6848602514927513,
            0.0,
            0.0,
            0.0
        ],
        [
            0.00023628320842695666,
            0.006611680979764237,
            0.0,
            0.00024157559247100808,
            0.0,
            0.0194692126736475,
            0.10746071577775138,
            0.0,
            0.019090515040147773,
            0.0,
            0.2801529203622715,
            0.5725486991197355,
            0.0,
            0.16753330661609553,
            0.0,
            0.6848602514927513,
            1.0000000000000002,
            0.0,
            0.0,
            0.0
        ],
        [
            0.0,
            0.0,
            1.0261310316162752e-13,
            0.0,
            0.0,
            0.0,
            0.0,
            1.6873347626513967e-06,
            0.0,
            0.0,
            0.0,
            0.0,
            0.03604128888142818,
            0.0,
            0.0,
            0.0,
            0.0,
            1.0000000000000004,
            0.0,
            0.0
        ],
        [
            -6.332594049709555e-10,
            -0.00024157559247100745,
            0.0,
            -6.035253438383109e-12,
            0.0,
            -0.00012652573221114,
            -0.01909051504014776,
            0.0,
            -4.3169988587393045e-05,
            0.0,
            -0.12810074212834352,
            -0.1675333066160955,
            0.0,
            -0.20349561053711918,
            0.0,
            0.0,
            0.0,
            0.0,
            1.0000000000000004,
            0.0
        ],
        [
            0.0,
            0.0,
            0.0,
            0.0,
            1.0261310316162752e-13,
            0.0,
            0.0,
            0.0,
            0.0,
            1.6873347626513967e-06,
            0.0,
            0.0,
            0.0,
            0.0,
            0.03604128888142818,
            0.0,
            0.0,
            0.0,
            0.0,
            1.0000000000000004
        ]
    ],
    "h": [
        [
            -0.04604629724905118,
            -0.32560351950222877,
            4.1010004156009925e-18,
            -0.0365507797266576,
            2.258023583014597e-18,
            -0.2238683889884991,
            -0.2654239106581478,
            2.3294733686459276e-19,
            0.1145912063660426,
            2.568681649689439e-18,
            -0.008637086868718315,
            -0.053148735231037504,
            1.5766276165971879e-19,
            0.020037224033528866,
            5.3859435668910083e-20,
            0.014919568333949841,
            0.012225365908567657,
            4.7500100111393553e-20,
            -0.0020697346832549515,
            -2.945219704893507e-20
        ],
        [
            -0.32560351950222877,
            -0.22528140473491154,
            6.750135262105733e-18,
            -0.050084691382024094,
            1.5844006937771636e-18,
            -0.27194419604852027,
            -0.25896713226794094,
            1.2955107109644048e-20,
            0.04082948394960645,
            2.20477777266926e-18,
            -0.03804493141498071,
            -0.09227349619881048,
            1.5933579192575324e-19,
            0.037536361523740305,
            -6.828588788405095e-21,
            0.012225365908567692,
            0.002858128813141226,
            4.737402387171375e-20,
            -0.0001601641704796513,
            -3.9705123146316546e-20
        ],
        [
            4.1010004156009925e-18,
            6.750135262105733e-18,
            1.4839989292337212,
            2.6323195728719136e-18,
            4.9898844808619634e-33,
            1.2527040125297694e-17,
            1.5379755233884622e-17,
            -0.035872442178931783,
            4.403163288933406e-19,
            1.22266136364772e-33,
            1.3941972511331624e-17,
            1.7665953353871232e-17,
            -0.00017284703415819706,
            -7.079699765356332e-19,
            6.893343552865576e-35,
            8.373149349407253e-18,
            1.143632048651635e-17,
            0.00010127061226414657,
            -2.3875928304471665e-18,
            1.801595050381933e-36
        ],
        [
            -0.0365507797266576,
            -0.050084691382024094,
            2.6323195728719136e-18,
            1.460425083604348,
            -2.2304061280800202e-19,
            -0.11444192722139732,
            -0.04489244398163389,
            3.488220316740922e-20,
            0.01752529330980046,
            6.132005224363742e-19,
            -0.006713309484510129,
            -0.02809896903623931,
            4.584594002982818e-20,
            0.006984189143059229,
            4.102958948794393e-22,
            0.0020697346832549827,
            0.00016016417047969174,
            9.190780611910128e-21,
            -0.00012321723164302414,
            -7.285083318492302e-21
        ],
        [
            2.258023583014597e-18,
            1.5844006937771636e-18,
            4.9898844808619634e-33,
            -2.2304061280800202e-19,
            1.483998929233721,
            -2.2856863622618597e-18,
            -3.6880709360239275e-18,
            3.395082538749304e-34,
            -2.4915643046898916e-18,
            -0.035872442178931783,
            -8.574120990194641e-18,
            -9.805404291030984e-18,
            7.193262203689769e-36,
            -2.74229905550149e-19,
            -0.00017284703415819706,
            -5.891101836485969e-18,
            -7.751549899061222e-18,
            8.668786513121391e-38,
            1.5967565655043488e-18,
            0.00010127061226414657
        ],
        [
            -0.2238683889884991,
            -0.27194419604852027,
            1.2527040125297694e-17,
            -0.11444192722139732,
            -2.2856863622618597e-18,
            -0.06680373473987533,
            -0.3562068606023605,
            -2.0757919573176856e-19,
            0.012399951428453671,
            -4.738176084878592e-19,
            -0.14505205275688232,
            -0.2030302784817229,
            7.94753707723032e-20,
            0.09810636744279505,
            -2.990915346990818e-19,
            -0.008637086868718264,
            -0.03804493141498065,
            1.655159402344286e-20,
            0.006713309484510168,
            -5.2119140009564734e-20
        ],
        [
            -0.2654239106581478,
            -0.25896713226794094,
            1.5379755233884622e-17,
            -0.04489244398163389,
            -3.6880709360239275e-18,
            -0.3562068606023605,
            -0.28547465849647047,
            4.888708841330197e-19,
            0.016572635384517496,
            -1.5212227104454264e-18,
            -0.20303027848172267,
            -0.21145352086471703,
            8.461614038791733e-20,
            0.02462905294607151,
            -4.218081226275135e-19,
            -0.053148735231037525,
            -0.09227349619881041,
            2.979265414414898e-20,
            0.028098969036239378,
            -6.867116971625917e-20
        ],
        [
            2.3294733686459276e-19,
            1.2955107109644048e-20,
            -0.035872442178931783,
            3.488220316740922e-20,
            3.395082538749304e-34,
            -2.0757919573176856e-19,
            4.888708841330197e-19,
            1.4823865055904943,
            9.700790055196934e-19,
            1.6182237291988306e-34,
            2.155575830242504e-18,
            2.1596409706392728e-18,
            -0.033131705309045176,
            -8.701222958666609e-20,
            1.2903678477735106e-35,
            1.2331417830095632e-18,
            1.6717236839448603e-18,
            -0.0001728470341581963,
            -3.8161249786720526e-19,
            2.9228676870834664e-37
        ],
        [
            0.1145912063660426,
            0.04082948394960645,
            4.403163288933406e-19,
            0.01752529330980046,
            -2.4915643046898916e-18,
            0.012399951428453671,
            0.016572635384517496,
            9.700790055196934e-19,
            1.4362026839220718,
            -2.193181841448032e-18,
            -0.09810636744279516,
            -0.02462905294607129,
            -6.518120749128706e-21,
            0.008832877753167268,
            -3.03855993511517e-19,
            -0.0200372240335289,
            -0.03753636152374026,
            -2.951364476649812e-21,
            0.006984189143059239,
            -1.4810331370283335e-20
        ],
        [
            2.568681649689439e-18,
            2.20477777266926e-18,
            1.22266136364772e-33,
            6.132005224363742e-19,
            -0.035872442178931783,
            -4.738176084878592e-19,
            -1.5212227104454264e-18,
            1.6182237291988306e-34,
            -2.193181841448032e-18,
            1.4823865055904941,
            -6.668129314624196e-18,
            -6.894650344592276e-18,
            6.241479139081197e-36,
            5.289737869871725e-20,
            -0.033131705309045176,
            -4.0000514079632305e-18,
            -5.345297453847602e-18,
            6.543263950679854e-38,
            1.2249551519656175e-18,
            -0.0001728470341581963
        ],
        [
            -0.008637086868718315,
            -0.03804493141498071,
            1.3941972511331624e-17,
            -0.006713309484510129,
            -8.574120990194641e-18,
            -0.14505205275688232,
            -0.20303027848172267,
            2.155575830242504e-18,
            -0.09810636744279516,
            -6.668129314624196e-18,
            -0.06680373473987555,
            -0.3562068606023603,
            -7.826524879474352e-20,
            -0.01239995142845372,
            -7.29321365649556e-19,
            -0.22386838898849948,
            -0.27194419604852044,
            -5.216806443570342e-22,
            0.11444192722139757,
            -5.388999125798273e-20
        ],
        [
            -0.053148735231037504,
            -0.09227349619881048,
            1.7665953353871232e-17,
            -0.02809896903623931,
            -9.805404291030984e-18,
            -0.2030302784817229,
            -0.21145352086471703,
            2.1596409706392728e-18,
            -0.02462905294607129,
            -6.894650344592276e-18,
            -0.3562068606023603,
            -0.2854746584964696,
            -2.693939242952383e-20,
            -0.0165726353845176,
            -8.990054467622941e-19,
            -0.26542391065814797,
            -0.2589671322679406,
            -1.2356883159407244e-20,
            0.044892443981634056,
            -3.867867926986449e-20
        ],
        [
            1.5766276165971879e-19,
            1.5933579192575324e-19,
            -0.00017284703415819706,
            4.584594002982818e-20,
            7.193262203689769e-36,
            7.94753707723032e-20,
            8.461614038791733e-20,
            -0.033131705309045176,
            -6.518120749128706e-21,
            6.241479139081197e-36,
            -7.826524879474352e-20,
            -2.693939242952383e-20,
            1.4823865055904943,
            7.032098967999123e-20,
            -2.1444193268231905e-36,
            7.741621043748206e-20,
            5.0990402973492275e-20,
            -0.035872442178931804,
            -2.2825012692710052e-20,
            -4.1177609438996375e-39
        ],
        [
            0.020037224033528866,
            0.037536361523740305,
            -7.079699765356332e-19,
            0.006984189143059229,
            -2.74229905550149e-19,
            0.09810636744279505,
            0.02462905294607151,
            -8.701222958666609e-20,
            0.008832877753167268,
            5.289737869871725e-20,
            -0.01239995142845372,
            -0.0165726353845176,
            7.032098967999123e-20,
            1.4362026839220707,
            -1.546355711293587e-19,
            -0.11459120636604254,
            -0.040829483949606366,
            -8.926186903799728e-21,
            0.01752529330979985,
            8.18307739302173e-21
        ],
        [
            5.3859435668910083e-20,
            -6.828588788405095e-21,
            6.893343552865576e-35,
            4.102958948794393e-22,
            -0.00017284703415819706,
            -2.990915346990818e-19,
            -4.218081226275135e-19,
            1.2903678477735106e-35,
            -3.03855993511517e-19,
            -0.033131705309045176,
            -7.29321365649556e-19,
            -8.990054467622941e-19,
            -2.1444193268231905e-36,
            -1.546355711293587e-19,
            1.4823865055904941,
            -7.035300910057695e-19,
            -8.10073344666772e-19,
            -1.3724050566722365e-38,
            2.5953456395104577e-19,
            -0.035872442178931804
        ],
        [
            0.014919568333949841,
            0.012225365908567692,
            8.373149349407253e-18,
            0.0020697346832549827,
            -5.891101836485969e-18,
            -0.008637086868718264,
            -0.053148735231037525,
            1.2331417830095632e-18,
            -0.0200372240335289,
            -4.0000514079632305e-18,
            -0.22386838898849948,
            -0.26542391065814797,
            7.741621043748206e-20,
            -0.11459120636604254,
            -7.035300910057695e-19,
            -0.046046297249051515,
            -0.3256035195022292,
            -5.077448945410233e-20,
            0.03655077972665784,
            5.725341171285765e-20
        ],
        [
            0.012225365908567657,
            0.002858128813141226,
            1.143632048651635e-17,
            0.00016016417047969174,
            -7.751549899061222e-18,
            -0.03804493141498065,
            -0.09227349619881041,
            1.6717236839448603e-18,
            -0.03753636152374026,
            -5.345297453847602e-18,
            -0.27194419604852044,
            -0.2589671322679406,
            5.0990402973492275e-20,
            -0.040829483949606366,
            -8.10073344666772e-19,
            -0.3256035195022292,
            -0.22528140473491165,
            -4.568799670472117e-20,
            0.050084691382024316,
            3.1560201982292815e-20
        ],
        [
            4.7500100111393553e-20,
            4.737402387171375e-20,
            0.00010127061226414657,
            9.190780611910128e-21,
            8.668786513121391e-38,
            1.655159402344286e-20,
            2.979265414414898e-20,
            -0.0001728470341581963,
            -2.951364476649812e-21,
            6.543263950679854e-38,
            -5.216806443570342e-22,
            -1.2356883159407244e-20,
            -0.035872442178931804,
            -8.926186903799728e-21,
            -1.3724050566722365e-38,
            -5.077448945410233e-20,
            -4.568799670472117e-20,
            1.483998929233722,
            1.2627952644261101e-20,
            -2.6340948663788655e-37
        ],
        [
            -0.0020697346832549515,
            -0.0001601641704796513,
            -2.3875928304471665e-18,
            -0.00012321723164302414,
            1.5967565655043488e-18,
            0.006713309484510168,
            0.028098969036239378,
            -3.8161249786720526e-19,
            0.006984189143059239,
            1.2249551519656175e-18,
            0.11444192722139757,
            0.044892443981634056,
            -2.2825012692710052e-20,
            0.01752529330979985,
            2.5953456395104577e-19,
            0.03655077972665784,
            0.050084691382024316,
            1.2627952644261101e-20,
            1.4604250836043484,
            -3.743919236515902e-20
        ],
        [
            -2.945219704893507e-20,
            -3.9705123146316546e-20,
            1.801595050381933e-36,
            -7.285083318492302e-21,
            0.00010127061226414657,
            -5.2119140009564734e-20,
            -6.867116971625917e-20,
            2.9228676870834664e-37,
            -1.4810331370283335e-20,
            -0.0001728470341581963,
            -5.388999125798273e-20,
            -3.867867926986449e-20,
            -4.1177609438996375e-39,
            8.18307739302173e-21,
            -0.035872442178931804,
            5.725341171285765e-20,
            3.1560201982292815e-20,
            -2.6340948663788655e-37,
            -3.743919236515902e-20,
            1.4839989292337217
        ]
    ]
}