{
    "HF": -1.9373516049293884,
    "coordinates": [
        [
            0.0,
            0.0,
            0.0
        ],
        [
            1.7,
            0.0,
            0.0
        ],
        [
            3.4,
            0.0,
            0.0
        ],
        [
            5.1,
            0.0,
            0.0
        ]
    ],
    "elements": [
        "H",
        "H",
        "H",
        "H"
    ],
    "Enn": 1.3488830866588235,
    "S": [
        [
            0.9999999999999999,
            0.6848602514927513,
            0.0,
            0.0,
            0.0,
            0.07310628369165313,
            0.24971458518402298,
            0.0,
            -0.09715051900072397,
            0.0,
            6.854401830440863e-05,
            0.012333916106724092,
            0.0,
            -3.6619541941819894e-05,
            0.0,
            7.138508755601258e-10,
            8.519463401637975e-05,
            0.0,
            -3.6070499200221525e-11,
            0.0
        ],
        [
            0.6848602514927513,
            1.0000000000000002,
            0.0,
            0.0,
            0.0,
            0.2497145851840229,
            0.532835241412299,
            0.0,
            -0.1573850595943901,
            0.0,
            0.012333916106724081,
            0.08060681557134705,
            0.0,
            -0.012395960948713052,
            0.0,
            8.519463401637975e-05,
            0.0034620749838010527,
            0.0,
            -8.475837594785166e-05,
            0.0
        ],
        [
            0.0,
            0.0,
            1.0000000000000004,
            0.0,
            0.0,
            0.0,
            0.0,
            0.023483501562978966,
            0.0,
            0.0,
            0.0,
            0.0,
            3.0412450539399513e-07,
            0.0,
            0.0,
            0.0,
            0.0,
            2.1720293286255626e-15,
            0.0,
            0.0
        ],
        [
            0.0,
            0.0,
            0.0,
            1.0000000000000004,
            0.0,
            0.09715051900072395,
            0.15738505959438995,
            0.0,
            -0.1527111988579384,
            0.0,
            3.661954194181989e-05,
            0.012395960948713041,
            0.0,
            -8.823155934424227e-06,
            0.0,
            3.607049920022138e-11,
            8.475837594785148e-05,
            0.0,
            -1.4449692046689733e-13,
            0.0
        ],
        [
            0.0,
            0.0,
            0.0,
            0.0,
            1.0000000000000004,
            0.0,
            0.0,
            0.0,
            0.0,
            0.023483501562978966,
            0.0,
            0.0,
            0.0,
            0.0,
            3.0412450539399513e-07,
            0.0,
            0.0,
            0.0,
            0.0,
            2.1720293286255626e-15
        ],
        [
            0.07310628369165313,
            0.24971458518402298,
            0.0,
            0.09715051900072397,
            0.0,
            0.9999999999999999,
            0.6848602514927513,
            0.0,
            0.0,
            0.0,
            0.07310628369165313,
            0.24971458518402298,
            0.0,
            -0.09715051900072398,
            0.0,
            6.854401830440876e-05,
            0.012333916106724107,
            0.0,
            -3.661954194182001e-05,
            0.0
        ],
        [
            0.2497145851840229,
            0.532835241412299,
            0.0,
            0.1573850595943901,
            0.0,
            0.6848602514927513,
            1.0000000000000002,
            0.0,
            0.0,
            0.0,
            0.2497145851840229,
            0.532835241412299,
            0.0,
            -0.15738505959439023,
            0.0,
            0.012333916106724104,
            0.08060681557134712,
            0.0,
            -0.012395960948713062,
            0.0
        ],
        [
            0.0,
            0.0,
            0.023483501562978966,
            0.0,
            0.0,
            0.0,
            0.0,
            1.0000000000000004,
            0.0,
            0.0,
            0.0,
            0.0,
            0.023483501562978966,
            0.0,
            0.0,
            0.0,
            0.0,
            3.041245053939962e-07,
            0.0,
            0.0
        ],
        [
            -0.09715051900072395,
            -0.1573850595943899,
            0.0,
            -0.1527111988579384,
            0.0,
            0.0,
            0.0,
            0.0,
            1.0000000000000004,
            0.0,
            0.09715051900072391,
            0.1573850595943899,
            0.0,
            -0.15271119885793838,
            0.0,
            3.661954194182001e-05,
            0.01239596094871306,
            0.0,
            -8.823155934424253e-06,
            0.0
        ],
        [
            0.0,
            0.0,
            0.0,
            0.0,
            0.023483501562978966,
            0.0,
            0.0,
            0.0,
            0.0,
            1.0000000000000004,
            0.0,
            0.0,
            0.0,
            0.0,
            0.023483501562978966,
            0.0,
            0.0,
            0.0,
            0.0,
            3.041245053939962e-07
        ],
        [
            6.854401830440863e-05,
            0.012333916106724092,
            0.0,
            3.6619541941819894e-05,
            0.0,
            0.07310628369165313,
            0.24971458518402298,
            0.0,
            0.09715051900072398,
            0.0,
            0.9999999999999999,
            0.6848602514927513,
            0.0,
            0.0,
            0.0,
            0.07310628369165321,
            0.2497145851840231,
            0.0,
            -0.09715051900072416,
            0.0
        ],
        [
            0.012333916106724081,
            0.08060681557134705,
            0.0,
            0.012395960948713052,
            0.0,
            0.2497145851840229,
            0.532835241412299,
            0.0,
            0.1573850595943901,
            0.0,
            0.6848602514927513,
            1.0000000000000002,
            0.0,
            0.0,
            0.0,
            0.2497145851840231,
            0.5328352414122992,
            0.0,
            -0.1573850595943897,
            0.0
        ],
        [
            0.0,
            0.0,
            3.0412450539399513e-07,
            0.0,
            0.0,
            0.0,
            0.0,
            0.023483501562978966,
            0.0,
            0.0,
            0.0,
            0.0,
            1.0000000000000004,
            0.0,
            0.0,
            0.0,
            0.0,
            0.023483501562979014,
            0.0,
            0.0
        ],
        [
            -3.661954194181989e-05,
            -0.012395960948713036,
            0.0,
            -8.823155934424227e-06,
            0.0,
            -0.09715051900072398,
            -0.1573850595943899,
            0.0,
            -0.15271119885793838,
            0.0,
            0.0,
            0.0,
            0.0,
            1.0000000000000004,
            0.0,
            0.09715051900072406,
            0.15738505959439,
            0.0,
            -0.15271119885793863,
            0.0
        ],
        [
            0.0,
            0.0,
            0.0,
            0.0,
            3.0412450539399513e-07,
            0.0,
            0.0,
            0.0,
            0.0,
            0.023483501562978966,
            0.0,
            0.0,
            0.0,
            0.0,
            1.0000000000000004,
            0.0,
            0.0,
            0.0,
            0.0,
            0.023483501562979014
        ],
        [
            7.138508755601258e-10,
            8.519463401637975e-05,
            0.0,
            3.6070499200221525e-11,
            0.0,
            6.854401830440876e-05,
            0.012333916106724107,
            0.0,
            3.661954194182001e-05,
            0.0,
            0.07310628369165321,
            0.2497145851840231,
            0.0,
            0.0971505190007241,
            0.0,
            0.9999999999999999,
            0.6848602514927513,
            0.0,
            0.0,
            0.0
        ],
        [
            8.519463401637975e-05,
            0.0034620749838010527,
            0.0,
            8.475837594785166e-05,
            0.0,
            0.012333916106724104,
            0.08060681557134712,
            0.0,
            0.012395960948713062,
            0.0,
            0.2497145851840231,
            0.5328352414122992,
            0.0,
            0.15738505959439,
            0.0,
            0.6848602514927513,
            1.0000000000000002,
            0.0,
            0.0,
            0.0
        ],
        [
            0.0,
            0.0,
            2.1720293286255626e-15,
            0.0,
            0.0,
            0.0,
            0.0,
            3.041245053939962e-07,
            0.0,
            0.0,
            0.0,
            0.0,
            0.023483501562979014,
            0.0,
            0.0,
            0.0,
            0.0,
            1.0000000000000004,
            0.0,
            0.0
        ],
        [
            -3.607049920022138e-11,
            -8.475837594785151e-05,
            0.0,
            -1.4449692046689733e-13,
            0.0,
            -3.6619541941819996e-05,
            -0.01239596094871306,
            0.0,
            -8.823155934424254e-06,
            0.0,
            -0.09715051900072412,
            -0.1573850595943903,
            0.0,
            -0.15271119885793863,
            0.0,
            0.0,
            0.0,
            0.0,
            1.0000000000000004,
            0.0
        ],
        [
            0.0,
            0.0,
            0.0,
            0.0,
            2.1720293286255626e-15,
            0.0,
            0.0,
            0.0,
            0.0,
            3.041245053939962e-07,
            0.0,
            0.0,
            0.0,
            0.0,
            0.023483501562979014,
            0.0,
            0.0,
            0.0,
            0.0,
            1.0000000000000004
        ]
    ],
    "h": [
        [
            -0.04068320574848838,
            -0.3181446396149107,
            -8.832832448977912e-22,
            -0.0279784655914512,
            7.568575479913873e-18,
            -0.19895255407138632,
            -0.248114851167608,
            -7.63697714758215e-21,
            0.10611697421200204,
            1.3334652444884404e-18,
            -0.006069363497652598,
            -0.041942387504289705,
            4.2647692571254105e-21,
            0.01547981987813719,
            7.916909372835292e-20,
            0.013409062814453957,
            0.012193503503611427,
            3.1314430661301774e-22,
            -0.0017955442383678188,
            1.3261689609536642e-20
        ],
        [
            -0.3181446396149107,
            -0.21593937539895358,
            -2.1959296684581037e-23,
            -0.04044673237762753,
            9.834007736160775e-18,
            -0.2526723796017208,
            -0.24584542756113548,
            9.81383923184832e-22,
            0.037091752286117774,
            9.359671802232624e-19,
            -0.02800324680315044,
            -0.0772011219089599,
            6.35600425243133e-21,
            0.02941673803316717,
            8.115224188849008e-20,
            0.01219350350361144,
            0.00645459236291397,
            5.577563589632756e-22,
            -0.0007286812785416671,
            1.291522704047793e-20
        ],
        [
            -8.832832448977912e-22,
            -2.1959296684581037e-23,
            1.4804420858208533,
            -1.7828048852923784e-21,
            7.032281836476922e-37,
            2.1437930391343216e-21,
            2.7275677915027954e-22,
            -0.03192759438395291,
            -1.0435694507255496e-21,
            -4.816251491492603e-38,
            -3.4027676773531e-21,
            -3.491630088616294e-21,
            -0.0001051372044833421,
            -6.415650066305287e-22,
            1.447452014357114e-39,
            -3.020187466691734e-21,
            -3.7967837367379184e-21,
            8.051604491166195e-05,
            6.709114419370331e-22,
            2.666151466651438e-40
        ],
        [
            -0.0279784655914512,
            -0.04044673237762753,
            -1.7828048852923784e-21,
            1.4634156914596081,
            2.536909821714886e-18,
            -0.10591625926770212,
            -0.0398845294660814,
            1.9603308303305403e-21,
            0.0623719154960444,
            3.0997939684971465e-19,
            -0.004590855938459461,
            -0.021568258991245627,
            1.168113196032859e-21,
            0.004821242632926624,
            2.291817326437372e-20,
            0.001795544238367841,
            0.0007286812785416912,
            8.394837822766044e-23,
            -0.00015005412638965563,
            2.429117740465164e-21
        ],
        [
            7.568575479913873e-18,
            9.834007736160775e-18,
            7.032281836476922e-37,
            2.536909821714886e-18,
            1.4804420858208531,
            1.1390889142719381e-17,
            1.3418774634089849e-17,
            -1.2293710907143996e-35,
            -2.3298745465987593e-18,
            -0.03192759438395291,
            5.835986855096954e-18,
            8.602603438759022e-18,
            9.595156453546157e-38,
            -9.812897369656575e-19,
            -0.0001051372044833421,
            2.7114698795636286e-18,
            3.987264256187427e-18,
            2.7900492878115825e-38,
            -7.808625048161343e-19,
            8.051604491166195e-05
        ],
        [
            -0.19895255407138632,
            -0.2526723796017208,
            2.1437930391343216e-21,
            -0.10591625926770212,
            1.1390889142719381e-17,
            -0.05600004964768046,
            -0.3432041920355017,
            4.666788972448627e-20,
            0.009456605848930634,
            -4.734565896941812e-19,
            -0.12265913358344682,
            -0.18361025367495737,
            1.0193121708448362e-20,
            0.0900744644182696,
            3.6723099462415527e-20,
            -0.00606936349765255,
            -0.02800324680315047,
            1.0651550079020055e-21,
            0.0045908559384594694,
            3.450123123167978e-21
        ],
        [
            -0.248114851167608,
            -0.24584542756113548,
            2.7275677915027954e-22,
            -0.0398845294660814,
            1.3418774634089849e-17,
            -0.3432041920355017,
            -0.2683537053023951,
            8.090165464133561e-20,
            0.014181321452418584,
            8.398620469771951e-20,
            -0.18361025367495717,
            -0.19364000827607009,
            5.1030140358090805e-21,
            0.02210484150147246,
            -3.6310272368729305e-20,
            -0.04194238750428966,
            -0.07720112190895988,
            5.64481596226052e-22,
            0.021568258991245644,
            9.05661415960446e-21
        ],
        [
            -7.63697714758215e-21,
            9.81383923184832e-22,
            -0.03192759438395291,
            1.9603308303305403e-21,
            -1.2293710907143996e-35,
            4.666788972448627e-20,
            8.090165464133561e-20,
            1.4808776540691184,
            4.231556272887628e-20,
            -9.997412281738523e-37,
            1.6173978006844242e-19,
            1.7725972648229907e-19,
            -0.029106204786990688,
            -1.575573352984424e-20,
            -9.019097355343945e-38,
            8.39729360344112e-20,
            1.1680042117281758e-19,
            -0.00010513720448334182,
            -2.4505130500002087e-20,
            -8.32451118480115e-39
        ],
        [
            0.10611697421200204,
            0.037091752286117774,
            -1.0435694507255496e-21,
            0.0623719154960444,
            -2.3298745465987593e-18,
            0.009456605848930634,
            0.014181321452418584,
            4.231556272887628e-20,
            1.447043962800333,
            5.195405507572702e-19,
            -0.09007446441826931,
            -0.022104841501471628,
            -2.797606176278739e-22,
            0.05431899283847852,
            -3.5890351768537175e-20,
            -0.015479819878137197,
            -0.029416738033167137,
            3.0493323837401363e-23,
            0.004821242632926611,
            3.1087982042762625e-22
        ],
        [
            1.3334652444884404e-18,
            9.359671802232624e-19,
            -4.816251491492603e-38,
            3.0997939684971465e-19,
            -0.03192759438395291,
            -4.734565896941812e-19,
            8.398620469771951e-20,
            -9.997412281738523e-37,
            5.195405507572702e-19,
            1.4808776540691182,
            4.756721901891704e-19,
            3.8961788128494426e-19,
            -2.4428450712340483e-38,
            -1.8039183257116989e-19,
            -0.029106204786990688,
            1.0802757424600751e-19,
            2.0090966037849363e-19,
            1.1842725694260369e-40,
            -4.597733772072276e-20,
            -0.00010513720448334182
        ],
        [
            -0.006069363497652598,
            -0.02800324680315044,
            -3.4027676773531e-21,
            -0.004590855938459461,
            5.835986855096954e-18,
            -0.12265913358344682,
            -0.18361025367495717,
            1.6173978006844242e-19,
            -0.09007446441826931,
            4.756721901891704e-19,
            -0.05600004964767957,
            -0.3432041920355009,
            -1.7557379049493713e-20,
            -0.009456605848930585,
            -2.6629402828366234e-19,
            -0.19895255407138634,
            -0.2526723796017209,
            -2.2774056781047334e-21,
            0.10591625926770239,
            8.721492931712366e-21
        ],
        [
            -0.041942387504289705,
            -0.0772011219089599,
            -3.491630088616294e-21,
            -0.021568258991245627,
            8.602603438759022e-18,
            -0.18361025367495737,
            -0.19364000827607009,
            1.7725972648229907e-19,
            -0.022104841501471628,
            3.8961788128494426e-19,
            -0.3432041920355009,
            -0.2683537053023939,
            -1.5627877651416175e-20,
            -0.014181321452418582,
            -2.1489358465500878e-19,
            -0.24811485116760806,
            -0.24584542756113592,
            -1.6412370464858423e-21,
            0.039884529466080426,
            -1.584578092004252e-20
        ],
        [
            4.2647692571254105e-21,
            6.35600425243133e-21,
            -0.0001051372044833421,
            1.168113196032859e-21,
            9.595156453546157e-38,
            1.0193121708448362e-20,
            5.1030140358090805e-21,
            -0.029106204786990688,
            -2.797606176278739e-22,
            -2.4428450712340483e-38,
            -1.7557379049493713e-20,
            -1.5627877651416175e-20,
            1.4808776540691173,
            -8.235659770453766e-22,
            1.2786469981177643e-38,
            -1.3263360035216961e-20,
            -1.5993186803116976e-20,
            -0.03192759438395294,
            4.9213321201661806e-21,
            1.1719612537995878e-39
        ],
        [
            0.01547981987813719,
            0.02941673803316717,
            -6.415650066305287e-22,
            0.004821242632926624,
            -9.812897369656575e-19,
            0.0900744644182696,
            0.02210484150147246,
            -1.575573352984424e-20,
            0.05431899283847852,
            -1.8039183257116989e-19,
            -0.009456605848930585,
            -0.014181321452418582,
            -8.235659770453766e-22,
            1.447043962800332,
            1.2152674612447802e-19,
            -0.10611697421200193,
            -0.03709175228611758,
            -8.598943694400322e-22,
            0.062371915496044456,
            -4.3615153343390766e-21
        ],
        [
            7.916909372835292e-20,
            8.115224188849008e-20,
            1.447452014357114e-39,
            2.291817326437372e-20,
            -0.0001051372044833421,
            3.6723099462415527e-20,
            -3.6310272368729305e-20,
            -9.019097355343945e-38,
            -3.5890351768537175e-20,
            -0.029106204786990688,
            -2.6629402828366234e-19,
            -2.1489358465500878e-19,
            1.2786469981177643e-38,
            1.2152674612447802e-19,
            1.480877654069117,
            5.584991986007717e-20,
            -5.795229851571653e-21,
            8.667099883343585e-40,
            -1.4944122653135533e-20,
            -0.03192759438395294
        ],
        [
            0.013409062814453957,
            0.01219350350361144,
            -3.020187466691734e-21,
            0.001795544238367841,
            2.7114698795636286e-18,
            -0.00606936349765255,
            -0.04194238750428966,
            8.39729360344112e-20,
            -0.015479819878137197,
            1.0802757424600751e-19,
            -0.19895255407138634,
            -0.24811485116760806,
            -1.3263360035216961e-20,
            -0.10611697421200193,
            5.584991986007717e-20,
            -0.04068320574848783,
            -0.3181446396149107,
            -4.788195323354741e-22,
            0.0279784655914513,
            -7.687377112576052e-20
        ],
        [
            0.012193503503611427,
            0.00645459236291397,
            -3.7967837367379184e-21,
            0.0007286812785416912,
            3.987264256187427e-18,
            -0.02800324680315047,
            -0.07720112190895988,
            1.1680042117281758e-19,
            -0.029416738033167137,
            2.0090966037849363e-19,
            -0.2526723796017209,
            -0.24584542756113592,
            -1.5993186803116976e-20,
            -0.03709175228611758,
            -5.795229851571653e-21,
            -0.3181446396149107,
            -0.21593937539895403,
            -1.1819162078796867e-21,
            0.040446732377627616,
            -6.751049841524877e-20
        ],
        [
            3.1314430661301774e-22,
            5.577563589632756e-22,
            8.051604491166195e-05,
            8.394837822766044e-23,
            2.7900492878115825e-38,
            1.0651550079020055e-21,
            5.64481596226052e-22,
            -0.00010513720448334182,
            3.0493323837401363e-23,
            1.1842725694260369e-40,
            -2.2774056781047334e-21,
            -1.6412370464858423e-21,
            -0.03192759438395294,
            -8.598943694400322e-22,
            8.667099883343585e-40,
            -4.788195323354741e-22,
            -1.1819162078796867e-21,
            1.4804420858208536,
            -3.6025355822215004e-22,
            3.3427901585492756e-40
        ],
        [
            -0.0017955442383678188,
            -0.0007286812785416671,
            6.709114419370331e-22,
            -0.00015005412638965563,
            -7.808625048161343e-19,
            0.0045908559384594694,
            0.021568258991245644,
            -2.4505130500002087e-20,
            0.004821242632926611,
            -4.597733772072276e-20,
            0.10591625926770239,
            0.039884529466080426,
            4.9213321201661806e-21,
            0.062371915496044456,
            -1.4944122653135533e-20,
            0.0279784655914513,
            0.040446732377627616,
            -3.6025355822215004e-22,
            1.463415691459608,
            1.6938369848195637e-20
        ],
        [
            1.3261689609536642e-20,
            1.291522704047793e-20,
            2.666151466651438e-40,
            2.429117740465164e-21,
            8.051604491166195e-05,
            3.450123123167978e-21,
            9.05661415960446e-21,
            -8.32451118480115e-39,
            3.1087982042762625e-22,
            -0.00010513720448334182,
            8.721492931712366e-21,
            -1.584578092004252e-20,
            1.1719612537995878e-39,
            -4.3615153343390766e-21,
            -0.03192759438395294,
            -7.687377112576052e-20,
            -6.751049841524877e-20,
            3.3427901585492756e-40,
            1.6938369848195637e-20,
            1.4804420858208533
        ]
    ]
}