{
    "HF": -1.8761474909072655,
    "coordinates": [
        [
            0.0,
            0.0,
            0.0
        ],
        [
            1.9,
            0.0,
            0.0
        ],
        [
            3.8,
            0.0,
            0.0
        ],
        [
            5.7,
            0.0,
            0.0
        ]
    ],
    "elements": [
        "H",
        "H",
        "H",
        "H"
    ],
    "Enn": 1.2068953933263158,
    "S": [
        [
            0.9999999999999999,
            0.6848602514927513,
            0.0,
            0.0,
            0.0,
            0.04018567008426245,
            0.19432416694040625,
            0.0,
            -0.05253253763699431,
            0.0,
            6.960613429508728e-06,
            0.0045623803571460345,
            0.0,
            -2.3975167209616424e-06,
            0.0,
            4.1642661915026755e-12,
            9.226434293294524e-06,
            0.0,
            -6.806016157523e-14,
            0.0
        ],
        [
            0.6848602514927513,
            1.0000000000000002,
            0.0,
            0.0,
            0.0,
            0.19432416694040625,
            0.45548878435187173,
            0.0,
            -0.13446640399605148,
            0.0,
            0.0045623803571460345,
            0.043043814456234376,
            0.0,
            -0.00473115648208039,
            0.0,
            9.226434293294524e-06,
            0.0008439159381044444,
            0.0,
            -8.444963592503328e-06,
            0.0
        ],
        [
            0.0,
            0.0,
            1.0000000000000004,
            0.0,
            0.0,
            0.0,
            0.0,
            0.009222803210591714,
            0.0,
            0.0,
            0.0,
            0.0,
            7.235220452318305e-09,
            0.0,
            0.0,
            0.0,
            0.0,
            4.827991298727717e-19,
            0.0,
            0.0
        ],
        [
            0.0,
            0.0,
            0.0,
            1.0000000000000004,
            0.0,
            0.0525325376369943,
            0.13446640399605136,
            0.0,
            -0.07721471498916116,
            0.0,
            2.397516720961642e-06,
            0.004731156482080382,
            0.0,
            -2.640031374509569e-07,
            0.0,
            6.806016157522999e-14,
            8.444963592503338e-06,
            0.0,
            -4.0241004533799493e-17,
            0.0
        ],
        [
            0.0,
            0.0,
            0.0,
            0.0,
            1.0000000000000004,
            0.0,
            0.0,
            0.0,
            0.0,
            0.009222803210591714,
            0.0,
            0.0,
            0.0,
            0.0,
            7.235220452318305e-09,
            0.0,
            0.0,
            0.0,
            0.0,
            4.827991298727717e-19
        ],
        [
            0.04018567008426245,
            0.19432416694040625,
            0.0,
            0.05253253763699431,
            0.0,
            0.9999999999999999,
            0.6848602514927513,
            0.0,
            0.0,
            0.0,
            0.04018567008426245,
            0.19432416694040625,
            0.0,
            -0.052532537636994295,
            0.0,
            6.960613429508666e-06,
            0.004562380357146023,
            0.0,
            -2.397516720961617e-06,
            0.0
        ],
        [
            0.19432416694040625,
            0.45548878435187173,
            0.0,
            0.13446640399605148,
            0.0,
            0.6848602514927513,
            1.0000000000000002,
            0.0,
            0.0,
            0.0,
            0.19432416694040625,
            0.45548878435187173,
            0.0,
            -0.1344664039960516,
            0.0,
            0.004562380357146022,
            0.0430438144562343,
            0.0,
            -0.004731156482080369,
            0.0
        ],
        [
            0.0,
            0.0,
            0.009222803210591714,
            0.0,
            0.0,
            0.0,
            0.0,
            1.0000000000000004,
            0.0,
            0.0,
            0.0,
            0.0,
            0.009222803210591714,
            0.0,
            0.0,
            0.0,
            0.0,
            7.235220452318228e-09,
            0.0,
            0.0
        ],
        [
            -0.052532537636994295,
            -0.1344664039960513,
            0.0,
            -0.07721471498916116,
            0.0,
            0.0,
            0.0,
            0.0,
            1.0000000000000004,
            0.0,
            0.052532537636994295,
            0.1344664039960513,
            0.0,
            -0.07721471498916116,
            0.0,
            2.397516720961617e-06,
            0.004731156482080367,
            0.0,
            -2.6400313745095423e-07,
            0.0
        ],
        [
            0.0,
            0.0,
            0.0,
            0.0,
            0.009222803210591714,
            0.0,
            0.0,
            0.0,
            0.0,
            1.0000000000000004,
            0.0,
            0.0,
            0.0,
            0.0,
            0.009222803210591714,
            0.0,
            0.0,
            0.0,
            0.0,
            7.235220452318228e-09
        ],
        [
            6.960613429508728e-06,
            0.0045623803571460345,
            0.0,
            2.3975167209616424e-06,
            0.0,
            0.04018567008426245,
            0.19432416694040625,
            0.0,
            0.052532537636994295,
            0.0,
            0.9999999999999999,
            0.6848602514927513,
            0.0,
            0.0,
            0.0,
            0.040185670084262326,
            0.19432416694040602,
            0.0,
            -0.0525325376369942,
            0.0
        ],
        [
            0.0045623803571460345,
            0.043043814456234376,
            0.0,
            0.00473115648208039,
            0.0,
            0.19432416694040625,
            0.45548878435187173,
            0.0,
            0.1344664039960516,
            0.0,
            0.6848602514927513,
            1.0000000000000002,
            0.0,
            0.0,
            0.0,
            0.19432416694040602,
            0.4554887843518714,
            0.0,
            -0.13446640399605134,
            0.0
        ],
        [
            0.0,
            0.0,
            7.235220452318305e-09,
            0.0,
            0.0,
            0.0,
            0.0,
            0.009222803210591714,
            0.0,
            0.0,
            0.0,
            0.0,
            1.0000000000000004,
            0.0,
            0.0,
            0.0,
            0.0,
            0.009222803210591674,
            0.0,
            0.0
        ],
        [
            -2.3975167209616416e-06,
            -0.004731156482080379,
            0.0,
            -2.640031374509569e-07,
            0.0,
            -0.052532537636994295,
            -0.1344664039960513,
            0.0,
            -0.07721471498916116,
            0.0,
            0.0,
            0.0,
            0.0,
            1.0000000000000004,
            0.0,
            0.05253253763699414,
            0.13446640399605134,
            0.0,
            -0.07721471498916092,
            0.0
        ],
        [
            0.0,
            0.0,
            0.0,
            0.0,
            7.235220452318305e-09,
            0.0,
            0.0,
            0.0,
            0.0,
            0.009222803210591714,
            0.0,
            0.0,
            0.0,
            0.0,
            1.0000000000000004,
            0.0,
            0.0,
            0.0,
            0.0,
            0.009222803210591674
        ],
        [
            4.1642661915026755e-12,
            9.226434293294524e-06,
            0.0,
            6.806016157523e-14,
            0.0,
            6.960613429508666e-06,
            0.004562380357146023,
            0.0,
            2.397516720961617e-06,
            0.0,
            0.040185670084262326,
            0.19432416694040602,
            0.0,
            0.0525325376369942,
            0.0,
            0.9999999999999999,
            0.6848602514927513,
            0.0,
            0.0,
            0.0
        ],
        [
            9.226434293294524e-06,
            0.0008439159381044444,
            0.0,
            8.444963592503328e-06,
            0.0,
            0.004562380357146022,
            0.0430438144562343,
            0.0,
            0.004731156482080373,
            0.0,
            0.19432416694040602,
            0.4554887843518714,
            0.0,
            0.13446640399605134,
            0.0,
            0.6848602514927513,
            1.0000000000000002,
            0.0,
            0.0,
            0.0
        ],
        [
            0.0,
            0.0,
            4.827991298727717e-19,
            0.0,
            0.0,
            0.0,
            0.0,
            7.235220452318228e-09,
            0.0,
            0.0,
            0.0,
            0.0,
            0.009222803210591674,
            0.0,
            0.0,
            0.0,
            0.0,
            1.0000000000000004,
            0.0,
            0.0
        ],
        [
            -6.806016157522999e-14,
            -8.44496359250334e-06,
            0.0,
            -4.0241004533799493e-17,
            0.0,
            -2.397516720961617e-06,
            -0.004731156482080364,
            0.0,
            -2.6400313745095423e-07,
            0.0,
            -0.05253253763699414,
            -0.13446640399605134,
            0.0,
            -0.07721471498916092,
            0.0,
            0.0,
            0.0,
            0.0,
            1.0000000000000004,
            0.0
        ],
        [
            0.0,
            0.0,
            0.0,
            0.0,
            4.827991298727717e-19,
            0.0,
            0.0,
            0.0,
            0.0,
            7.235220452318228e-09,
            0.0,
            0.0,
            0.0,
            0.0,
            0.009222803210591674,
            0.0,
            0.0,
            0.0,
            0.0,
            1.0000000000000004
        ]
    ],
    "h": [
        [
            -0.03409569028916848,
            -0.30667372514489255,
            1.9883598822047817e-18,
            -0.016148881953900275,
            -1.626255712390076e-18,
            -0.15792510003356866,
            -0.21642085386292387,
            -3.807305987605307e-20,
            0.08471487079804771,
            -2.0615825972589366e-19,
            -0.0031076620930947907,
            -0.026471044730790417,
            -6.175940360782226e-20,
            0.00973856964136057,
            4.776825044499733e-21,
            0.010942471418742265,
            0.01115787267818601,
            -1.9106668357735153e-20,
            -0.0013022609308324295,
            2.9112046188243574e-21
        ],
        [
            -0.30667372514489255,
            -0.19893677752157268,
            1.6172971249233221e-18,
            -0.026322277433146246,
            -1.8682068814673615e-18,
            -0.21857260222762695,
            -0.22035597169338605,
            -1.3395921303655168e-19,
            0.033391921828722554,
            -1.313639978140793e-19,
            -0.014912705980706209,
            -0.05302090805121475,
            -5.959242769683058e-20,
            0.01775175260367374,
            8.050530434940687e-21,
            0.011157872678186019,
            0.009500870107006966,
            -1.8109987419222478e-20,
            -0.0009780578350789997,
            3.3237699812812554e-21
        ],
        [
            1.9883598822047817e-18,
            1.6172971249233221e-18,
            1.4741226525384536,
            -1.0198046094354978e-19,
            4.553696326328907e-34,
            -1.8987849028560573e-18,
            -2.934304209069632e-18,
            -0.020851937238725617,
            -1.3554171745553258e-18,
            8.012760872729022e-35,
            -6.98467800900837e-18,
            -8.367361057961969e-18,
            -4.3635732919900915e-05,
            -4.0674154424207416e-20,
            1.3663248071238186e-36,
            -4.711420966556663e-18,
            -6.245888067067685e-18,
            5.2512025878143515e-05,
            9.579729491912642e-19,
            6.043960788124898e-39
        ],
        [
            -0.016148881953900275,
            -0.026322277433146246,
            -1.0198046094354978e-19,
            1.4654550013966348,
            -2.8817471614334896e-19,
            -0.08447355479538635,
            -0.0347502789748291,
            -4.788237565449753e-20,
            0.0878740126312922,
            -3.8399330081396996e-20,
            -0.0023723632561088834,
            -0.012316836108322477,
            -1.4148579017776573e-20,
            0.0024976400362354614,
            1.40998334019247e-21,
            0.0013022609308324358,
            0.0009780578350790064,
            -2.9493849616341348e-21,
            -0.00013078998944071152,
            4.8773134882952655e-22
        ],
        [
            -1.626255712390076e-18,
            -1.8682068814673615e-18,
            4.553696326328907e-34,
            -2.8817471614334896e-19,
            1.4741226525384534,
            -1.133221624835612e-18,
            -1.2690663253268454e-18,
            6.4109067931656e-36,
            6.2310285999523785e-19,
            -0.02085193723872561,
            8.0585417529631545e-19,
            7.524951383940741e-19,
            7.169649822114902e-38,
            1.1852696328421993e-19,
            -4.3635732919900915e-05,
            6.972042819877194e-19,
            8.848866160132696e-19,
            -3.5400097086268245e-39,
            -1.3069703041632575e-19,
            5.2512025878143515e-05
        ],
        [
            -0.15792510003356866,
            -0.21857260222762695,
            -1.8987849028560573e-18,
            -0.08447355479538635,
            -1.133221624835612e-18,
            -0.04199320866524969,
            -0.3233568908819989,
            -3.8024287542272826e-19,
            0.005164884153848975,
            2.784670305589448e-19,
            -0.08652078067990288,
            -0.15025261551166202,
            -1.392240074129568e-20,
            0.06998337119479217,
            2.5349865178995458e-20,
            -0.0031076620930947613,
            -0.014912705980706162,
            -1.7108912329624553e-21,
            0.002372363256108878,
            3.310823314653047e-21
        ],
        [
            -0.21642085386292387,
            -0.22035597169338605,
            -2.934304209069632e-18,
            -0.0347502789748291,
            -1.2690663253268454e-18,
            -0.3233568908819989,
            -0.23777183744594899,
            -4.2837072361162444e-19,
            0.010083444665160814,
            3.540129262617973e-19,
            -0.15025261551166202,
            -0.1621469489793812,
            -3.7274220759680055e-20,
            0.020348541221983707,
            3.333814132773808e-20,
            -0.026471044730790365,
            -0.05302090805121462,
            -6.302316569585418e-21,
            0.012316836108322462,
            3.963616814905225e-21
        ],
        [
            -3.807305987605307e-20,
            -1.3395921303655168e-19,
            -0.020851937238725617,
            -4.788237565449753e-20,
            6.4109067931656e-36,
            -3.8024287542272826e-19,
            -4.2837072361162444e-19,
            1.4768254270076822,
            7.099460453573273e-20,
            1.5792807357373263e-36,
            -2.9323889447453487e-19,
            -3.824132553241849e-19,
            -0.01821529728463634,
            2.7310206195934224e-20,
            5.642080136741652e-38,
            -1.55590945498817e-19,
            -2.1438304160652144e-19,
            -4.363573291990069e-05,
            3.6545831877396224e-20,
            2.4024486886112203e-40
        ],
        [
            0.08471487079804771,
            0.033391921828722554,
            -1.3554171745553258e-18,
            0.0878740126312922,
            6.2310285999523785e-19,
            0.005164884153848975,
            0.010083444665160814,
            7.099460453573273e-20,
            1.458710447593918,
            6.179486520573065e-20,
            -0.06998337119479221,
            -0.02034854122198293,
            -2.5047263954627077e-21,
            0.08060018701420259,
            1.3552260416116705e-20,
            -0.009738569641360573,
            -0.017751752603673718,
            6.349957179185986e-22,
            0.0024976400362354593,
            6.154999037569292e-22
        ],
        [
            -2.0615825972589366e-19,
            -1.313639978140793e-19,
            8.012760872729022e-35,
            -3.8399330081396996e-20,
            -0.02085193723872561,
            2.784670305589448e-19,
            3.540129262617973e-19,
            1.5792807357373263e-36,
            6.179486520573065e-20,
            1.476825427007682,
            6.285515992465676e-19,
            7.284027703350714e-19,
            5.166980584081295e-38,
            -4.4602453302583115e-20,
            -0.018215297284636334,
            3.4317039354057734e-19,
            4.685018344525756e-19,
            -1.6069510646991687e-39,
            -8.130278103301713e-20,
            -4.363573291990069e-05
        ],
        [
            -0.0031076620930947907,
            -0.014912705980706209,
            -6.98467800900837e-18,
            -0.0023723632561088834,
            8.0585417529631545e-19,
            -0.08652078067990288,
            -0.15025261551166202,
            -2.9323889447453487e-19,
            -0.06998337119479221,
            6.285515992465676e-19,
            -0.04199320866524947,
            -0.3233568908819987,
            -3.564639139350497e-20,
            -0.005164884153848956,
            4.001094285870279e-20,
            -0.15792510003356847,
            -0.2185726022276267,
            -7.410921351432068e-23,
            0.08447355479538635,
            1.0388044838251416e-21
        ],
        [
            -0.026471044730790417,
            -0.05302090805121475,
            -8.367361057961969e-18,
            -0.012316836108322477,
            7.524951383940741e-19,
            -0.15025261551166202,
            -0.1621469489793812,
            -3.824132553241849e-19,
            -0.02034854122198293,
            7.284027703350714e-19,
            -0.3233568908819987,
            -0.23777183744594832,
            -3.860308386338944e-20,
            -0.010083444665160791,
            4.916971283552062e-20,
            -0.2164208538629239,
            -0.22035597169338594,
            -2.3409629790761005e-21,
            0.03475027897482913,
            3.0298675707546743e-21
        ],
        [
            -6.175940360782226e-20,
            -5.959242769683058e-20,
            -4.3635732919900915e-05,
            -1.4148579017776573e-20,
            7.169649822114902e-38,
            -1.392240074129568e-20,
            -3.7274220759680055e-20,
            -0.01821529728463634,
            -2.5047263954627077e-21,
            5.166980584081295e-38,
            -3.564639139350497e-20,
            -3.860308386338944e-20,
            1.4768254270076815,
            2.6755876444095945e-21,
            -7.005677551778961e-38,
            -8.298764583725807e-21,
            -1.526738559930553e-20,
            -0.02085193723872554,
            2.9786064910998846e-21,
            -1.873510578208817e-40
        ],
        [
            0.00973856964136057,
            0.01775175260367374,
            -4.0674154424207416e-20,
            0.0024976400362354614,
            1.1852696328421993e-19,
            0.06998337119479217,
            0.020348541221983707,
            2.7310206195934224e-20,
            0.08060018701420259,
            -4.4602453302583115e-20,
            -0.005164884153848956,
            -0.010083444665160791,
            2.6755876444095945e-21,
            1.4587104475939172,
            1.130358391740313e-21,
            -0.08471487079804746,
            -0.03339192182872236,
            -1.6198991131792534e-22,
            0.08787401263129203,
            1.8510818653551924e-22
        ],
        [
            4.776825044499733e-21,
            8.050530434940687e-21,
            1.3663248071238186e-36,
            1.40998334019247e-21,
            -4.3635732919900915e-05,
            2.5349865178995458e-20,
            3.333814132773808e-20,
            5.642080136741652e-38,
            1.3552260416116705e-20,
            -0.018215297284636334,
            4.001094285870279e-20,
            4.916971283552062e-20,
            -7.005677551778961e-38,
            1.130358391740313e-21,
            1.4768254270076813,
            1.8877591745888917e-20,
            2.690812025362846e-20,
            -2.8385765756337046e-40,
            -6.202303956046997e-21,
            -0.02085193723872554
        ],
        [
            0.010942471418742265,
            0.011157872678186019,
            -4.711420966556663e-18,
            0.0013022609308324358,
            6.972042819877194e-19,
            -0.0031076620930947613,
            -0.026471044730790365,
            -1.55590945498817e-19,
            -0.009738569641360573,
            3.4317039354057734e-19,
            -0.15792510003356847,
            -0.2164208538629239,
            -8.298764583725807e-21,
            -0.08471487079804746,
            1.8877591745888917e-20,
            -0.03409569028916848,
            -0.306673725144892,
            -8.069564292939664e-21,
            0.016148881953900393,
            5.5339445451193014e-21
        ],
        [
            0.01115787267818601,
            0.009500870107006966,
            -6.245888067067685e-18,
            0.0009780578350790064,
            8.848866160132696e-19,
            -0.014912705980706162,
            -0.05302090805121462,
            -2.1438304160652144e-19,
            -0.017751752603673718,
            4.685018344525756e-19,
            -0.2185726022276267,
            -0.22035597169338594,
            -1.526738559930553e-20,
            -0.03339192182872236,
            2.690812025362846e-20,
            -0.306673725144892,
            -0.19893677752157246,
            -7.519496275338731e-21,
            0.026322277433146184,
            5.450555229332806e-21
        ],
        [
            -1.9106668357735153e-20,
            -1.8109987419222478e-20,
            5.2512025878143515e-05,
            -2.9493849616341348e-21,
            -3.5400097086268245e-39,
            -1.7108912329624553e-21,
            -6.302316569585418e-21,
            -4.363573291990069e-05,
            6.349957179185986e-22,
            -1.6069510646991687e-39,
            -7.410921351432068e-23,
            -2.3409629790761005e-21,
            -0.02085193723872554,
            -1.6198991131792534e-22,
            -2.8385765756337046e-40,
            -8.069564292939664e-21,
            -7.519496275338731e-21,
            1.4741226525384536,
            7.902284217096581e-22,
            -8.545718274705338e-39
        ],
        [
            -0.0013022609308324295,
            -0.0009780578350789997,
            9.579729491912642e-19,
            -0.00013078998944071152,
            -1.3069703041632575e-19,
            0.002372363256108878,
            0.012316836108322462,
            3.6545831877396224e-20,
            0.0024976400362354593,
            -8.130278103301713e-20,
            0.08447355479538635,
            0.03475027897482913,
            2.9786064910998846e-21,
            0.08787401263129203,
            -6.202303956046997e-21,
            0.016148881953900393,
            0.026322277433146184,
            7.902284217096581e-22,
            1.465455001396635,
            -1.0441046052850677e-22
        ],
        [
            2.9112046188243574e-21,
            3.3237699812812554e-21,
            6.043960788124898e-39,
            4.8773134882952655e-22,
            5.2512025878143515e-05,
            3.310823314653047e-21,
            3.963616814905225e-21,
            2.4024486886112203e-40,
            6.154999037569292e-22,
            -4.363573291990069e-05,
            1.0388044838251416e-21,
            3.0298675707546743e-21,
            -1.873510578208817e-40,
            1.8510818653551924e-22,
            -0.02085193723872554,
            5.5339445451193014e-21,
            5.450555229332806e-21,
            -8.545718274705338e-39,
            -1.0441046052850677e-22,
            1.4741226525384534
        ]
    ]
}