{
    "HF": -1.822090156901917,
    "coordinates": [
        [
            0.0,
            0.0,
            0.0
        ],
        [
            2.1,
            0.0,
            0.0
        ],
        [
            4.2,
            0.0,
            0.0
        ],
        [
            6.3,
            0.0,
            0.0
        ]
    ],
    "elements": [
        "H",
        "H",
        "H",
        "H"
    ],
    "Enn": 1.0919529749142858,
    "S": [
        [
            0.9999999999999999,
            0.6848602514927513,
            0.0,
            0.0,
            0.0,
            0.020856220946818476,
            0.14709996688200683,
            0.0,
            -0.026152597806796386,
            0.0,
            5.486611652416393e-07,
            0.0015141265199115027,
            0.0,
            -1.1325557902521426e-07,
            0.0,
            1.3716394601906157e-14,
            7.829773038047897e-07,
            0.0,
            -6.247872556079315e-17,
            0.0
        ],
        [
            0.6848602514927513,
            1.0000000000000002,
            0.0,
            0.0,
            0.0,
            0.14709996688200683,
            0.38264326424095907,
            0.0,
            -0.11027155374109388,
            0.0,
            0.0015141265199115027,
            0.021437606305259215,
            0.0,
            -0.0015847802253850262,
            0.0,
            7.829773038047897e-07,
            0.0001758517338533171,
            0.0,
            -6.360914516272776e-07,
            0.0
        ],
        [
            0.0,
            0.0,
            1.0000000000000004,
            0.0,
            0.0,
            0.0,
            0.0,
            0.0032648485503669164,
            0.0,
            0.0,
            0.0,
            0.0,
            1.1361931331528756e-10,
            0.0,
            0.0,
            0.0,
            0.0,
            4.2147067273573767e-23,
            0.0,
            0.0
        ],
        [
            0.0,
            0.0,
            0.0,
            1.0000000000000004,
            0.0,
            0.026152597806796383,
            0.11027155374109382,
            0.0,
            -0.03411467611751992,
            0.0,
            1.1325557902521425e-07,
            0.0015847802253850254,
            0.0,
            -5.089728847309015e-09,
            0.0,
            6.247872556079313e-17,
            6.360914516272773e-07,
            0.0,
            -4.300760681354227e-21,
            0.0
        ],
        [
            0.0,
            0.0,
            0.0,
            0.0,
            1.0000000000000004,
            0.0,
            0.0,
            0.0,
            0.0,
            0.0032648485503669164,
            0.0,
            0.0,
            0.0,
            0.0,
            1.1361931331528756e-10,
            0.0,
            0.0,
            0.0,
            0.0,
            4.2147067273573767e-23
        ],
        [
            0.020856220946818476,
            0.14709996688200683,
            0.0,
            0.026152597806796386,
            0.0,
            0.9999999999999999,
            0.6848602514927513,
            0.0,
            0.0,
            0.0,
            0.020856220946818476,
            0.14709996688200683,
            0.0,
            -0.026152597806796386,
            0.0,
            5.486611652416431e-07,
            0.0015141265199115066,
            0.0,
            -1.1325557902521464e-07,
            0.0
        ],
        [
            0.14709996688200683,
            0.38264326424095907,
            0.0,
            0.11027155374109388,
            0.0,
            0.6848602514927513,
            1.0000000000000002,
            0.0,
            0.0,
            0.0,
            0.14709996688200683,
            0.38264326424095907,
            0.0,
            -0.11027155374109396,
            0.0,
            0.0015141265199115066,
            0.02143760630525925,
            0.0,
            -0.0015847802253850308,
            0.0
        ],
        [
            0.0,
            0.0,
            0.0032648485503669164,
            0.0,
            0.0,
            0.0,
            0.0,
            1.0000000000000004,
            0.0,
            0.0,
            0.0,
            0.0,
            0.0032648485503669164,
            0.0,
            0.0,
            0.0,
            0.0,
            1.1361931331528876e-10,
            0.0,
            0.0
        ],
        [
            -0.026152597806796386,
            -0.11027155374109385,
            0.0,
            -0.03411467611751992,
            0.0,
            0.0,
            0.0,
            0.0,
            1.0000000000000004,
            0.0,
            0.026152597806796386,
            0.11027155374109376,
            0.0,
            -0.03411467611751992,
            0.0,
            1.1325557902521464e-07,
            0.0015847802253850301,
            0.0,
            -5.089728847309067e-09,
            0.0
        ],
        [
            0.0,
            0.0,
            0.0,
            0.0,
            0.0032648485503669164,
            0.0,
            0.0,
            0.0,
            0.0,
            1.0000000000000004,
            0.0,
            0.0,
            0.0,
            0.0,
            0.0032648485503669164,
            0.0,
            0.0,
            0.0,
            0.0,
            1.1361931331528876e-10
        ],
        [
            5.486611652416393e-07,
            0.0015141265199115027,
            0.0,
            1.1325557902521426e-07,
            0.0,
            0.020856220946818476,
            0.14709996688200683,
            0.0,
            0.026152597806796386,
            0.0,
            0.9999999999999999,
            0.6848602514927513,
            0.0,
            0.0,
            0.0,
            0.020856220946818542,
            0.14709996688200705,
            0.0,
            -0.026152597806796452,
            0.0
        ],
        [
            0.0015141265199115027,
            0.021437606305259215,
            0.0,
            0.0015847802253850262,
            0.0,
            0.14709996688200683,
            0.38264326424095907,
            0.0,
            0.11027155374109396,
            0.0,
            0.6848602514927513,
            1.0000000000000002,
            0.0,
            0.0,
            0.0,
            0.14709996688200702,
            0.38264326424095946,
            0.0,
            -0.11027155374109379,
            0.0
        ],
        [
            0.0,
            0.0,
            1.1361931331528756e-10,
            0.0,
            0.0,
            0.0,
            0.0,
            0.0032648485503669164,
            0.0,
            0.0,
            0.0,
            0.0,
            1.0000000000000004,
            0.0,
            0.0,
            0.0,
            0.0,
            0.003264848550366936,
            0.0,
            0.0
        ],
        [
            -1.1325557902521426e-07,
            -0.0015847802253850258,
            0.0,
            -5.089728847309015e-09,
            0.0,
            -0.026152597806796386,
            -0.11027155374109376,
            0.0,
            -0.03411467611751992,
            0.0,
            0.0,
            0.0,
            0.0,
            1.0000000000000004,
            0.0,
            0.026152597806796483,
            0.11027155374109412,
            0.0,
            -0.034114676117520094,
            0.0
        ],
        [
            0.0,
            0.0,
            0.0,
            0.0,
            1.1361931331528756e-10,
            0.0,
            0.0,
            0.0,
            0.0,
            0.0032648485503669164,
            0.0,
            0.0,
            0.0,
            0.0,
            1.0000000000000004,
            0.0,
            0.0,
            0.0,
            0.0,
            0.003264848550366936
        ],
        [
            1.3716394601906157e-14,
            7.829773038047897e-07,
            0.0,
            6.247872556079315e-17,
            0.0,
            5.486611652416431e-07,
            0.0015141265199115066,
            0.0,
            1.1325557902521466e-07,
            0.0,
            0.020856220946818542,
            0.14709996688200705,
            0.0,
            0.026152597806796483,
            0.0,
            0.9999999999999999,
            0.6848602514927513,
            0.0,
            0.0,
            0.0
        ],
        [
            7.829773038047897e-07,
            0.0001758517338533171,
            0.0,
            6.360914516272776e-07,
            0.0,
            0.0015141265199115066,
            0.02143760630525925,
            0.0,
            0.0015847802253850319,
            0.0,
            0.14709996688200702,
            0.38264326424095946,
            0.0,
            0.11027155374109414,
            0.0,
            0.6848602514927513,
            1.0000000000000002,
            0.0,
            0.0,
            0.0
        ],
        [
            0.0,
            0.0,
            4.2147067273573767e-23,
            0.0,
            0.0,
            0.0,
            0.0,
            1.1361931331528876e-10,
            0.0,
            0.0,
            0.0,
            0.0,
            0.003264848550366936,
            0.0,
            0.0,
            0.0,
            0.0,
            1.0000000000000004,
            0.0,
            0.0
        ],
        [
            -6.247872556079313e-17,
            -6.360914516272774e-07,
            0.0,
            -4.300760681354227e-21,
            0.0,
            -1.1325557902521464e-07,
            -0.0015847802253850301,
            0.0,
            -5.089728847309067e-09,
            0.0,
            -0.026152597806796452,
            -0.11027155374109378,
            0.0,
            -0.034114676117520094,
            0.0,
            0.0,
            0.0,
            0.0,
            1.0000000000000004,
            0.0
        ],
        [
            0.0,
            0.0,
            0.0,
            0.0,
            4.2147067273573767e-23,
            0.0,
            0.0,
            0.0,
            0.0,
            1.1361931331528876e-10,
            0.0,
            0.0,
            0.0,
            0.0,
            0.003264848550366936,
            0.0,
            0.0,
            0.0,
            0.0,
            1.0000000000000004
        ]
    ],
    "h": [
        [
            -0.030889171560752215,
            -0.29858209552056897,
            4.6979958248670534e-21,
            -0.009017696673259232,
            -1.3147630491860007e-19,
            -0.1272995655037174,
            -0.18829003917256437,
            2.6374219084397602e-20,
            0.06241239310611414,
            -3.7714243940034284e-19,
            -0.0015744709143632244,
            -0.017265975450782255,
            -2.751954522304983e-23,
            0.006376272954584484,
            -3.1673683485865956e-20,
            0.009052842325204376,
            0.009740339704342375,
            -6.254490635608599e-23,
            -0.0009247127656646459,
            -8.383022059103964e-21
        ],
        [
            -0.29858209552056897,
            -0.18446608976551737,
            3.649805188557677e-21,
            -0.017083978450403346,
            -5.414383533291066e-19,
            -0.18925488666020968,
            -0.19650332423033784,
            3.079314764880065e-20,
            0.03220419947643552,
            -4.149036234945915e-19,
            -0.007874082202895049,
            -0.03562235468874514,
            -1.0204759268969508e-22,
            0.010650537325191188,
            -2.8596477746764907e-20,
            0.009740339704342372,
            0.009712387585836386,
            -7.53795665876096e-23,
            -0.0008390593511573947,
            -7.503617785199245e-21
        ],
        [
            4.6979958248670534e-21,
            3.649805188557677e-21,
            1.4691867775914917,
            -1.587365869772967e-21,
            -1.0130449819976108e-35,
            -8.185345601988436e-21,
            -1.3227802540713083e-20,
            -0.011670925645176935,
            -4.147429746596691e-21,
            3.5994086653293782e-37,
            -2.932733122345059e-20,
            -3.551210560482886e-20,
            -1.8516318589878227e-05,
            2.9662609026400826e-22,
            -8.719753225413398e-40,
            -1.953270988728667e-20,
            -2.5649918362202075e-20,
            3.556491831981107e-05,
            3.285721058169404e-21,
            -6.0937981380184485e-40
        ],
        [
            -0.009017696673259232,
            -0.017083978450403346,
            -1.587365869772967e-21,
            1.4650573257505393,
            -2.706844689946101e-19,
            -0.062180694030866304,
            -0.03287384106261118,
            6.843552560587624e-21,
            0.06882304096487118,
            -1.0283109547280882e-19,
            -0.0013323240689127262,
            -0.0068832539602177376,
            -1.4506109221615366e-23,
            0.001364217836712206,
            -6.508747343638833e-21,
            0.0009247127656646532,
            0.0008390593511574048,
            -7.80687041793052e-24,
            -9.210046877388016e-05,
            -1.1661707486817155e-21
        ],
        [
            -1.3147630491860007e-19,
            -5.414383533291066e-19,
            -1.0130449819976108e-35,
            -2.706844689946101e-19,
            1.4691867775914915,
            -2.2033073860494935e-18,
            -3.035647915689233e-18,
            -2.9069566114045693e-36,
            -2.4045768478110007e-19,
            -0.011670925645176935,
            -4.01413327586158e-18,
            -5.005070298977807e-18,
            -2.90369706752454e-38,
            1.0239841565401881e-19,
            -1.8516318589878227e-05,
            -2.575081748156388e-18,
            -3.4025262485949957e-18,
            6.937728657949552e-39,
            4.389831882796569e-19,
            3.556491831981107e-05
        ],
        [
            -0.1272995655037174,
            -0.18925488666020968,
            -8.185345601988436e-21,
            -0.062180694030866304,
            -2.2033073860494935e-18,
            -0.03451829279669605,
            -0.30958307787066897,
            1.5765066359330692e-20,
            0.002484899516513272,
            -1.2201615035608946e-19,
            -0.060252010065672365,
            -0.12243851380450535,
            -9.542525284861368e-22,
            0.04925036835633406,
            1.2678865538130928e-20,
            -0.0015744709143632285,
            -0.007874082202895047,
            -1.243299848050835e-22,
            0.0013323240689127362,
            2.283181700545775e-21
        ],
        [
            -0.18829003917256437,
            -0.19650332423033784,
            -1.3227802540713083e-20,
            -0.03287384106261118,
            -3.035647915689233e-18,
            -0.30958307787066897,
            -0.21243273970234333,
            1.3170164114426938e-20,
            0.006997138777029991,
            -6.760770824641769e-20,
            -0.1224385138045053,
            -0.13533461109477535,
            -1.4081119041834957e-21,
            0.020539594043003526,
            6.827527562291009e-21,
            -0.017265975450782272,
            -0.03562235468874517,
            -8.600790672227159e-23,
            0.00688325396021776,
            -1.0373327999267848e-23
        ],
        [
            2.6374219084397602e-20,
            3.079314764880065e-20,
            -0.011670925645176935,
            6.843552560587624e-21,
            -2.9069566114045693e-36,
            1.5765066359330692e-20,
            1.3170164114426938e-20,
            1.4725650244637152,
            -1.1426820303996382e-20,
            7.385773374306846e-37,
            -3.6351056744450573e-20,
            -3.8068457377020724e-20,
            -0.00942378757907835,
            7.315193432836769e-22,
            2.6656329727460084e-40,
            -2.217958868202318e-20,
            -2.924730511031196e-20,
            -1.8516318589878268e-05,
            4.250653085040699e-21,
            -6.327366373171782e-40
        ],
        [
            0.06241239310611414,
            0.03220419947643552,
            -4.147429746596691e-21,
            0.06882304096487118,
            -2.4045768478110007e-19,
            0.002484899516513272,
            0.006997138777029991,
            -1.1426820303996382e-20,
            1.4630706046230466,
            1.6451543791816623e-19,
            -0.04925036835633402,
            -0.02053959404300311,
            -5.690765238279602e-22,
            0.06255575135594368,
            7.682685743836947e-21,
            -0.006376272954584493,
            -0.010650537325191195,
            -1.7278024678072044e-23,
            0.0013642178367122087,
            5.153340772794051e-22
        ],
        [
            -3.7714243940034284e-19,
            -4.149036234945915e-19,
            3.5994086653293782e-37,
            -1.0283109547280882e-19,
            -0.011670925645176935,
            -1.2201615035608946e-19,
            -6.760770824641769e-20,
            7.385773374306846e-37,
            1.6451543791816623e-19,
            1.472565024463715,
            6.126623031262669e-19,
            6.640927614062464e-19,
            6.066032118378214e-39,
            -2.989890348793649e-20,
            -0.009423787579078349,
            3.521423899721573e-19,
            4.687863129489639e-19,
            -8.064191893149122e-40,
            -6.868641881669539e-20,
            -1.8516318589878268e-05
        ],
        [
            -0.0015744709143632244,
            -0.007874082202895049,
            -2.932733122345059e-20,
            -0.0013323240689127262,
            -4.01413327586158e-18,
            -0.060252010065672365,
            -0.1224385138045053,
            -3.6351056744450573e-20,
            -0.04925036835633402,
            6.126623031262669e-19,
            -0.03451829279669627,
            -0.30958307787066897,
            -2.376007256152981e-21,
            -0.00248489951651327,
            8.04407303350912e-21,
            -0.1272995655037176,
            -0.18925488666020981,
            2.380669642815377e-22,
            0.06218069403086629,
            -3.177114279997248e-21
        ],
        [
            -0.017265975450782255,
            -0.03562235468874514,
            -3.551210560482886e-20,
            -0.0068832539602177376,
            -5.005070298977807e-18,
            -0.12243851380450535,
            -0.13533461109477535,
            -3.8068457377020724e-20,
            -0.02053959404300311,
            6.640927614062464e-19,
            -0.30958307787066897,
            -0.212432739702344,
            -2.6356423283358435e-21,
            -0.006997138777030034,
            9.681391171018128e-21,
            -0.18829003917256454,
            -0.1965033242303378,
            2.42873659439764e-22,
            0.03287384106261103,
            -2.78300906609961e-21
        ],
        [
            -2.751954522304983e-23,
            -1.0204759268969508e-22,
            -1.8516318589878227e-05,
            -1.4506109221615366e-23,
            -2.90369706752454e-38,
            -9.542525284861368e-22,
            -1.4081119041834957e-21,
            -0.00942378757907835,
            -5.690765238279602e-22,
            6.066032118378214e-39,
            -2.376007256152981e-21,
            -2.6356423283358435e-21,
            1.4725650244637158,
            4.313801095933718e-22,
            -1.110114468178937e-39,
            -7.211568541003594e-22,
            -1.090052524623402e-21,
            -0.011670925645176987,
            2.0306606074493552e-22,
            -2.0615022008244476e-41
        ],
        [
            0.006376272954584484,
            0.010650537325191188,
            2.9662609026400826e-22,
            0.001364217836712206,
            1.0239841565401881e-19,
            0.04925036835633406,
            0.020539594043003526,
            7.315193432836769e-22,
            0.06255575135594368,
            -2.989890348793649e-20,
            -0.00248489951651327,
            -0.006997138777030034,
            4.313801095933718e-22,
            1.4630706046230464,
            -4.2164944666347435e-21,
            -0.062412393106114246,
            -0.03220419947643549,
            6.326595244550099e-23,
            0.06882304096487148,
            -9.282745680235179e-22
        ],
        [
            -3.1673683485865956e-20,
            -2.8596477746764907e-20,
            -8.719753225413398e-40,
            -6.508747343638833e-21,
            -1.8516318589878227e-05,
            1.2678865538130928e-20,
            6.827527562291009e-21,
            2.6656329727460084e-40,
            7.682685743836947e-21,
            -0.009423787579078349,
            8.04407303350912e-21,
            9.681391171018128e-21,
            -1.110114468178937e-39,
            -4.2164944666347435e-21,
            1.4725650244637156,
            -3.704040011443755e-21,
            -3.0215229295343127e-21,
            1.2493406699527058e-41,
            1.2180719703791801e-21,
            -0.011670925645176987
        ],
        [
            0.009052842325204376,
            0.009740339704342372,
            -1.953270988728667e-20,
            0.0009247127656646532,
            -2.575081748156388e-18,
            -0.0015744709143632285,
            -0.017265975450782272,
            -2.217958868202318e-20,
            -0.006376272954584493,
            3.521423899721573e-19,
            -0.1272995655037176,
            -0.18829003917256454,
            -7.211568541003594e-22,
            -0.062412393106114246,
            -3.704040011443755e-21,
            -0.030889171560751327,
            -0.2985820955205688,
            1.1576793150301139e-22,
            0.009017696673259197,
            -4.970481542311761e-22
        ],
        [
            0.009740339704342375,
            0.009712387585836386,
            -2.5649918362202075e-20,
            0.0008390593511574048,
            -3.4025262485949957e-18,
            -0.007874082202895047,
            -0.03562235468874517,
            -2.924730511031196e-20,
            -0.010650537325191195,
            4.687863129489639e-19,
            -0.18925488666020981,
            -0.1965033242303378,
            -1.090052524623402e-21,
            -0.03220419947643549,
            -3.0215229295343127e-21,
            -0.2985820955205688,
            -0.18446608976551748,
            1.7752077049159012e-22,
            0.01708397845040336,
            -1.4023719870013044e-21
        ],
        [
            -6.254490635608599e-23,
            -7.53795665876096e-23,
            3.556491831981107e-05,
            -7.80687041793052e-24,
            6.937728657949552e-39,
            -1.243299848050835e-22,
            -8.600790672227159e-23,
            -1.8516318589878268e-05,
            -1.7278024678072044e-23,
            -8.064191893149122e-40,
            2.380669642815377e-22,
            2.42873659439764e-22,
            -0.011670925645176987,
            6.326595244550099e-23,
            1.2493406699527058e-41,
            1.1576793150301139e-22,
            1.7752077049159012e-22,
            1.4691867775914922,
            -3.549535437579853e-23,
            6.81892275893531e-41
        ],
        [
            -0.0009247127656646459,
            -0.0008390593511573947,
            3.285721058169404e-21,
            -9.210046877388016e-05,
            4.389831882796569e-19,
            0.0013323240689127362,
            0.00688325396021776,
            4.250653085040699e-21,
            0.0013642178367122087,
            -6.868641881669539e-20,
            0.06218069403086629,
            0.03287384106261103,
            2.0306606074493552e-22,
            0.06882304096487148,
            1.2180719703791801e-21,
            0.009017696673259197,
            0.01708397845040336,
            -3.549535437579853e-23,
            1.465057325750539,
            -8.950460911876091e-23
        ],
        [
            -8.383022059103964e-21,
            -7.503617785199245e-21,
            -6.0937981380184485e-40,
            -1.1661707486817155e-21,
            3.556491831981107e-05,
            2.283181700545775e-21,
            -1.0373327999267848e-23,
            -6.327366373171782e-40,
            5.153340772794051e-22,
            -1.8516318589878268e-05,
            -3.177114279997248e-21,
            -2.78300906609961e-21,
            -2.0615022008244476e-41,
            -9.282745680235179e-22,
            -0.011670925645176987,
            -4.970481542311761e-22,
            -1.4023719870013044e-21,
            6.81892275893531e-41,
            -8.950460911876091e-23,
            1.469186777591492
        ]
    ]
}