{
    "HF": -1.7339507230060711,
    "coordinates": [
        [
            0.0,
            0.0,
            0.0
        ],
        [
            2.5,
            0.0,
            0.0
        ],
        [
            5.0,
            0.0,
            0.0
        ],
        [
            7.5,
            0.0,
            0.0
        ]
    ],
    "elements": [
        "H",
        "H",
        "H",
        "H"
    ],
    "Enn": 0.917240498928,
    "S": [
        [
            0.9999999999999999,
            0.6848602514927513,
            0.0,
            0.0,
            0.0,
            0.004716847710724805,
            0.0776072627232295,
            0.0,
            -0.005044871818273723,
            0.0,
            1.5915455173982203e-09,
            0.00012051003204405506,
            0.0,
            -9.565230096732805e-11,
            0.0,
            2.678881018741977e-20,
            2.7079602106464306e-09,
            0.0,
            -6.1095877852531855e-24,
            0.0
        ],
        [
            0.6848602514927513,
            1.0000000000000002,
            0.0,
            0.0,
            0.0,
            0.07760726272322953,
            0.2562841562163607,
            0.0,
            -0.06607960362631497,
            0.0,
            0.00012051003204405526,
            0.004314068470509504,
            0.0,
            -0.00012112189114674744,
            0.0,
            2.7079602106464306e-09,
            4.769752297084553e-06,
            0.0,
            -1.5710473186446943e-09,
            0.0
        ],
        [
            0.0,
            0.0,
            1.0000000000000004,
            0.0,
            0.0,
            0.0,
            0.0,
            0.0002996148021222655,
            0.0,
            0.0,
            0.0,
            0.0,
            8.058478684439795e-15,
            0.0,
            0.0,
            0.0,
            0.0,
            0.0,
            0.0,
            0.0
        ],
        [
            0.0,
            0.0,
            0.0,
            1.0000000000000004,
            0.0,
            0.005044871818273727,
            0.06607960362631501,
            0.0,
            -0.004561942707929979,
            0.0,
            9.565230096732835e-11,
            0.00012112189114674745,
            0.0,
            -5.149698535666101e-13,
            0.0,
            6.109587785253185e-24,
            1.571047318644694e-09,
            0.0,
            0.0,
            0.0
        ],
        [
            0.0,
            0.0,
            0.0,
            0.0,
            1.0000000000000004,
            0.0,
            0.0,
            0.0,
            0.0,
            0.0002996148021222655,
            0.0,
            0.0,
            0.0,
            0.0,
            8.058478684439795e-15,
            0.0,
            0.0,
            0.0,
            0.0,
            0.0
        ],
        [
            0.004716847710724805,
            0.0776072627232295,
            0.0,
            0.005044871818273723,
            0.0,
            0.9999999999999999,
            0.6848602514927513,
            0.0,
            0.0,
            0.0,
            0.004716847710724805,
            0.0776072627232295,
            0.0,
            -0.005044871818273723,
            0.0,
            1.5915455173982203e-09,
            0.00012051003204405506,
            0.0,
            -9.565230096732805e-11,
            0.0
        ],
        [
            0.07760726272322953,
            0.2562841562163607,
            0.0,
            0.06607960362631497,
            0.0,
            0.6848602514927513,
            1.0000000000000002,
            0.0,
            0.0,
            0.0,
            0.07760726272322953,
            0.2562841562163607,
            0.0,
            -0.06607960362631507,
            0.0,
            0.00012051003204405526,
            0.004314068470509504,
            0.0,
            -0.00012112189114674744,
            0.0
        ],
        [
            0.0,
            0.0,
            0.0002996148021222655,
            0.0,
            0.0,
            0.0,
            0.0,
            1.0000000000000004,
            0.0,
            0.0,
            0.0,
            0.0,
            0.0002996148021222655,
            0.0,
            0.0,
            0.0,
            0.0,
            8.058478684439795e-15,
            0.0,
            0.0
        ],
        [
            -0.005044871818273727,
            -0.06607960362631497,
            0.0,
            -0.004561942707929979,
            0.0,
            0.0,
            0.0,
            0.0,
            1.0000000000000004,
            0.0,
            0.0050448718182737285,
            0.06607960362631497,
            0.0,
            -0.004561942707929979,
            0.0,
            9.565230096732832e-11,
            0.00012112189114674748,
            0.0,
            -5.149698535666101e-13,
            0.0
        ],
        [
            0.0,
            0.0,
            0.0,
            0.0,
            0.0002996148021222655,
            0.0,
            0.0,
            0.0,
            0.0,
            1.0000000000000004,
            0.0,
            0.0,
            0.0,
            0.0,
            0.0002996148021222655,
            0.0,
            0.0,
            0.0,
            0.0,
            8.058478684439795e-15
        ],
        [
            1.5915455173982203e-09,
            0.00012051003204405506,
            0.0,
            9.565230096732805e-11,
            0.0,
            0.004716847710724805,
            0.0776072627232295,
            0.0,
            0.005044871818273723,
            0.0,
            0.9999999999999999,
            0.6848602514927513,
            0.0,
            0.0,
            0.0,
            0.004716847710724805,
            0.0776072627232295,
            0.0,
            -0.005044871818273723,
            0.0
        ],
        [
            0.00012051003204405526,
            0.004314068470509504,
            0.0,
            0.00012112189114674744,
            0.0,
            0.07760726272322953,
            0.2562841562163607,
            0.0,
            0.06607960362631497,
            0.0,
            0.6848602514927513,
            1.0000000000000002,
            0.0,
            0.0,
            0.0,
            0.07760726272322953,
            0.2562841562163607,
            0.0,
            -0.06607960362631489,
            0.0
        ],
        [
            0.0,
            0.0,
            8.058478684439795e-15,
            0.0,
            0.0,
            0.0,
            0.0,
            0.0002996148021222655,
            0.0,
            0.0,
            0.0,
            0.0,
            1.0000000000000004,
            0.0,
            0.0,
            0.0,
            0.0,
            0.0002996148021222655,
            0.0,
            0.0
        ],
        [
            -9.565230096732835e-11,
            -0.0001211218911467474,
            0.0,
            -5.149698535666101e-13,
            0.0,
            -0.0050448718182737285,
            -0.06607960362631507,
            0.0,
            -0.004561942707929979,
            0.0,
            0.0,
            0.0,
            0.0,
            1.0000000000000004,
            0.0,
            0.0050448718182737285,
            0.06607960362631507,
            0.0,
            -0.004561942707929978,
            0.0
        ],
        [
            0.0,
            0.0,
            0.0,
            0.0,
            8.058478684439795e-15,
            0.0,
            0.0,
            0.0,
            0.0,
            0.0002996148021222655,
            0.0,
            0.0,
            0.0,
            0.0,
            1.0000000000000004,
            0.0,
            0.0,
            0.0,
            0.0,
            0.0002996148021222655
        ],
        [
            2.678881018741977e-20,
            2.7079602106464306e-09,
            0.0,
            6.1095877852531855e-24,
            0.0,
            1.5915455173982203e-09,
            0.00012051003204405506,
            0.0,
            9.565230096732805e-11,
            0.0,
            0.004716847710724805,
            0.0776072627232295,
            0.0,
            0.005044871818273723,
            0.0,
            0.9999999999999999,
            0.6848602514927513,
            0.0,
            0.0,
            0.0
        ],
        [
            2.7079602106464306e-09,
            4.769752297084553e-06,
            0.0,
            1.5710473186446943e-09,
            0.0,
            0.00012051003204405526,
            0.004314068470509504,
            0.0,
            0.00012112189114674744,
            0.0,
            0.07760726272322953,
            0.2562841562163607,
            0.0,
            0.06607960362631507,
            0.0,
            0.6848602514927513,
            1.0000000000000002,
            0.0,
            0.0,
            0.0
        ],
        [
            0.0,
            0.0,
            0.0,
            0.0,
            0.0,
            0.0,
            0.0,
            8.058478684439795e-15,
            0.0,
            0.0,
            0.0,
            0.0,
            0.0002996148021222655,
            0.0,
            0.0,
            0.0,
            0.0,
            1.0000000000000004,
            0.0,
            0.0
        ],
        [
            -6.1095877852531855e-24,
            -1.571047318644694e-09,
            0.0,
            0.0,
            0.0,
            -9.565230096732832e-11,
            -0.0001211218911467474,
            0.0,
            -5.149698535666101e-13,
            0.0,
            -0.0050448718182737285,
            -0.06607960362631507,
            0.0,
            -0.004561942707929978,
            0.0,
            0.0,
            0.0,
            0.0,
            1.0000000000000004,
            0.0
        ],
        [
            0.0,
            0.0,
            0.0,
            0.0,
            0.0,
            0.0,
            0.0,
            0.0,
            0.0,
            8.058478684439795e-15,
            0.0,
            0.0,
            0.0,
            0.0,
            0.0002996148021222655,
            0.0,
            0.0,
            0.0,
            0.0,
            1.0000000000000004
        ]
    ],
    "h": [
        [
            -0.02918442071249605,
            -0.2886893432824481,
            8.521884170113287e-18,
            -0.0022666504803493664,
            5.017313303262004e-18,
            -0.08947158959883947,
            -0.14175095695902123,
            1.745659024223192e-19,
            0.029426595073907214,
            1.762898569595059e-19,
            -0.00020905726642134558,
            -0.008200638598707436,
            -4.550725176260429e-21,
            0.002868705640025979,
            -2.214891505771274e-20,
            0.006367922482015033,
            0.0070750298939035615,
            -2.6007321832959755e-21,
            -0.00046614712860495213,
            -7.137317218761313e-21
        ],
        [
            -0.2886893432824481,
            -0.1631148907518576,
            9.835816799115571e-18,
            -0.007111062323936396,
            5.560735886278272e-18,
            -0.1419181415463321,
            -0.15554911182794137,
            9.672836599072998e-20,
            0.02999520905745101,
            1.3671760649073688e-19,
            -0.0021989265680262176,
            -0.015496049522613025,
            -4.283872262509083e-21,
            0.004042943869958995,
            -2.1829624654401635e-20,
            0.007075029893903572,
            0.00769345254407889,
            -2.4282402969981498e-21,
            -0.0004782453395080429,
            -6.860515911470507e-21
        ],
        [
            8.521884170113287e-18,
            9.835816799115571e-18,
            1.4631978288244796,
            8.421205302393738e-19,
            -1.3464964185156601e-33,
            6.0051939749032e-18,
            7.546719466964048e-18,
            -0.003322810353425544,
            -1.4732810973968649e-18,
            -2.8376155549854336e-35,
            -9.824298617218903e-19,
            -5.74051886251481e-19,
            -2.0987140153702475e-06,
            -1.9744170940432244e-19,
            4.1939861115807456e-38,
            -1.1650323652239374e-18,
            -1.3941835070865748e-18,
            1.7706243227842445e-05,
            1.134221970098913e-19,
            9.441713255531035e-39
        ],
        [
            -0.0022666504803493664,
            -0.007111062323936396,
            8.421205302393738e-19,
            1.4628141347160386,
            3.407149473981938e-19,
            -0.029291943607989306,
            -0.030152182527870934,
            5.2275172229020665e-20,
            0.021786319279579757,
            3.600191808302752e-20,
            -0.00047535975463782197,
            -0.002267002242455322,
            -8.005256351952974e-22,
            0.0004396469634683457,
            -3.8092063754610724e-21,
            0.00046614712860494216,
            0.0004782453395080297,
            -3.042764904013474e-22,
            -4.0730726859564804e-05,
            -8.282414834696758e-22
        ],
        [
            5.017313303262004e-18,
            5.560735886278272e-18,
            -1.3464964185156601e-33,
            3.407149473981938e-19,
            1.4631978288244794,
            1.96327312634356e-18,
            2.2297834000103995e-18,
            -1.2434682873181592e-35,
            -9.775043061199073e-19,
            -0.003322810353425544,
            -4.164308316204776e-18,
            -4.695113724712572e-18,
            -1.7999891668227304e-37,
            3.759615131649887e-21,
            -2.0987140153702475e-06,
            -3.0179620428681943e-18,
            -3.770277324901444e-18,
            -2.927830211681915e-38,
            3.3915134983745867e-19,
            1.7706243227842445e-05
        ],
        [
            -0.08947158959883947,
            -0.1419181415463321,
            6.0051939749032e-18,
            -0.029291943607989306,
            1.96327312634356e-18,
            -0.029338377466111343,
            -0.2933406736795229,
            -5.384802951909861e-19,
            2.343105503600177e-05,
            -3.887145968849874e-19,
            -0.029179282854791655,
            -0.07879991560308869,
            -2.0696595079956576e-21,
            0.019234608325627258,
            -1.5988762513386753e-20,
            -0.00020905726642132127,
            -0.002198926568026195,
            -1.9150690684240084e-22,
            0.00047535975463780473,
            -2.069579286057451e-21
        ],
        [
            -0.14175095695902123,
            -0.15554911182794137,
            7.546719466964048e-18,
            -0.030152182527870934,
            2.2297834000103995e-18,
            -0.2933406736795229,
            -0.1765777882503765,
            -4.9401676795927645e-19,
            0.003265837624883544,
            -4.722739017017647e-19,
            -0.07879991560308874,
            -0.09298060034526634,
            -1.0873822592581289e-20,
            0.020197836526240298,
            -2.114263643816382e-20,
            -0.008200638598707405,
            -0.015496049522612994,
            -5.085677534440099e-22,
            0.002267002242455304,
            -2.650366730499317e-21
        ],
        [
            1.745659024223192e-19,
            9.672836599072998e-20,
            -0.003322810353425544,
            5.2275172229020665e-20,
            -1.2434682873181592e-35,
            -5.384802951909861e-19,
            -4.9401676795927645e-19,
            1.4658538906885028,
            1.8006913713555128e-19,
            -1.0735982330085557e-36,
            -9.886512424269196e-20,
            -1.4279801686682174e-19,
            -0.0018151243809461843,
            7.737387851891643e-21,
            1.1463780771601317e-39,
            -5.449612519217672e-20,
            -6.966956478181771e-20,
            -2.098714015370059e-06,
            7.593926560361486e-21,
            2.870699361101507e-40
        ],
        [
            0.029426595073907214,
            0.02999520905745101,
            -1.4732810973968649e-18,
            0.021786319279579757,
            -9.775043061199073e-19,
            2.343105503600177e-05,
            0.003265837624883544,
            1.8006913713555128e-19,
            1.4637942855894477,
            9.300162522381827e-21,
            -0.019234608325627237,
            -0.02019783652624013,
            -1.079511691592804e-21,
            0.0178363403537566,
            -5.257129930079111e-21,
            -0.0028687056400259724,
            -0.004042943869958984,
            -6.749230170861692e-23,
            0.00043964696346834447,
            -3.200039591160821e-22
        ],
        [
            1.762898569595059e-19,
            1.3671760649073688e-19,
            -2.8376155549854336e-35,
            3.600191808302752e-20,
            -0.003322810353425544,
            -3.887145968849874e-19,
            -4.722739017017647e-19,
            -1.0735982330085557e-36,
            9.300162522381827e-21,
            1.4658538906885026,
            -7.228044127068725e-19,
            -8.511294425078142e-19,
            -2.845908049770684e-38,
            7.021603617841447e-20,
            -0.0018151243809461843,
            -3.7469100925132527e-19,
            -4.828022240626637e-19,
            -3.3713255172300324e-39,
            5.31949805111974e-20,
            -2.098714015370059e-06
        ],
        [
            -0.00020905726642134558,
            -0.0021989265680262176,
            -9.824298617218903e-19,
            -0.00047535975463782197,
            -4.164308316204776e-18,
            -0.029179282854791655,
            -0.07879991560308874,
            -9.886512424269196e-20,
            -0.019234608325627237,
            -7.228044127068725e-19,
            -0.02933837746611112,
            -0.29334067367952266,
            -7.489771731308915e-20,
            -2.3431055035990495e-05,
            -3.474092996333603e-20,
            -0.08947158959883947,
            -0.1419181415463318,
            -8.113527739436072e-22,
            0.029291943607989306,
            3.429866343848398e-22
        ],
        [
            -0.008200638598707436,
            -0.015496049522613025,
            -5.74051886251481e-19,
            -0.002267002242455322,
            -4.695113724712572e-18,
            -0.07879991560308869,
            -0.09298060034526634,
            -1.4279801686682174e-19,
            -0.02019783652624013,
            -8.511294425078142e-19,
            -0.29334067367952266,
            -0.1765777882503765,
            -7.138460952671069e-20,
            -0.0032658376248835344,
            -3.455173156127842e-20,
            -0.1417509569590214,
            -0.15554911182794134,
            -3.110549917725302e-21,
            0.030152182527870643,
            -9.82363806285965e-22
        ],
        [
            -4.550725176260429e-21,
            -4.283872262509083e-21,
            -2.0987140153702475e-06,
            -8.005256351952974e-22,
            -1.7999891668227304e-37,
            -2.0696595079956576e-21,
            -1.0873822592581289e-20,
            -0.0018151243809461843,
            -1.079511691592804e-21,
            -2.845908049770684e-38,
            -7.489771731308915e-20,
            -7.138460952671069e-20,
            1.4658538906885021,
            1.2135282023961551e-20,
            4.945565833096491e-38,
            -3.2442085293989597e-21,
            -9.205901959539624e-21,
            -0.003322810353425545,
            7.346912415263925e-22,
            2.0440211138704798e-41
        ],
        [
            0.002868705640025979,
            0.004042943869958995,
            -1.9744170940432244e-19,
            0.0004396469634683457,
            3.759615131649887e-21,
            0.019234608325627258,
            0.020197836526240298,
            7.737387851891643e-21,
            0.0178363403537566,
            7.021603617841447e-20,
            -2.3431055035990495e-05,
            -0.0032658376248835344,
            1.2135282023961551e-20,
            1.4637942855894461,
            5.238544546714153e-21,
            -0.02942659507390724,
            -0.0299952090574511,
            -2.2729008546953275e-22,
            0.021786319279579792,
            8.18514471971596e-23
        ],
        [
            -2.214891505771274e-20,
            -2.1829624654401635e-20,
            4.1939861115807456e-38,
            -3.8092063754610724e-21,
            -2.0987140153702475e-06,
            -1.5988762513386753e-20,
            -2.114263643816382e-20,
            1.1463780771601317e-39,
            -5.257129930079111e-21,
            -0.0018151243809461843,
            -3.474092996333603e-20,
            -3.455173156127842e-20,
            4.945565833096491e-38,
            5.238544546714153e-21,
            1.465853890688502,
            9.282013133141947e-22,
            -1.5317813991677314e-21,
            1.4993379072193854e-41,
            -1.921207607043316e-22,
            -0.003322810353425545
        ],
        [
            0.006367922482015033,
            0.007075029893903572,
            -1.1650323652239374e-18,
            0.00046614712860494216,
            -3.0179620428681943e-18,
            -0.00020905726642132127,
            -0.008200638598707405,
            -5.449612519217672e-20,
            -0.0028687056400259724,
            -3.7469100925132527e-19,
            -0.08947158959883947,
            -0.1417509569590214,
            -3.2442085293989597e-21,
            -0.02942659507390724,
            9.282013133141947e-22,
            -0.029184420712495385,
            -0.2886893432824481,
            -2.143205679109158e-20,
            0.002266650480349429,
            -1.1143546067991505e-20
        ],
        [
            0.0070750298939035615,
            0.00769345254407889,
            -1.3941835070865748e-18,
            0.0004782453395080297,
            -3.770277324901444e-18,
            -0.002198926568026195,
            -0.015496049522612994,
            -6.966956478181771e-20,
            -0.004042943869958984,
            -4.828022240626637e-19,
            -0.1419181415463318,
            -0.15554911182794134,
            -9.205901959539624e-21,
            -0.0299952090574511,
            -1.5317813991677314e-21,
            -0.2886893432824481,
            -0.1631148907518577,
            -2.032330142761863e-20,
            0.007111062323936487,
            -1.033889344631891e-20
        ],
        [
            -2.6007321832959755e-21,
            -2.4282402969981498e-21,
            1.7706243227842445e-05,
            -3.042764904013474e-22,
            -2.927830211681915e-38,
            -1.9150690684240084e-22,
            -5.085677534440099e-22,
            -2.098714015370059e-06,
            -6.749230170861692e-23,
            -3.3713255172300324e-39,
            -8.113527739436072e-22,
            -3.110549917725302e-21,
            -0.003322810353425545,
            -2.2729008546953275e-22,
            1.4993379072193854e-41,
            -2.143205679109158e-20,
            -2.032330142761863e-20,
            1.4631978288244807,
            2.4203221204765348e-21,
            6.22690366744199e-39
        ],
        [
            -0.00046614712860495213,
            -0.0004782453395080429,
            1.134221970098913e-19,
            -4.0730726859564804e-05,
            3.3915134983745867e-19,
            0.00047535975463780473,
            0.002267002242455304,
            7.593926560361486e-21,
            0.00043964696346834447,
            5.31949805111974e-20,
            0.029291943607989306,
            0.030152182527870643,
            7.346912415263925e-22,
            0.021786319279579792,
            -1.921207607043316e-22,
            0.002266650480349429,
            0.007111062323936487,
            2.4203221204765348e-21,
            1.46281413471604,
            1.2824919830782022e-21
        ],
        [
            -7.137317218761313e-21,
            -6.860515911470507e-21,
            9.441713255531035e-39,
            -8.282414834696758e-22,
            1.7706243227842445e-05,
            -2.069579286057451e-21,
            -2.650366730499317e-21,
            2.870699361101507e-40,
            -3.200039591160821e-22,
            -2.098714015370059e-06,
            3.429866343848398e-22,
            -9.82363806285965e-22,
            2.0440211138704798e-41,
            8.18514471971596e-23,
            -0.003322810353425545,
            -1.1143546067991505e-20,
            -1.033889344631891e-20,
            6.22690366744199e-39,
            1.2824919830782022e-21,
            1.4631978288244802
        ]
    ]
}