{
    "HF": -1.9903786921012085,
    "coordinates": [
        [
            0.0,
            0.0,
            0.0
        ],
        [
            0.6,
            0.0,
            0.0
        ],
        [
            1.2,
            0.0,
            0.0
        ],
        [
            1.8,
            0.0,
            0.0
        ]
    ],
    "elements": [
        "H",
        "H",
        "H",
        "H"
    ],
    "Enn": 3.8218354122,
    "S": [
        [
            0.9999999999999999,
            0.6848602514927513,
            0.0,
            0.0,
            0.0,
            0.6847688135605143,
            0.6038529466629754,
            0.0,
            -0.5481834853558442,
            0.0,
            0.25323302742229703,
            0.41407359428363033,
            0.0,
            -0.31363447714531073,
            0.0,
            0.05459186262713134,
            0.22104805329171323,
            0.0,
            -0.0721782316226826,
            0.0
        ],
        [
            0.6848602514927513,
            1.0000000000000002,
            0.0,
            0.0,
            0.0,
            0.6038529466629754,
            0.9245754834946445,
            0.0,
            -0.1427500938374541,
            0.0,
            0.41407359428363033,
            0.7307511258578309,
            0.0,
            -0.19082040384404228,
            0.0,
            0.22104805329171323,
            0.49372072671821526,
            0.0,
            -0.14624468474732574,
            0.0
        ],
        [
            0.0,
            0.0,
            1.0000000000000004,
            0.0,
            0.0,
            0.0,
            0.0,
            0.62668607402778,
            0.0,
            0.0,
            0.0,
            0.0,
            0.1542411222033944,
            0.0,
            0.0,
            0.0,
            0.0,
            0.014909064608637022,
            0.0,
            0.0
        ],
        [
            0.0,
            0.0,
            0.0,
            1.0000000000000004,
            0.0,
            0.548183485355844,
            0.14275009383745402,
            0.0,
            0.04097330816997581,
            0.0,
            0.3136344771453107,
            0.19082040384404214,
            0.0,
            -0.422385664564853,
            0.0,
            0.07217823162268258,
            0.14624468474732566,
            0.0,
            -0.11049960246031332,
            0.0
        ],
        [
            0.0,
            0.0,
            0.0,
            0.0,
            1.0000000000000004,
            0.0,
            0.0,
            0.0,
            0.0,
            0.62668607402778,
            0.0,
            0.0,
            0.0,
            0.0,
            0.1542411222033944,
            0.0,
            0.0,
            0.0,
            0.0,
            0.014909064608637022
        ],
        [
            0.6847688135605143,
            0.6038529466629754,
            0.0,
            0.5481834853558442,
            0.0,
            0.9999999999999999,
            0.6848602514927513,
            0.0,
            0.0,
            0.0,
            0.6847688135605143,
            0.6038529466629754,
            0.0,
            -0.5481834853558443,
            0.0,
            0.2532330274222969,
            0.41407359428363033,
            0.0,
            -0.3136344771453106,
            0.0
        ],
        [
            0.6038529466629754,
            0.9245754834946445,
            0.0,
            0.1427500938374541,
            0.0,
            0.6848602514927513,
            1.0000000000000002,
            0.0,
            0.0,
            0.0,
            0.6038529466629754,
            0.9245754834946445,
            0.0,
            -0.142750093837454,
            0.0,
            0.41407359428363033,
            0.7307511258578309,
            0.0,
            -0.19082040384404209,
            0.0
        ],
        [
            0.0,
            0.0,
            0.62668607402778,
            0.0,
            0.0,
            0.0,
            0.0,
            1.0000000000000004,
            0.0,
            0.0,
            0.0,
            0.0,
            0.62668607402778,
            0.0,
            0.0,
            0.0,
            0.0,
            0.15424112220339434,
            0.0,
            0.0
        ],
        [
            -0.548183485355844,
            -0.14275009383745396,
            0.0,
            0.04097330816997581,
            0.0,
            0.0,
            0.0,
            0.0,
            1.0000000000000004,
            0.0,
            0.548183485355844,
            0.14275009383745396,
            0.0,
            0.04097330816997581,
            0.0,
            0.3136344771453107,
            0.19082040384404222,
            0.0,
            -0.4223856645648528,
            0.0
        ],
        [
            0.0,
            0.0,
            0.0,
            0.0,
            0.62668607402778,
            0.0,
            0.0,
            0.0,
            0.0,
            1.0000000000000004,
            0.0,
            0.0,
            0.0,
            0.0,
            0.62668607402778,
            0.0,
            0.0,
            0.0,
            0.0,
            0.15424112220339434
        ],
        [
            0.25323302742229703,
            0.41407359428363033,
            0.0,
            0.31363447714531073,
            0.0,
            0.6847688135605143,
            0.6038529466629754,
            0.0,
            0.5481834853558443,
            0.0,
            0.9999999999999999,
            0.6848602514927513,
            0.0,
            0.0,
            0.0,
            0.6847688135605142,
            0.6038529466629754,
            0.0,
            -0.548183485355844,
            0.0
        ],
        [
            0.41407359428363033,
            0.7307511258578309,
            0.0,
            0.19082040384404228,
            0.0,
            0.6038529466629754,
            0.9245754834946445,
            0.0,
            0.142750093837454,
            0.0,
            0.6848602514927513,
            1.0000000000000002,
            0.0,
            0.0,
            0.0,
            0.6038529466629753,
            0.9245754834946445,
            0.0,
            -0.142750093837454,
            0.0
        ],
        [
            0.0,
            0.0,
            0.1542411222033944,
            0.0,
            0.0,
            0.0,
            0.0,
            0.62668607402778,
            0.0,
            0.0,
            0.0,
            0.0,
            1.0000000000000004,
            0.0,
            0.0,
            0.0,
            0.0,
            0.6266860740277796,
            0.0,
            0.0
        ],
        [
            -0.31363447714531073,
            -0.19082040384404209,
            0.0,
            -0.422385664564853,
            0.0,
            -0.548183485355844,
            -0.14275009383745396,
            0.0,
            0.04097330816997581,
            0.0,
            0.0,
            0.0,
            0.0,
            1.0000000000000004,
            0.0,
            0.548183485355844,
            0.14275009383745393,
            0.0,
            0.04097330816997538,
            0.0
        ],
        [
            0.0,
            0.0,
            0.0,
            0.0,
            0.1542411222033944,
            0.0,
            0.0,
            0.0,
            0.0,
            0.62668607402778,
            0.0,
            0.0,
            0.0,
            0.0,
            1.0000000000000004,
            0.0,
            0.0,
            0.0,
            0.0,
            0.6266860740277796
        ],
        [
            0.05459186262713134,
            0.22104805329171323,
            0.0,
            0.0721782316226826,
            0.0,
            0.2532330274222969,
            0.41407359428363033,
            0.0,
            0.3136344771453107,
            0.0,
            0.6847688135605142,
            0.6038529466629754,
            0.0,
            0.548183485355844,
            0.0,
            0.9999999999999999,
            0.6848602514927513,
            0.0,
            0.0,
            0.0
        ],
        [
            0.22104805329171323,
            0.49372072671821526,
            0.0,
            0.14624468474732574,
            0.0,
            0.41407359428363033,
            0.7307511258578309,
            0.0,
            0.19082040384404222,
            0.0,
            0.6038529466629753,
            0.9245754834946445,
            0.0,
            0.142750093837454,
            0.0,
            0.6848602514927513,
            1.0000000000000002,
            0.0,
            0.0,
            0.0
        ],
        [
            0.0,
            0.0,
            0.014909064608637022,
            0.0,
            0.0,
            0.0,
            0.0,
            0.15424112220339434,
            0.0,
            0.0,
            0.0,
            0.0,
            0.6266860740277796,
            0.0,
            0.0,
            0.0,
            0.0,
            1.0000000000000004,
            0.0,
            0.0
        ],
        [
            -0.07217823162268258,
            -0.1462446847473256,
            0.0,
            -0.11049960246031332,
            0.0,
            -0.3136344771453107,
            -0.19082040384404209,
            0.0,
            -0.42238566456485305,
            0.0,
            -0.548183485355844,
            -0.14275009383745393,
            0.0,
            0.04097330816997538,
            0.0,
            0.0,
            0.0,
            0.0,
            1.0000000000000004,
            0.0
        ],
        [
            0.0,
            0.0,
            0.0,
            0.0,
            0.014909064608637022,
            0.0,
            0.0,
            0.0,
            0.0,
            0.15424112220339434,
            0.0,
            0.0,
            0.0,
            0.0,
            0.6266860740277796,
            0.0,
            0.0,
            0.0,
            0.0,
            1.0000000000000004
        ]
    ],
    "h": [
        [
            -0.4070104414964979,
            -0.5234007228441298,
            -1.1002337150381634e-17,
            -0.39950814053564015,
            9.813780309705447e-19,
            -0.7122662125405566,
            -0.5223845897760979,
            -9.56123010557028e-18,
            -0.039643186319432755,
            -7.618280671339565e-19,
            -0.43234296654499643,
            -0.41305362144207347,
            -4.0259870929231256e-18,
            0.43874066476410617,
            -9.367632640271761e-19,
            -0.11168142120533836,
            -0.2503160578160135,
            -8.20944824020267e-19,
            0.20545651287078742,
            -1.4075600064911306e-19
        ],
        [
            -0.5234007228441298,
            -0.3297433745887217,
            -9.871600863521566e-18,
            -0.30836781710638206,
            6.440892385875592e-18,
            -0.6315549596634504,
            -0.3815937841611512,
            -6.778732268068342e-18,
            0.07373161852998028,
            3.968602472819692e-18,
            -0.47253386593315705,
            -0.35510413285210385,
            -1.485282053492442e-18,
            0.24156575724129903,
            8.503371255733919e-19,
            -0.25031605781601307,
            -0.2685327666140309,
            6.572260775637739e-20,
            0.2105177552692749,
            1.6751174628941402e-19
        ],
        [
            -1.1002337150381634e-17,
            -9.871600863521566e-18,
            1.4511501840587375,
            -9.042324326585087e-18,
            1.3439046017844897e-33,
            -1.7865497995926725e-17,
            -1.2005828340863426e-17,
            0.6357237960853417,
            -3.7773332593193426e-18,
            7.605094397341742e-34,
            -1.5447907607543008e-17,
            -1.171365681746501e-17,
            -0.014892508051647213,
            7.721252253351256e-18,
            1.3640700523173081e-34,
            -8.013998531997016e-18,
            -9.093652902282431e-18,
            -0.027846758666855778,
            7.28384527565139e-18,
            -6.366311667024813e-36
        ],
        [
            -0.39950814053564015,
            -0.30836781710638206,
            -9.042324326585087e-18,
            1.0545724031112147,
            9.680519439131442e-18,
            -0.13376786462574675,
            -0.3137579437614956,
            -1.0542218210929782e-18,
            -0.38149306333354915,
            6.367459366671663e-18,
            -0.3691245199973687,
            -0.2779378058135476,
            -2.422187284167054e-20,
            -0.05804553121829481,
            1.5177950834843084e-18,
            -0.20545651287078726,
            -0.21051775526927466,
            -1.0254372961700056e-19,
            0.26117491371255386,
            2.9361062743227396e-19
        ],
        [
            9.813780309705447e-19,
            6.440892385875592e-18,
            1.3439046017844897e-33,
            9.680519439131442e-18,
            1.4511501840587373,
            1.5190451837027276e-17,
            1.3284197602273776e-17,
            6.8067351658182005e-34,
            1.7230978674004824e-17,
            0.6357237960853417,
            2.6328389922570616e-17,
            1.8161042624540965e-17,
            7.039890450685763e-35,
            3.803244138977641e-18,
            -0.014892508051647158,
            2.2354936840026493e-17,
            1.8455041094676648e-17,
            -1.9812841710329775e-35,
            -1.1347740700276707e-17,
            -0.027846758666855785
        ],
        [
            -0.7122662125405566,
            -0.6315549596634504,
            -1.7865497995926725e-17,
            -0.13376786462574675,
            1.5190451837027276e-17,
            -0.6796604340648726,
            -0.6926029163125327,
            -9.096719912089804e-18,
            0.006428406780579016,
            9.716163997659893e-18,
            -0.7228041543457298,
            -0.6296014544084345,
            -1.2473240907482568e-18,
            0.0835618175786581,
            2.073781751442886e-18,
            -0.4323429665449956,
            -0.47253386593315705,
            8.701428022884422e-20,
            0.3691245199973682,
            3.226792186719133e-19
        ],
        [
            -0.5223845897760979,
            -0.3815937841611512,
            -1.2005828340863426e-17,
            -0.3137579437614956,
            1.3284197602273776e-17,
            -0.6926029163125327,
            -0.44503165645958553,
            -6.665946782154994e-18,
            -0.04277714505127071,
            9.242562973990892e-18,
            -0.6296014544084341,
            -0.43415341584723177,
            -2.31885713869481e-19,
            0.16775980873970642,
            2.6158620020150336e-18,
            -0.4130536214420727,
            -0.35510413285210474,
            7.597896577837958e-19,
            0.27793780581354754,
            3.9117961780590884e-19
        ],
        [
            -9.56123010557028e-18,
            -6.778732268068342e-18,
            0.6357237960853417,
            -1.0542218210929782e-18,
            6.8067351658182005e-34,
            -9.096719912089804e-18,
            -6.665946782154994e-18,
            1.3356094864997685,
            1.499003105973408e-18,
            3.11925582508834e-34,
            -6.863036407759548e-18,
            -5.497190812961864e-18,
            0.609981837438375,
            2.8438773660898138e-18,
            9.467436846841431e-36,
            -3.4672018202817834e-18,
            -3.796984171975848e-18,
            -0.014892508051647213,
            3.679801340653388e-18,
            -2.2215165128586665e-35
        ],
        [
            -0.039643186319432755,
            0.07373161852998028,
            -3.7773332593193426e-18,
            -0.38149306333354915,
            1.7230978674004824e-17,
            0.006428406780579016,
            -0.04277714505127071,
            1.499003105973408e-18,
            0.5289601692824757,
            1.375874204915854e-17,
            -0.083561817578657,
            -0.16775980873970542,
            5.332427029192608e-18,
            -0.6161391266928193,
            4.320854399630723e-18,
            -0.4387406647641049,
            -0.24156575724129814,
            1.8933444828389704e-18,
            -0.058045531218294144,
            6.554871490197759e-19
        ],
        [
            -7.618280671339565e-19,
            3.968602472819692e-18,
            7.605094397341742e-34,
            6.367459366671663e-18,
            0.6357237960853417,
            9.716163997659893e-18,
            9.242562973990892e-18,
            3.11925582508834e-34,
            1.375874204915854e-17,
            1.3356094864997683,
            1.9901907724094493e-17,
            1.3357033227290433e-17,
            -1.8563818105871885e-35,
            5.250031444065507e-18,
            0.609981837438375,
            1.7981112011842698e-17,
            1.4058848701699795e-17,
            -2.626103481667652e-35,
            -8.6317482673512e-18,
            -0.014892508051647213
        ],
        [
            -0.43234296654499643,
            -0.47253386593315705,
            -1.5447907607543008e-17,
            -0.3691245199973687,
            2.6328389922570616e-17,
            -0.7228041543457298,
            -0.6296014544084341,
            -6.863036407759548e-18,
            -0.083561817578657,
            1.9901907724094493e-17,
            -0.6796604340648744,
            -0.6926029163125316,
            2.308138313137231e-18,
            -0.006428406780577961,
            6.119995248319376e-18,
            -0.7122662125405554,
            -0.6315549596634517,
            1.9710281403685555e-18,
            0.13376786462574697,
            7.894536860198856e-19
        ],
        [
            -0.41305362144207347,
            -0.35510413285210385,
            -1.171365681746501e-17,
            -0.2779378058135476,
            1.8161042624540965e-17,
            -0.6296014544084345,
            -0.43415341584723177,
            -5.497190812961864e-18,
            -0.16775980873970542,
            1.3357033227290433e-17,
            -0.6926029163125316,
            -0.4450316564595851,
            1.0805871779006947e-18,
            0.04277714505127145,
            4.211726239125784e-18,
            -0.5223845897760964,
            -0.3815937841611503,
            1.4680224651208018e-18,
            0.3137579437614952,
            5.496844355819046e-19
        ],
        [
            -4.0259870929231256e-18,
            -1.485282053492442e-18,
            -0.014892508051647213,
            -2.422187284167054e-20,
            7.039890450685763e-35,
            -1.2473240907482568e-18,
            -2.31885713869481e-19,
            0.609981837438375,
            5.332427029192608e-18,
            -1.8563818105871885e-35,
            2.308138313137231e-18,
            1.0805871779006947e-18,
            1.3356094864997694,
            1.291956719189507e-18,
            -5.514854203618795e-35,
            2.130743108598601e-18,
            1.6675042552553417e-18,
            0.6357237960853421,
            -1.5022932847207033e-18,
            -2.2826471890016776e-35
        ],
        [
            0.43874066476410617,
            0.24156575724129903,
            7.721252253351256e-18,
            -0.05804553121829481,
            3.803244138977641e-18,
            0.0835618175786581,
            0.16775980873970642,
            2.8438773660898138e-18,
            -0.6161391266928193,
            5.250031444065507e-18,
            -0.006428406780577961,
            0.04277714505127145,
            1.291956719189507e-18,
            0.5289601692824761,
            3.244164846612609e-18,
            0.0396431863194332,
            -0.0737316185299795,
            1.5706186298223937e-18,
            -0.38149306333355004,
            1.5501735804002685e-19
        ],
        [
            -9.367632640271761e-19,
            8.503371255733919e-19,
            1.3640700523173081e-34,
            1.5177950834843084e-18,
            -0.014892508051647158,
            2.073781751442886e-18,
            2.6158620020150336e-18,
            9.467436846841431e-36,
            4.320854399630723e-18,
            0.609981837438375,
            6.119995248319376e-18,
            4.211726239125784e-18,
            -5.514854203618795e-35,
            3.244164846612609e-18,
            1.3356094864997692,
            6.706489377219458e-18,
            4.787914095104884e-18,
            -2.1306593830259698e-35,
            -2.0438641567364685e-18,
            0.6357237960853421
        ],
        [
            -0.11168142120533836,
            -0.25031605781601307,
            -8.013998531997016e-18,
            -0.20545651287078726,
            2.2354936840026493e-17,
            -0.4323429665449956,
            -0.4130536214420727,
            -3.4672018202817834e-18,
            -0.4387406647641049,
            1.7981112011842698e-17,
            -0.7122662125405554,
            -0.5223845897760964,
            2.130743108598601e-18,
            0.0396431863194332,
            6.706489377219458e-18,
            -0.4070104414964961,
            -0.5234007228441302,
            2.266679240071258e-18,
            0.3995081405356393,
            7.494252864080801e-19
        ],
        [
            -0.2503160578160135,
            -0.2685327666140309,
            -9.093652902282431e-18,
            -0.21051775526927466,
            1.8455041094676648e-17,
            -0.47253386593315705,
            -0.35510413285210474,
            -3.796984171975848e-18,
            -0.24156575724129814,
            1.4058848701699795e-17,
            -0.6315549596634517,
            -0.3815937841611503,
            1.6675042552553417e-18,
            -0.0737316185299795,
            4.787914095104884e-18,
            -0.5234007228441302,
            -0.3297433745887217,
            1.7481172811790983e-18,
            0.3083678171063817,
            5.875739492330862e-19
        ],
        [
            -8.20944824020267e-19,
            6.572260775637739e-20,
            -0.027846758666855778,
            -1.0254372961700056e-19,
            -1.9812841710329775e-35,
            8.701428022884422e-20,
            7.597896577837958e-19,
            -0.014892508051647213,
            1.8933444828389704e-18,
            -2.626103481667652e-35,
            1.9710281403685555e-18,
            1.4680224651208018e-18,
            0.6357237960853421,
            1.5706186298223937e-18,
            -2.1306593830259698e-35,
            2.266679240071258e-18,
            1.7481172811790983e-18,
            1.4511501840587373,
            -9.665699964952128e-19,
            -9.364432952095316e-36
        ],
        [
            0.20545651287078742,
            0.2105177552692749,
            7.28384527565139e-18,
            0.26117491371255386,
            -1.1347740700276707e-17,
            0.3691245199973682,
            0.27793780581354754,
            3.679801340653388e-18,
            -0.058045531218294144,
            -8.6317482673512e-18,
            0.13376786462574697,
            0.3137579437614952,
            -1.5022932847207033e-18,
            -0.38149306333355004,
            -2.0438641567364685e-18,
            0.3995081405356393,
            0.3083678171063817,
            -9.665699964952128e-19,
            1.0545724031112158,
            -1.6923554373335334e-19
        ],
        [
            -1.4075600064911306e-19,
            1.6751174628941402e-19,
            -6.366311667024813e-36,
            2.9361062743227396e-19,
            -0.027846758666855785,
            3.226792186719133e-19,
            3.9117961780590884e-19,
            -2.2215165128586665e-35,
            6.554871490197759e-19,
            -0.014892508051647213,
            7.894536860198856e-19,
            5.496844355819046e-19,
            -2.2826471890016776e-35,
            1.5501735804002685e-19,
            0.6357237960853421,
            7.494252864080801e-19,
            5.875739492330862e-19,
            -9.364432952095316e-36,
            -1.6923554373335334e-19,
            1.451150184058737
        ]
    ]
}