{
    "HF": -2.116374740716513,
    "coordinates": [
        [
            0.0,
            0.0,
            0.0
        ],
        [
            0.7,
            0.0,
            0.0
        ],
        [
            1.4,
            0.0,
            0.0
        ],
        [
            2.1,
            0.0,
            0.0
        ]
    ],
    "elements": [
        "H",
        "H",
        "H",
        "H"
    ],
    "Enn": 3.2758589247428573,
    "S": [
        [
            0.9999999999999999,
            0.6848602514927513,
            0.0,
            0.0,
            0.0,
            0.6031324521627959,
            0.5770262595082811,
            0.0,
            -0.5452655207953092,
            0.0,
            0.16099442306576994,
            0.3453559469424035,
            0.0,
            -0.2092756254034664,
            0.0,
            0.020856220946818476,
            0.14709996688200683,
            0.0,
            -0.026152597806796386,
            0.0
        ],
        [
            0.6848602514927513,
            1.0000000000000002,
            0.0,
            0.0,
            0.0,
            0.5770262595082811,
            0.898760104075553,
            0.0,
            -0.15865749518268626,
            0.0,
            0.34535594694240346,
            0.6524919281062077,
            0.0,
            -0.18336701123346172,
            0.0,
            0.14709996688200683,
            0.38264326424095907,
            0.0,
            -0.11027155374109388,
            0.0
        ],
        [
            0.0,
            0.0,
            1.0000000000000004,
            0.0,
            0.0,
            0.0,
            0.0,
            0.5293739423718005,
            0.0,
            0.0,
            0.0,
            0.0,
            0.0785326477433081,
            0.0,
            0.0,
            0.0,
            0.0,
            0.0032648485503669164,
            0.0,
            0.0
        ],
        [
            0.0,
            0.0,
            0.0,
            1.0000000000000004,
            0.0,
            0.5452655207953091,
            0.15865749518268626,
            0.0,
            -0.1440534610796768,
            0.0,
            0.20927562540346636,
            0.18336701123346175,
            0.0,
            -0.3210792924968597,
            0.0,
            0.026152597806796383,
            0.11027155374109382,
            0.0,
            -0.03411467611751992,
            0.0
        ],
        [
            0.0,
            0.0,
            0.0,
            0.0,
            1.0000000000000004,
            0.0,
            0.0,
            0.0,
            0.0,
            0.5293739423718005,
            0.0,
            0.0,
            0.0,
            0.0,
            0.0785326477433081,
            0.0,
            0.0,
            0.0,
            0.0,
            0.0032648485503669164
        ],
        [
            0.6031324521627959,
            0.5770262595082811,
            0.0,
            0.5452655207953092,
            0.0,
            0.9999999999999999,
            0.6848602514927513,
            0.0,
            0.0,
            0.0,
            0.6031324521627959,
            0.5770262595082811,
            0.0,
            -0.5452655207953092,
            0.0,
            0.16099442306576972,
            0.3453559469424033,
            0.0,
            -0.20927562540346603,
            0.0
        ],
        [
            0.5770262595082811,
            0.898760104075553,
            0.0,
            0.15865749518268626,
            0.0,
            0.6848602514927513,
            1.0000000000000002,
            0.0,
            0.0,
            0.0,
            0.5770262595082811,
            0.898760104075553,
            0.0,
            -0.15865749518268626,
            0.0,
            0.3453559469424033,
            0.6524919281062075,
            0.0,
            -0.1833670112334618,
            0.0
        ],
        [
            0.0,
            0.0,
            0.5293739423718005,
            0.0,
            0.0,
            0.0,
            0.0,
            1.0000000000000004,
            0.0,
            0.0,
            0.0,
            0.0,
            0.5293739423718005,
            0.0,
            0.0,
            0.0,
            0.0,
            0.07853264774330794,
            0.0,
            0.0
        ],
        [
            -0.5452655207953091,
            -0.15865749518268624,
            0.0,
            -0.1440534610796768,
            0.0,
            0.0,
            0.0,
            0.0,
            1.0000000000000004,
            0.0,
            0.5452655207953092,
            0.15865749518268624,
            0.0,
            -0.1440534610796768,
            0.0,
            0.2092756254034661,
            0.1833670112334617,
            0.0,
            -0.3210792924968593,
            0.0
        ],
        [
            0.0,
            0.0,
            0.0,
            0.0,
            0.5293739423718005,
            0.0,
            0.0,
            0.0,
            0.0,
            1.0000000000000004,
            0.0,
            0.0,
            0.0,
            0.0,
            0.5293739423718005,
            0.0,
            0.0,
            0.0,
            0.0,
            0.07853264774330794
        ],
        [
            0.16099442306576994,
            0.3453559469424035,
            0.0,
            0.2092756254034664,
            0.0,
            0.6031324521627959,
            0.5770262595082811,
            0.0,
            0.5452655207953092,
            0.0,
            0.9999999999999999,
            0.6848602514927513,
            0.0,
            0.0,
            0.0,
            0.6031324521627954,
            0.5770262595082809,
            0.0,
            -0.5452655207953092,
            0.0
        ],
        [
            0.34535594694240346,
            0.6524919281062077,
            0.0,
            0.18336701123346172,
            0.0,
            0.5770262595082811,
            0.898760104075553,
            0.0,
            0.15865749518268626,
            0.0,
            0.6848602514927513,
            1.0000000000000002,
            0.0,
            0.0,
            0.0,
            0.5770262595082809,
            0.8987601040755528,
            0.0,
            -0.15865749518268624,
            0.0
        ],
        [
            0.0,
            0.0,
            0.0785326477433081,
            0.0,
            0.0,
            0.0,
            0.0,
            0.5293739423718005,
            0.0,
            0.0,
            0.0,
            0.0,
            1.0000000000000004,
            0.0,
            0.0,
            0.0,
            0.0,
            0.5293739423718001,
            0.0,
            0.0
        ],
        [
            -0.20927562540346636,
            -0.1833670112334617,
            0.0,
            -0.3210792924968597,
            0.0,
            -0.5452655207953092,
            -0.15865749518268624,
            0.0,
            -0.1440534610796768,
            0.0,
            0.0,
            0.0,
            0.0,
            1.0000000000000004,
            0.0,
            0.5452655207953092,
            0.1586574951826862,
            0.0,
            -0.1440534610796777,
            0.0
        ],
        [
            0.0,
            0.0,
            0.0,
            0.0,
            0.0785326477433081,
            0.0,
            0.0,
            0.0,
            0.0,
            0.5293739423718005,
            0.0,
            0.0,
            0.0,
            0.0,
            1.0000000000000004,
            0.0,
            0.0,
            0.0,
            0.0,
            0.5293739423718001
        ],
        [
            0.020856220946818476,
            0.14709996688200683,
            0.0,
            0.026152597806796386,
            0.0,
            0.16099442306576972,
            0.3453559469424033,
            0.0,
            0.20927562540346603,
            0.0,
            0.6031324521627954,
            0.5770262595082809,
            0.0,
            0.5452655207953092,
            0.0,
            0.9999999999999999,
            0.6848602514927513,
            0.0,
            0.0,
            0.0
        ],
        [
            0.14709996688200683,
            0.38264326424095907,
            0.0,
            0.11027155374109388,
            0.0,
            0.3453559469424033,
            0.6524919281062075,
            0.0,
            0.1833670112334618,
            0.0,
            0.5770262595082809,
            0.8987601040755528,
            0.0,
            0.15865749518268624,
            0.0,
            0.6848602514927513,
            1.0000000000000002,
            0.0,
            0.0,
            0.0
        ],
        [
            0.0,
            0.0,
            0.0032648485503669164,
            0.0,
            0.0,
            0.0,
            0.0,
            0.07853264774330794,
            0.0,
            0.0,
            0.0,
            0.0,
            0.5293739423718001,
            0.0,
            0.0,
            0.0,
            0.0,
            1.0000000000000004,
            0.0,
            0.0
        ],
        [
            -0.026152597806796386,
            -0.11027155374109385,
            0.0,
            -0.03411467611751992,
            0.0,
            -0.2092756254034661,
            -0.1833670112334616,
            0.0,
            -0.3210792924968593,
            0.0,
            -0.5452655207953092,
            -0.1586574951826862,
            0.0,
            -0.1440534610796777,
            0.0,
            0.0,
            0.0,
            0.0,
            1.0000000000000004,
            0.0
        ],
        [
            0.0,
            0.0,
            0.0,
            0.0,
            0.0032648485503669164,
            0.0,
            0.0,
            0.0,
            0.0,
            0.07853264774330794,
            0.0,
            0.0,
            0.0,
            0.0,
            0.5293739423718001,
            0.0,
            0.0,
            0.0,
            0.0,
            1.0000000000000004
        ]
    ],
    "h": [
        [
            -0.3152368645280432,
            -0.48719397868286074,
            -1.0311973539187018e-17,
            -0.3309270837642351,
            2.2603299143679714e-17,
            -0.6261102916867478,
            -0.48274698354148504,
            -7.375679657476628e-18,
            -0.0015163737402710264,
            1.403856940589858e-17,
            -0.3084951206786155,
            -0.34859060721493473,
            -1.193968388324268e-18,
            0.36831410629383177,
            2.4502152674915335e-18,
            -0.03505163924978068,
            -0.1715877261356526,
            3.663028585037792e-19,
            0.10219963362729814,
            -1.1807774867371802e-19
        ],
        [
            -0.48719397868286074,
            -0.3178750015438625,
            -1.8383031501863318e-18,
            -0.26971498183788645,
            1.336961252297474e-17,
            -0.5743714499292506,
            -0.3717575802612936,
            5.959882483070711e-19,
            0.10148300064118976,
            4.7465103235425795e-18,
            -0.38271417491969817,
            -0.32738598076528846,
            1.5888397127776502e-18,
            0.21175315839504477,
            -1.3916356643779628e-18,
            -0.1715877261356526,
            -0.2208069786013917,
            7.784734784926114e-19,
            0.14788657407017783,
            -8.534298700292588e-19
        ],
        [
            -1.0311973539187018e-17,
            -1.8383031501863318e-18,
            1.4731477311995178,
            2.733263085939831e-18,
            5.50202152877634e-33,
            3.785584645885713e-18,
            7.329628462456257e-18,
            0.48782309203735497,
            2.0011517233894304e-17,
            3.155642306795551e-33,
            2.3791408406045117e-17,
            1.6307462466145838e-17,
            -0.04608568265182858,
            1.0588155304565434e-17,
            5.95189463656751e-34,
            2.345964007513102e-17,
            1.9079435916443826e-17,
            -0.009461406659188806,
            -1.011402237249619e-17,
            6.69374224669215e-35
        ],
        [
            -0.3309270837642351,
            -0.26971498183788645,
            2.733263085939831e-18,
            1.145959840071753,
            6.112044200852722e-18,
            -0.08807638667346196,
            -0.2644628981019229,
            7.159291688123996e-18,
            -0.5542512701432094,
            -8.278143535293845e-18,
            -0.2925565184964065,
            -0.22074828576624178,
            1.95455898511097e-18,
            0.13257791436441901,
            -1.8115038111168716e-18,
            -0.10219963362729817,
            -0.14788657407017808,
            4.583880385949835e-19,
            0.14117169751213027,
            -2.1097285079312512e-19
        ],
        [
            2.2603299143679714e-17,
            1.336961252297474e-17,
            5.50202152877634e-33,
            6.112044200852722e-18,
            1.4731477311995176,
            1.5804064246872747e-17,
            6.569450789140891e-18,
            3.560243828851238e-33,
            -1.8164532344450292e-17,
            0.48782309203735497,
            -9.280523739818127e-18,
            -3.675760313305092e-18,
            8.685267671561604e-34,
            -1.9515919020604096e-17,
            -0.04608568265182858,
            -1.7547623220553017e-17,
            -1.0564861759254201e-17,
            1.0617652851077597e-34,
            4.4692766246086555e-18,
            -0.009461406659188806
        ],
        [
            -0.6261102916867478,
            -0.5743714499292506,
            3.785584645885713e-18,
            -0.08807638667346196,
            1.5804064246872747e-17,
            -0.532977641652916,
            -0.6376389958878856,
            8.23046862542807e-18,
            0.03287813322944734,
            -1.9697336070969593e-18,
            -0.5952169651014028,
            -0.5582342260510249,
            4.027756740292021e-18,
            0.05636726989365193,
            -4.202901313060229e-18,
            -0.30849512067861495,
            -0.38271417491969784,
            1.1166948684336792e-18,
            0.29255651849640585,
            -9.710329217894143e-19
        ],
        [
            -0.48274698354148504,
            -0.3717575802612936,
            7.329628462456257e-18,
            -0.2644628981019229,
            6.569450789140891e-18,
            -0.6376389958878856,
            -0.4406195070135799,
            9.082645818015712e-18,
            -0.011580919003508383,
            -2.9451494022926662e-18,
            -0.5582342260510245,
            -0.421706447571333,
            4.55792028999336e-18,
            0.1415972250982161,
            -4.7641822821626875e-18,
            -0.348590607214935,
            -0.3273859807652886,
            1.2387859812502537e-18,
            0.22074828576624206,
            -1.7569057343360683e-18
        ],
        [
            -7.375679657476628e-18,
            5.959882483070711e-19,
            0.48782309203735497,
            7.159291688123996e-18,
            3.560243828851238e-33,
            8.23046862542807e-18,
            9.082645818015712e-18,
            1.3798207201783137,
            1.7011732015317315e-17,
            1.9600169918868135e-33,
            2.289266524692529e-17,
            1.6249634073445935e-17,
            0.47292824537720124,
            5.910612272484729e-18,
            3.56686726870405e-34,
            2.020189080880471e-17,
            1.7371095472545523e-17,
            -0.04608568265182855,
            -9.576750576701094e-18,
            4.85001570640545e-35
        ],
        [
            -0.0015163737402710264,
            0.10148300064118976,
            2.0011517233894304e-17,
            -0.5542512701432094,
            -1.8164532344450292e-17,
            0.03287813322944734,
            -0.011580919003508383,
            1.7011732015317315e-17,
            0.7087214110092468,
            -1.5124133283374367e-17,
            -0.05636726989365082,
            -0.14159722509821565,
            6.261671484706553e-18,
            -0.7256100046612766,
            -8.525314070333957e-18,
            -0.3683141062938316,
            -0.21175315839504444,
            7.892807216165734e-19,
            0.13257791436441924,
            -1.221293327552057e-18
        ],
        [
            1.403856940589858e-17,
            4.7465103235425795e-18,
            3.155642306795551e-33,
            -8.278143535293845e-18,
            0.48782309203735497,
            -1.9697336070969593e-18,
            -2.9451494022926662e-18,
            1.9600169918868135e-33,
            -1.5124133283374367e-17,
            1.3798207201783135,
            -1.4169126668755303e-17,
            -9.873760693591642e-18,
            4.92252415901775e-34,
            -4.901014074113428e-18,
            0.47292824537720124,
            -1.3862717393301394e-17,
            -1.1849839626319298e-17,
            6.943641060119425e-35,
            5.11429522895317e-18,
            -0.046085682651828525
        ],
        [
            -0.3084951206786155,
            -0.38271417491969817,
            2.3791408406045117e-17,
            -0.2925565184964065,
            -9.280523739818127e-18,
            -0.5952169651014028,
            -0.5582342260510245,
            2.289266524692529e-17,
            -0.05636726989365082,
            -1.4169126668755303e-17,
            -0.5329776416529146,
            -0.6376389958878836,
            9.050205883982504e-18,
            -0.032878133229446715,
            -9.416078015976743e-18,
            -0.6261102916867487,
            -0.5743714499292512,
            1.617642322159387e-18,
            0.0880763866734604,
            -2.6710529590714732e-18
        ],
        [
            -0.34859060721493473,
            -0.32738598076528846,
            1.6307462466145838e-17,
            -0.22074828576624178,
            -3.675760313305092e-18,
            -0.5582342260510249,
            -0.421706447571333,
            1.6249634073445935e-17,
            -0.14159722509821565,
            -9.873760693591642e-18,
            -0.6376389958878836,
            -0.4406195070135792,
            6.821694879499966e-18,
            0.011580919003508217,
            -7.039801680214588e-18,
            -0.48274698354148504,
            -0.3717575802612936,
            1.4442950707848386e-18,
            0.26446289810192236,
            -2.536047586392979e-18
        ],
        [
            -1.193968388324268e-18,
            1.5888397127776502e-18,
            -0.04608568265182858,
            1.95455898511097e-18,
            8.685267671561604e-34,
            4.027756740292021e-18,
            4.55792028999336e-18,
            0.47292824537720124,
            6.261671484706553e-18,
            4.92252415901775e-34,
            9.050205883982504e-18,
            6.821694879499966e-18,
            1.379820720178315,
            1.6161519373403179e-18,
            2.98121594194876e-35,
            7.693404783340585e-18,
            6.830017597083753e-18,
            0.4878230920373545,
            -3.634038406011472e-18,
            -4.505417137035156e-36
        ],
        [
            0.36831410629383177,
            0.21175315839504477,
            1.0588155304565434e-17,
            0.13257791436441901,
            -1.9515919020604096e-17,
            0.05636726989365193,
            0.1415972250982161,
            5.910612272484729e-18,
            -0.7256100046612766,
            -4.901014074113428e-18,
            -0.032878133229446715,
            0.011580919003508217,
            1.6161519373403179e-18,
            0.7087214110092459,
            4.690833486443269e-19,
            0.0015163737402708044,
            -0.10148300064118948,
            -9.469301941092551e-20,
            -0.5542512701432106,
            -1.3330560360512185e-18
        ],
        [
            2.4502152674915335e-18,
            -1.3916356643779628e-18,
            5.95189463656751e-34,
            -1.8115038111168716e-18,
            -0.04608568265182858,
            -4.202901313060229e-18,
            -4.7641822821626875e-18,
            3.56686726870405e-34,
            -8.525314070333957e-18,
            0.47292824537720124,
            -9.416078015976743e-18,
            -7.039801680214588e-18,
            2.98121594194876e-35,
            4.690833486443269e-19,
            1.3798207201783148,
            -6.204860116972993e-18,
            -6.571609758477504e-18,
            -4.006849255133676e-36,
            4.2333592985285886e-18,
            0.4878230920373544
        ],
        [
            -0.03505163924978068,
            -0.1715877261356526,
            2.345964007513102e-17,
            -0.10219963362729817,
            -1.7547623220553017e-17,
            -0.30849512067861495,
            -0.348590607214935,
            2.020189080880471e-17,
            -0.3683141062938316,
            -1.3862717393301394e-17,
            -0.6261102916867487,
            -0.48274698354148504,
            7.693404783340585e-18,
            0.0015163737402708044,
            -6.204860116972993e-18,
            -0.31523686452804234,
            -0.48719397868286163,
            1.1785592388504488e-18,
            0.3309270837642345,
            -2.7967037594705232e-18
        ],
        [
            -0.1715877261356526,
            -0.2208069786013917,
            1.9079435916443826e-17,
            -0.14788657407017808,
            -1.0564861759254201e-17,
            -0.38271417491969784,
            -0.3273859807652886,
            1.7371095472545523e-17,
            -0.21175315839504444,
            -1.1849839626319298e-17,
            -0.5743714499292512,
            -0.3717575802612936,
            6.830017597083753e-18,
            -0.10148300064118948,
            -6.571609758477504e-18,
            -0.48719397868286163,
            -0.3178750015438627,
            1.2720633779225751e-18,
            0.2697149818378862,
            -2.5979822533856926e-18
        ],
        [
            3.663028585037792e-19,
            7.784734784926114e-19,
            -0.009461406659188806,
            4.583880385949835e-19,
            1.0617652851077597e-34,
            1.1166948684336792e-18,
            1.2387859812502537e-18,
            -0.04608568265182855,
            7.892807216165734e-19,
            6.943641060119425e-35,
            1.617642322159387e-18,
            1.4442950707848386e-18,
            0.4878230920373545,
            -9.469301941092551e-20,
            -4.006849255133676e-36,
            1.1785592388504488e-18,
            1.2720633779225751e-18,
            1.4731477311995187,
            -5.306667124735969e-19,
            -1.5843688255278945e-35
        ],
        [
            0.10219963362729814,
            0.14788657407017783,
            -1.011402237249619e-17,
            0.14117169751213027,
            4.4692766246086555e-18,
            0.29255651849640585,
            0.22074828576624206,
            -9.576750576701094e-18,
            0.13257791436441924,
            5.11429522895317e-18,
            0.0880763866734604,
            0.26446289810192236,
            -3.634038406011472e-18,
            -0.5542512701432106,
            4.2333592985285886e-18,
            0.3309270837642345,
            0.2697149818378862,
            -5.306667124735969e-19,
            1.1459598400717528,
            1.1390880582508993e-18
        ],
        [
            -1.1807774867371802e-19,
            -8.534298700292588e-19,
            6.69374224669215e-35,
            -2.1097285079312512e-19,
            -0.009461406659188806,
            -9.710329217894143e-19,
            -1.7569057343360683e-18,
            4.85001570640545e-35,
            -1.221293327552057e-18,
            -0.046085682651828525,
            -2.6710529590714732e-18,
            -2.536047586392979e-18,
            -4.505417137035156e-36,
            -1.3330560360512185e-18,
            0.4878230920373544,
            -2.7967037594705232e-18,
            -2.5979822533856926e-18,
            -1.5843688255278945e-35,
            1.1390880582508993e-18,
            1.4731477311995185
        ]
    ]
}