{
    "HF": -2.1678496269762717,
    "coordinates": [
        [
            0.0,
            0.0,
            0.0
        ],
        [
            0.8,
            0.0,
            0.0
        ],
        [
            1.6,
            0.0,
            0.0
        ],
        [
            2.4,
            0.0,
            0.0
        ]
    ],
    "elements": [
        "H",
        "H",
        "H",
        "H"
    ],
    "Enn": 2.8663765591500003,
    "S": [
        [
            0.9999999999999999,
            0.6848602514927513,
            0.0,
            0.0,
            0.0,
            0.522861744791941,
            0.5475553489279366,
            0.0,
            -0.5202236966476841,
            0.0,
            0.09650198567979373,
            0.28015292036227113,
            0.0,
            -0.12810074212834316,
            0.0,
            0.006992999248237895,
            0.09200396267659126,
            0.0,
            -0.007855598076560763,
            0.0
        ],
        [
            0.6848602514927513,
            1.0000000000000002,
            0.0,
            0.0,
            0.0,
            0.5475553489279366,
            0.8698675060725554,
            0.0,
            -0.1714547582565225,
            0.0,
            0.28015292036227124,
            0.5725486991197352,
            0.0,
            -0.16753330661609553,
            0.0,
            0.09200396267659126,
            0.2851530180903721,
            0.0,
            -0.07616026676502623,
            0.0
        ],
        [
            0.0,
            0.0,
            1.0000000000000004,
            0.0,
            0.0,
            0.0,
            0.0,
            0.4357125591332134,
            0.0,
            0.0,
            0.0,
            0.0,
            0.03604128888142802,
            0.0,
            0.0,
            0.0,
            0.0,
            0.0005659795054888335,
            0.0,
            0.0
        ],
        [
            0.0,
            0.0,
            0.0,
            1.0000000000000004,
            0.0,
            0.5202236966476841,
            0.17145475825652237,
            0.0,
            -0.28824348330920363,
            0.0,
            0.12810074212834316,
            0.1675333066160954,
            0.0,
            -0.20349561053711857,
            0.0,
            0.007855598076560754,
            0.07616026676502616,
            0.0,
            -0.007897624466384381,
            0.0
        ],
        [
            0.0,
            0.0,
            0.0,
            0.0,
            1.0000000000000004,
            0.0,
            0.0,
            0.0,
            0.0,
            0.4357125591332134,
            0.0,
            0.0,
            0.0,
            0.0,
            0.03604128888142802,
            0.0,
            0.0,
            0.0,
            0.0,
            0.0005659795054888335
        ],
        [
            0.522861744791941,
            0.5475553489279366,
            0.0,
            0.5202236966476841,
            0.0,
            0.9999999999999999,
            0.6848602514927513,
            0.0,
            0.0,
            0.0,
            0.522861744791941,
            0.5475553489279366,
            0.0,
            -0.5202236966476841,
            0.0,
            0.09650198567979386,
            0.28015292036227135,
            0.0,
            -0.1281007421283433,
            0.0
        ],
        [
            0.5475553489279366,
            0.8698675060725554,
            0.0,
            0.1714547582565225,
            0.0,
            0.6848602514927513,
            1.0000000000000002,
            0.0,
            0.0,
            0.0,
            0.5475553489279366,
            0.8698675060725554,
            0.0,
            -0.17145475825652232,
            0.0,
            0.2801529203622714,
            0.5725486991197354,
            0.0,
            -0.16753330661609547,
            0.0
        ],
        [
            0.0,
            0.0,
            0.4357125591332134,
            0.0,
            0.0,
            0.0,
            0.0,
            1.0000000000000004,
            0.0,
            0.0,
            0.0,
            0.0,
            0.4357125591332134,
            0.0,
            0.0,
            0.0,
            0.0,
            0.036041288881428074,
            0.0,
            0.0
        ],
        [
            -0.5202236966476841,
            -0.1714547582565223,
            0.0,
            -0.28824348330920363,
            0.0,
            0.0,
            0.0,
            0.0,
            1.0000000000000004,
            0.0,
            0.5202236966476841,
            0.1714547582565223,
            0.0,
            -0.28824348330920363,
            0.0,
            0.1281007421283433,
            0.16753330661609542,
            0.0,
            -0.20349561053711873,
            0.0
        ],
        [
            0.0,
            0.0,
            0.0,
            0.0,
            0.4357125591332134,
            0.0,
            0.0,
            0.0,
            0.0,
            1.0000000000000004,
            0.0,
            0.0,
            0.0,
            0.0,
            0.4357125591332134,
            0.0,
            0.0,
            0.0,
            0.0,
            0.036041288881428074
        ],
        [
            0.09650198567979373,
            0.28015292036227113,
            0.0,
            0.12810074212834316,
            0.0,
            0.522861744791941,
            0.5475553489279366,
            0.0,
            0.5202236966476841,
            0.0,
            0.9999999999999999,
            0.6848602514927513,
            0.0,
            0.0,
            0.0,
            0.5228617447919414,
            0.5475553489279367,
            0.0,
            -0.5202236966476845,
            0.0
        ],
        [
            0.28015292036227124,
            0.5725486991197352,
            0.0,
            0.16753330661609553,
            0.0,
            0.5475553489279366,
            0.8698675060725554,
            0.0,
            0.1714547582565225,
            0.0,
            0.6848602514927513,
            1.0000000000000002,
            0.0,
            0.0,
            0.0,
            0.5475553489279367,
            0.8698675060725555,
            0.0,
            -0.17145475825652237,
            0.0
        ],
        [
            0.0,
            0.0,
            0.03604128888142802,
            0.0,
            0.0,
            0.0,
            0.0,
            0.4357125591332134,
            0.0,
            0.0,
            0.0,
            0.0,
            1.0000000000000004,
            0.0,
            0.0,
            0.0,
            0.0,
            0.43571255913321394,
            0.0,
            0.0
        ],
        [
            -0.12810074212834316,
            -0.1675333066160953,
            0.0,
            -0.20349561053711857,
            0.0,
            -0.5202236966476841,
            -0.1714547582565223,
            0.0,
            -0.28824348330920363,
            0.0,
            0.0,
            0.0,
            0.0,
            1.0000000000000004,
            0.0,
            0.5202236966476844,
            0.17145475825652232,
            0.0,
            -0.2882434833092032,
            0.0
        ],
        [
            0.0,
            0.0,
            0.0,
            0.0,
            0.03604128888142802,
            0.0,
            0.0,
            0.0,
            0.0,
            0.4357125591332134,
            0.0,
            0.0,
            0.0,
            0.0,
            1.0000000000000004,
            0.0,
            0.0,
            0.0,
            0.0,
            0.43571255913321394
        ],
        [
            0.006992999248237895,
            0.09200396267659126,
            0.0,
            0.007855598076560763,
            0.0,
            0.09650198567979386,
            0.28015292036227135,
            0.0,
            0.1281007421283433,
            0.0,
            0.5228617447919414,
            0.5475553489279367,
            0.0,
            0.5202236966476845,
            0.0,
            0.9999999999999999,
            0.6848602514927513,
            0.0,
            0.0,
            0.0
        ],
        [
            0.09200396267659126,
            0.2851530180903721,
            0.0,
            0.07616026676502623,
            0.0,
            0.2801529203622714,
            0.5725486991197354,
            0.0,
            0.16753330661609547,
            0.0,
            0.5475553489279367,
            0.8698675060725555,
            0.0,
            0.17145475825652237,
            0.0,
            0.6848602514927513,
            1.0000000000000002,
            0.0,
            0.0,
            0.0
        ],
        [
            0.0,
            0.0,
            0.0005659795054888335,
            0.0,
            0.0,
            0.0,
            0.0,
            0.036041288881428074,
            0.0,
            0.0,
            0.0,
            0.0,
            0.43571255913321394,
            0.0,
            0.0,
            0.0,
            0.0,
            1.0000000000000004,
            0.0,
            0.0
        ],
        [
            -0.007855598076560754,
            -0.07616026676502613,
            0.0,
            -0.007897624466384381,
            0.0,
            -0.1281007421283433,
            -0.16753330661609542,
            0.0,
            -0.20349561053711873,
            0.0,
            -0.5202236966476844,
            -0.17145475825652232,
            0.0,
            -0.2882434833092032,
            0.0,
            0.0,
            0.0,
            0.0,
            1.0000000000000004,
            0.0
        ],
        [
            0.0,
            0.0,
            0.0,
            0.0,
            0.0005659795054888335,
            0.0,
            0.0,
            0.0,
            0.0,
            0.036041288881428074,
            0.0,
            0.0,
            0.0,
            0.0,
            0.43571255913321394,
            0.0,
            0.0,
            0.0,
            0.0,
            1.0000000000000004
        ]
    ],
    "h": [
        [
            -0.24557740860736232,
            -0.4572884066118086,
            2.1410772184590685e-18,
            -0.26948152558539795,
            9.998884295856747e-18,
            -0.5563971162721397,
            -0.44963251410807126,
            4.57534207902939e-19,
            0.03142186528546076,
            4.052838902150228e-18,
            -0.2162308290003833,
            -0.29295962153350696,
            -2.001353500804397e-19,
            0.2912406020679773,
            6.343136114788831e-19,
            0.002812624239167179,
            -0.1114526292061258,
            -1.4702487992258044e-20,
            0.04435359222575753,
            2.9201477456118413e-19
        ],
        [
            -0.4572884066118086,
            -0.3070306666189573,
            1.380090713946712e-18,
            -0.2339613735396158,
            1.114917469585873e-17,
            -0.5237720870334817,
            -0.36074544815141674,
            -1.9876426623641486e-19,
            0.11219476441405649,
            3.857720409893022e-18,
            -0.307107018948617,
            -0.2963416725664614,
            -4.053892478774685e-19,
            0.1836005161653218,
            -2.8614575610520714e-20,
            -0.11145262920612597,
            -0.17399792333437014,
            -1.130731184838244e-19,
            0.10191245633676844,
            4.257920443856543e-20
        ],
        [
            2.1410772184590685e-18,
            1.380090713946712e-18,
            1.4864978689224593,
            6.028579421004188e-19,
            2.924626358652179e-35,
            1.231062564679402e-18,
            5.919310319203775e-19,
            0.3501106571765016,
            -1.9606496891813123e-18,
            4.1238251406445906e-35,
            -1.3079491894882104e-18,
            -6.152866640070496e-19,
            -0.0428511091277399,
            -1.2987330468392196e-18,
            3.334325872858023e-36,
            -1.6873144969828069e-18,
            -1.2488375855722058e-18,
            -0.001972715369479519,
            6.269871677502689e-19,
            -4.8182645968136303e-36
        ],
        [
            -0.26948152558539795,
            -0.2339613735396158,
            6.028579421004188e-19,
            1.2241843562104493,
            8.071755327979553e-18,
            -0.0759155072533032,
            -0.22165238743019955,
            -7.86404095878736e-19,
            -0.6647997292770426,
            -4.581509287153905e-19,
            -0.22253612500842568,
            -0.176313646020109,
            -3.6370274225151607e-19,
            0.21982149572665577,
            5.586115042600072e-21,
            -0.04435359222575756,
            -0.10191245633676799,
            -7.578420556826001e-20,
            0.058826470884002044,
            6.095992220046193e-20
        ],
        [
            9.998884295856747e-18,
            1.114917469585873e-17,
            2.924626358652179e-35,
            8.071755327979553e-18,
            1.486497868922459,
            1.8873329868376595e-17,
            1.527858121537461e-17,
            1.149565713946509e-34,
            2.6380588377395392e-18,
            0.3501106571765017,
            1.5653604119302857e-17,
            1.4881260683931218e-17,
            5.741325383126636e-35,
            -6.04492065539551e-18,
            -0.0428511091277399,
            7.792391849449386e-18,
            1.0371064760034365e-17,
            1.4473457841370738e-35,
            -5.272859879048086e-18,
            -0.0019727153694795198
        ],
        [
            -0.5563971162721397,
            -0.5237720870334817,
            1.231062564679402e-18,
            -0.0759155072533032,
            1.8873329868376595e-17,
            -0.4178798588777344,
            -0.58799998170986,
            -1.090820221405154e-18,
            0.04313238593257218,
            4.685037337203153e-18,
            -0.4986222057613965,
            -0.49431705661011316,
            -8.194896898238306e-19,
            0.05277233722159036,
            -7.114994908094863e-19,
            -0.21623082900038357,
            -0.3071070189486167,
            -2.5275961002739944e-19,
            0.2225361250084258,
            -1.155259960387621e-19
        ],
        [
            -0.44963251410807126,
            -0.36074544815141674,
            5.919310319203775e-19,
            -0.22165238743019955,
            1.527858121537461e-17,
            -0.58799998170986,
            -0.4307480255310572,
            -1.1200740697110557e-18,
            0.007850787304403833,
            5.200328684905914e-18,
            -0.4943170566101134,
            -0.4023836822767224,
            -7.609585839734487e-19,
            0.12031551608374608,
            -6.942984644537291e-19,
            -0.2929596215335078,
            -0.2963416725664617,
            -2.468651227300721e-19,
            0.17631364602010954,
            -3.7272718819523025e-19
        ],
        [
            4.57534207902939e-19,
            -1.9876426623641486e-19,
            0.3501106571765016,
            -7.86404095878736e-19,
            1.149565713946509e-34,
            -1.090820221405154e-18,
            -1.1200740697110557e-18,
            1.4132159472448889,
            -1.1969583481599618e-18,
            7.385494909995255e-35,
            -2.3397882165393523e-18,
            -1.8321414789460495e-18,
            0.34155349909222676,
            -4.2829867646398705e-19,
            2.7614017000270144e-36,
            -1.869283012116876e-18,
            -1.7859412238347643e-18,
            -0.04285110912773993,
            9.68616974914919e-19,
            -5.061725800883965e-36
        ],
        [
            0.03142186528546076,
            0.11219476441405649,
            -1.9606496891813123e-18,
            -0.6647997292770426,
            2.6380588377395392e-18,
            0.04313238593257218,
            0.007850787304403833,
            -1.1969583481599618e-18,
            0.8793629882268728,
            2.7154048247262172e-18,
            -0.05277233722159114,
            -0.12031551608374624,
            -3.937316804574386e-19,
            -0.786221752235238,
            -1.7214191990726583e-18,
            -0.2912406020679775,
            -0.18360051616532153,
            -2.758644360566986e-19,
            0.21982149572665616,
            -6.872660271237419e-19
        ],
        [
            4.052838902150228e-18,
            3.857720409893022e-18,
            4.1238251406445906e-35,
            -4.581509287153905e-19,
            0.3501106571765017,
            4.685037337203153e-18,
            5.200328684905914e-18,
            7.385494909995255e-35,
            2.7154048247262172e-18,
            1.4132159472448886,
            7.501706129337248e-18,
            5.938192223969655e-18,
            3.536038704940548e-35,
            1.29459243682893e-19,
            0.34155349909222676,
            5.026189440318916e-18,
            5.0942680458038096e-18,
            9.550264943007029e-36,
            -3.1946988915189053e-18,
            -0.04285110912773993
        ],
        [
            -0.2162308290003833,
            -0.307107018948617,
            -1.3079491894882104e-18,
            -0.22253612500842568,
            1.5653604119302857e-17,
            -0.4986222057613965,
            -0.4943170566101134,
            -2.3397882165393523e-18,
            -0.05277233722159114,
            7.501706129337248e-18,
            -0.41787985887773305,
            -0.5879999817098607,
            -1.0850484159627543e-18,
            -0.04313238593257265,
            -1.4711674870129375e-18,
            -0.5563971162721401,
            -0.5237720870334813,
            -4.521198702633305e-19,
            0.07591550725330443,
            -1.1503255526465589e-18
        ],
        [
            -0.29295962153350696,
            -0.2963416725664614,
            -6.152866640070496e-19,
            -0.176313646020109,
            1.4881260683931218e-17,
            -0.49431705661011316,
            -0.4023836822767224,
            -1.8321414789460495e-18,
            -0.12031551608374624,
            5.938192223969655e-18,
            -0.5879999817098607,
            -0.43074802553105673,
            -9.770497475676817e-19,
            -0.007850787304404305,
            -1.1201757408561185e-18,
            -0.4496325141080715,
            -0.36074544815141696,
            -3.1285788347397586e-19,
            0.22165238743020027,
            -8.573863158439074e-19
        ],
        [
            -2.001353500804397e-19,
            -4.053892478774685e-19,
            -0.0428511091277399,
            -3.6370274225151607e-19,
            5.741325383126636e-35,
            -8.194896898238306e-19,
            -7.609585839734487e-19,
            0.34155349909222676,
            -3.937316804574386e-19,
            3.536038704940548e-35,
            -1.0850484159627543e-18,
            -9.770497475676817e-19,
            1.413215947244889,
            -8.735176683846785e-20,
            -1.1734262970809603e-36,
            -1.0110829695907477e-18,
            -9.092317916696455e-19,
            0.35011065717650214,
            2.98574663892387e-19,
            -3.6767428260126925e-36
        ],
        [
            0.2912406020679773,
            0.1836005161653218,
            -1.2987330468392196e-18,
            0.21982149572665577,
            -6.04492065539551e-18,
            0.05277233722159036,
            0.12031551608374608,
            -4.2829867646398705e-19,
            -0.786221752235238,
            1.29459243682893e-19,
            -0.04313238593257265,
            -0.007850787304404305,
            -8.735176683846785e-20,
            0.8793629882268728,
            6.810577631110531e-19,
            -0.03142186528546087,
            -0.11219476441405646,
            6.284354249007502e-20,
            -0.6647997292770427,
            -5.623778270518728e-19
        ],
        [
            6.343136114788831e-19,
            -2.8614575610520714e-20,
            3.334325872858023e-36,
            5.586115042600072e-21,
            -0.0428511091277399,
            -7.114994908094863e-19,
            -6.942984644537291e-19,
            2.7614017000270144e-36,
            -1.7214191990726583e-18,
            0.34155349909222676,
            -1.4711674870129375e-18,
            -1.1201757408561185e-18,
            -1.1734262970809603e-36,
            6.810577631110531e-19,
            1.4132159472448889,
            -6.401608138602877e-19,
            -9.124036388769564e-19,
            -7.378234089911192e-37,
            4.357348429612082e-19,
            0.35011065717650214
        ],
        [
            0.002812624239167179,
            -0.11145262920612597,
            -1.6873144969828069e-18,
            -0.04435359222575756,
            7.792391849449386e-18,
            -0.21623082900038357,
            -0.2929596215335078,
            -1.869283012116876e-18,
            -0.2912406020679775,
            5.026189440318916e-18,
            -0.5563971162721401,
            -0.4496325141080715,
            -1.0110829695907477e-18,
            -0.03142186528546087,
            -6.401608138602877e-19,
            -0.24557740860736232,
            -0.4572884066118087,
            -2.5168621332164147e-19,
            0.2694815255853986,
            -1.10046544254988e-18
        ],
        [
            -0.1114526292061258,
            -0.17399792333437014,
            -1.2488375855722058e-18,
            -0.10191245633676799,
            1.0371064760034365e-17,
            -0.3071070189486167,
            -0.2963416725664617,
            -1.7859412238347643e-18,
            -0.18360051616532153,
            5.0942680458038096e-18,
            -0.5237720870334813,
            -0.36074544815141696,
            -9.092317916696455e-19,
            -0.11219476441405646,
            -9.124036388769564e-19,
            -0.4572884066118087,
            -0.30703066661895684,
            -2.6516548968333903e-19,
            0.23396137353961616,
            -9.758996737067598e-19
        ],
        [
            -1.4702487992258044e-20,
            -1.130731184838244e-19,
            -0.001972715369479519,
            -7.578420556826001e-20,
            1.4473457841370738e-35,
            -2.5275961002739944e-19,
            -2.468651227300721e-19,
            -0.04285110912773993,
            -2.758644360566986e-19,
            9.550264943007029e-36,
            -4.521198702633305e-19,
            -3.1285788347397586e-19,
            0.35011065717650214,
            6.284354249007502e-20,
            -7.378234089911192e-37,
            -2.5168621332164147e-19,
            -2.6516548968333903e-19,
            1.4864978689224575,
            1.4324773078300975e-19,
            -2.0251109683081312e-36
        ],
        [
            0.04435359222575753,
            0.10191245633676844,
            6.269871677502689e-19,
            0.058826470884002044,
            -5.272859879048086e-18,
            0.2225361250084258,
            0.17631364602010954,
            9.68616974914919e-19,
            0.21982149572665616,
            -3.1946988915189053e-18,
            0.07591550725330443,
            0.22165238743020027,
            2.98574663892387e-19,
            -0.6647997292770427,
            4.357348429612082e-19,
            0.2694815255853986,
            0.23396137353961616,
            1.4324773078300975e-19,
            1.2241843562104477,
            5.305268347975157e-19
        ],
        [
            2.9201477456118413e-19,
            4.257920443856543e-20,
            -4.8182645968136303e-36,
            6.095992220046193e-20,
            -0.0019727153694795198,
            -1.155259960387621e-19,
            -3.7272718819523025e-19,
            -5.061725800883965e-36,
            -6.872660271237419e-19,
            -0.04285110912773993,
            -1.1503255526465589e-18,
            -8.573863158439074e-19,
            -3.6767428260126925e-36,
            -5.623778270518728e-19,
            0.35011065717650214,
            -1.10046544254988e-18,
            -9.758996737067598e-19,
            -2.0251109683081312e-36,
            5.305268347975157e-19,
            1.4864978689224573
        ]
    ]
}