{
    "HF": -2.1418804337842077,
    "coordinates": [
        [
            0.0,
            0.0,
            0.0
        ],
        [
            1.1,
            0.0,
            0.0
        ],
        [
            2.2,
            0.0,
            0.0
        ],
        [
            3.3,
            0.0,
            0.0
        ]
    ],
    "elements": [
        "H",
        "H",
        "H",
        "H"
    ],
    "Enn": 2.084637497563637,
    "S": [
        [
            0.9999999999999999,
            0.6848602514927513,
            0.0,
            0.0,
            0.0,
            0.31055123773514715,
            0.44869660761708957,
            0.0,
            -0.3708039488028639,
            0.0,
            0.014702793563700698,
            0.12666746242990126,
            0.0,
            -0.017885311075022812,
            0.0,
            0.00011672704364683315,
            0.015548989872350576,
            0.0,
            -6.877366560735195e-05,
            0.0
        ],
        [
            0.6848602514927513,
            1.0000000000000002,
            0.0,
            0.0,
            0.0,
            0.4486966076170896,
            0.7682959297967445,
            0.0,
            -0.19059032343907809,
            0.0,
            0.1266674624299013,
            0.34842886781372484,
            0.0,
            -0.09840072199240384,
            0.0,
            0.015548989872350576,
            0.09327318178034391,
            0.0,
            -0.015447870299313732,
            0.0
        ],
        [
            0.0,
            0.0,
            1.0000000000000004,
            0.0,
            0.0,
            0.0,
            0.0,
            0.2079039057364022,
            0.0,
            0.0,
            0.0,
            0.0,
            0.0018683171170010855,
            0.0,
            0.0,
            0.0,
            0.0,
            7.257112132463703e-07,
            0.0,
            0.0
        ],
        [
            0.0,
            0.0,
            0.0,
            1.0000000000000004,
            0.0,
            0.3708039488028638,
            0.19059032343907797,
            0.0,
            -0.4451968155591216,
            0.0,
            0.017885311075022812,
            0.09840072199240381,
            0.0,
            -0.021607899020453347,
            0.0,
            6.877366560735194e-05,
            0.015447870299313719,
            0.0,
            -1.9791761204128248e-05,
            0.0
        ],
        [
            0.0,
            0.0,
            0.0,
            0.0,
            1.0000000000000004,
            0.0,
            0.0,
            0.0,
            0.0,
            0.2079039057364022,
            0.0,
            0.0,
            0.0,
            0.0,
            0.0018683171170010855,
            0.0,
            0.0,
            0.0,
            0.0,
            7.257112132463703e-07
        ],
        [
            0.31055123773514715,
            0.44869660761708957,
            0.0,
            0.3708039488028639,
            0.0,
            0.9999999999999999,
            0.6848602514927513,
            0.0,
            0.0,
            0.0,
            0.31055123773514715,
            0.44869660761708957,
            0.0,
            -0.37080394880286394,
            0.0,
            0.014702793563700753,
            0.12666746242990146,
            0.0,
            -0.017885311075022874,
            0.0
        ],
        [
            0.4486966076170896,
            0.7682959297967445,
            0.0,
            0.19059032343907809,
            0.0,
            0.6848602514927513,
            1.0000000000000002,
            0.0,
            0.0,
            0.0,
            0.4486966076170896,
            0.7682959297967445,
            0.0,
            -0.19059032343907792,
            0.0,
            0.12666746242990146,
            0.3484288678137252,
            0.0,
            -0.09840072199240389,
            0.0
        ],
        [
            0.0,
            0.0,
            0.2079039057364022,
            0.0,
            0.0,
            0.0,
            0.0,
            1.0000000000000004,
            0.0,
            0.0,
            0.0,
            0.0,
            0.2079039057364022,
            0.0,
            0.0,
            0.0,
            0.0,
            0.001868317117001094,
            0.0,
            0.0
        ],
        [
            -0.37080394880286377,
            -0.190590323439078,
            0.0,
            -0.4451968155591216,
            0.0,
            0.0,
            0.0,
            0.0,
            1.0000000000000004,
            0.0,
            0.37080394880286377,
            0.19059032343907786,
            0.0,
            -0.4451968155591216,
            0.0,
            0.017885311075022867,
            0.09840072199240386,
            0.0,
            -0.021607899020453424,
            0.0
        ],
        [
            0.0,
            0.0,
            0.0,
            0.0,
            0.2079039057364022,
            0.0,
            0.0,
            0.0,
            0.0,
            1.0000000000000004,
            0.0,
            0.0,
            0.0,
            0.0,
            0.2079039057364022,
            0.0,
            0.0,
            0.0,
            0.0,
            0.001868317117001094
        ],
        [
            0.014702793563700698,
            0.12666746242990126,
            0.0,
            0.017885311075022812,
            0.0,
            0.31055123773514715,
            0.44869660761708957,
            0.0,
            0.37080394880286394,
            0.0,
            0.9999999999999999,
            0.6848602514927513,
            0.0,
            0.0,
            0.0,
            0.3105512377351478,
            0.44869660761708996,
            0.0,
            -0.3708039488028644,
            0.0
        ],
        [
            0.1266674624299013,
            0.34842886781372484,
            0.0,
            0.09840072199240384,
            0.0,
            0.4486966076170896,
            0.7682959297967445,
            0.0,
            0.19059032343907792,
            0.0,
            0.6848602514927513,
            1.0000000000000002,
            0.0,
            0.0,
            0.0,
            0.44869660761708996,
            0.768295929796745,
            0.0,
            -0.19059032343907806,
            0.0
        ],
        [
            0.0,
            0.0,
            0.0018683171170010855,
            0.0,
            0.0,
            0.0,
            0.0,
            0.2079039057364022,
            0.0,
            0.0,
            0.0,
            0.0,
            1.0000000000000004,
            0.0,
            0.0,
            0.0,
            0.0,
            0.20790390573640266,
            0.0,
            0.0
        ],
        [
            -0.01788531107502281,
            -0.09840072199240382,
            0.0,
            -0.021607899020453347,
            0.0,
            -0.37080394880286377,
            -0.19059032343907786,
            0.0,
            -0.4451968155591216,
            0.0,
            0.0,
            0.0,
            0.0,
            1.0000000000000004,
            0.0,
            0.3708039488028644,
            0.19059032343907803,
            0.0,
            -0.4451968155591216,
            0.0
        ],
        [
            0.0,
            0.0,
            0.0,
            0.0,
            0.0018683171170010855,
            0.0,
            0.0,
            0.0,
            0.0,
            0.2079039057364022,
            0.0,
            0.0,
            0.0,
            0.0,
            1.0000000000000004,
            0.0,
            0.0,
            0.0,
            0.0,
            0.20790390573640266
        ],
        [
            0.00011672704364683315,
            0.015548989872350576,
            0.0,
            6.877366560735195e-05,
            0.0,
            0.014702793563700753,
            0.12666746242990146,
            0.0,
            0.017885311075022874,
            0.0,
            0.3105512377351478,
            0.44869660761708996,
            0.0,
            0.3708039488028644,
            0.0,
            0.9999999999999999,
            0.6848602514927513,
            0.0,
            0.0,
            0.0
        ],
        [
            0.015548989872350576,
            0.09327318178034391,
            0.0,
            0.015447870299313732,
            0.0,
            0.12666746242990146,
            0.3484288678137252,
            0.0,
            0.09840072199240389,
            0.0,
            0.44869660761708996,
            0.768295929796745,
            0.0,
            0.19059032343907806,
            0.0,
            0.6848602514927513,
            1.0000000000000002,
            0.0,
            0.0,
            0.0
        ],
        [
            0.0,
            0.0,
            7.257112132463703e-07,
            0.0,
            0.0,
            0.0,
            0.0,
            0.001868317117001094,
            0.0,
            0.0,
            0.0,
            0.0,
            0.20790390573640266,
            0.0,
            0.0,
            0.0,
            0.0,
            1.0000000000000004,
            0.0,
            0.0
        ],
        [
            -6.877366560735194e-05,
            -0.015447870299313713,
            0.0,
            -1.9791761204128248e-05,
            0.0,
            -0.017885311075022864,
            -0.09840072199240386,
            0.0,
            -0.021607899020453424,
            0.0,
            -0.3708039488028644,
            -0.19059032343907803,
            0.0,
            -0.4451968155591216,
            0.0,
            0.0,
            0.0,
            0.0,
            1.0000000000000004,
            0.0
        ],
        [
            0.0,
            0.0,
            0.0,
            0.0,
            7.257112132463703e-07,
            0.0,
            0.0,
            0.0,
            0.0,
            0.001868317117001094,
            0.0,
            0.0,
            0.0,
            0.0,
            0.20790390573640266,
            0.0,
            0.0,
            0.0,
            0.0,
            1.0000000000000004
        ]
    ],
    "h": [
        [
            -0.11934336951195679,
            -0.38953757913367615,
            -1.3031009920512472e-18,
            -0.13324343807038302,
            1.1399818214060485e-17,
            -0.3984016111292463,
            -0.36923328536572925,
            -5.784921137585396e-19,
            0.10136087273164962,
            2.129819435831517e-18,
            -0.06572556990360941,
            -0.1651465211069399,
            2.812866499364474e-19,
            0.10951326779117741,
            -6.493963541823533e-19,
            0.024251487128104952,
            -0.015477332550165937,
            1.4558653791577864e-19,
            -0.00028193269844290706,
            -2.2279000331719713e-19
        ],
        [
            -0.38953757913367615,
            -0.2763835735575999,
            1.2702752783594408e-18,
            -0.14020278214744672,
            8.061709062069722e-18,
            -0.40272428165561786,
            -0.3244853363059693,
            6.846539237391704e-19,
            0.0894529351208258,
            -4.328874507483316e-19,
            -0.15143874459179169,
            -0.20339947892091526,
            3.955481016625581e-19,
            0.11029583034725428,
            -7.8270451093485755e-19,
            -0.01547733255016593,
            -0.0652675752659813,
            1.5561850770657625e-19,
            0.026370559341500732,
            -2.0245383558416304e-19
        ],
        [
            -1.3031009920512472e-18,
            1.2702752783594408e-18,
            1.4980536310555634,
            1.7073055924684403e-18,
            4.827513091218688e-33,
            6.778312029344492e-18,
            8.193684050708381e-18,
            0.0656245074378784,
            5.483570274247509e-18,
            8.402773384043392e-34,
            1.3712361804441293e-17,
            1.3604890445913112e-17,
            -0.007569143626621028,
            5.258783510145682e-19,
            -5.439823991256235e-35,
            9.605215710925331e-18,
            1.1500137667972965e-17,
            0.00034596816179226745,
            -4.0473399290176376e-18,
            -5.5519948278712545e-36
        ],
        [
            -0.13324343807038302,
            -0.14020278214744672,
            1.7073055924684403e-18,
            1.3840425919124202,
            1.84109703956581e-18,
            -0.10574429748330005,
            -0.12093774474566765,
            8.264305189218991e-19,
            -0.5520549778675872,
            -2.8416218725180278e-18,
            -0.07085138466078805,
            -0.09092099295538257,
            1.8352411005164012e-19,
            0.09889981027502154,
            -2.1855224129358827e-19,
            0.00028193269844292316,
            -0.026370559341500597,
            5.185974766698175e-20,
            0.003722616594795107,
            -5.862395619913683e-20
        ],
        [
            1.1399818214060485e-17,
            8.061709062069722e-18,
            4.827513091218688e-33,
            1.84109703956581e-18,
            1.4980536310555632,
            2.1613981322649177e-18,
            -1.8438317574479182e-18,
            1.4600392332097585e-33,
            -1.2452208674427476e-17,
            0.0656245074378784,
            -1.8205157409933153e-17,
            -1.5508706736046025e-17,
            7.984359804900095e-35,
            -4.61841464851208e-18,
            -0.007569143626621028,
            -1.5555408502786644e-17,
            -1.7038702534437382e-17,
            -3.482181774945734e-36,
            6.012281002408341e-18,
            0.00034596816179226745
        ],
        [
            -0.3984016111292463,
            -0.40272428165561786,
            6.778312029344492e-18,
            -0.10574429748330005,
            2.1613981322649177e-18,
            -0.2013148407689942,
            -0.4689811404409694,
            3.1359440834793723e-18,
            0.03626293629249227,
            -5.194401623022025e-18,
            -0.31288230236632036,
            -0.34634707002499776,
            5.3970149186475775e-19,
            0.08858752386558255,
            -7.781916150447841e-19,
            -0.06572556990360957,
            -0.15143874459179157,
            1.2999075468944277e-19,
            0.0708513846607882,
            -7.140149130323068e-20
        ],
        [
            -0.36923328536572925,
            -0.3244853363059693,
            8.193684050708381e-18,
            -0.12093774474566765,
            -1.8438317574479182e-18,
            -0.4689811404409694,
            -0.3815087223054332,
            3.9233063676812485e-18,
            0.025926422113385278,
            -4.415308859446761e-18,
            -0.346347070024998,
            -0.3255902117684353,
            6.175597268725083e-19,
            0.06896212344332925,
            -9.759674030912848e-19,
            -0.16514652110694006,
            -0.20339947892091542,
            1.3362896700042435e-19,
            0.0909209929553828,
            -1.8130182573549361e-19
        ],
        [
            -5.784921137585396e-19,
            6.846539237391704e-19,
            0.0656245074378784,
            8.264305189218991e-19,
            1.4600392332097585e-33,
            3.1359440834793723e-18,
            3.9233063676812485e-18,
            1.4680822807912772,
            2.6305882492327947e-18,
            1.5044025786104068e-34,
            6.915767541147624e-18,
            6.513594793643585e-18,
            0.06476088076750391,
            1.9019827706218968e-19,
            -3.816436879705896e-35,
            4.54060563913047e-18,
            5.435186795299954e-18,
            -0.007569143626621052,
            -2.087734669358779e-18,
            -2.8693401192679204e-36
        ],
        [
            0.10136087273164962,
            0.0894529351208258,
            5.483570274247509e-18,
            -0.5520549778675872,
            -1.2452208674427476e-17,
            0.03626293629249227,
            0.025926422113385278,
            2.6305882492327947e-18,
            1.243939039921423,
            -8.915576868253996e-19,
            -0.088587523865582,
            -0.06896212344332953,
            6.277039445243563e-20,
            -0.5909810827268119,
            -1.3668059767411905e-19,
            -0.1095132677911775,
            -0.11029583034725421,
            -4.676595954557126e-20,
            0.0988998102750218,
            1.5523621045188353e-19
        ],
        [
            2.129819435831517e-18,
            -4.328874507483316e-19,
            8.402773384043392e-34,
            -2.8416218725180278e-18,
            0.0656245074378784,
            -5.194401623022025e-18,
            -4.415308859446761e-18,
            1.5044025786104068e-34,
            -8.915576868253996e-19,
            1.468082280791277,
            -4.8833830211393094e-18,
            -5.734836717193786e-18,
            9.967810122110267e-36,
            3.3164741293267747e-19,
            0.06476088076750391,
            -3.2840443407540283e-18,
            -4.1331828124814045e-18,
            -7.918475710897026e-37,
            1.3077259238920357e-18,
            -0.007569143626621052
        ],
        [
            -0.06572556990360941,
            -0.15143874459179169,
            1.3712361804441293e-17,
            -0.07085138466078805,
            -1.8205157409933153e-17,
            -0.31288230236632036,
            -0.346347070024998,
            6.915767541147624e-18,
            -0.088587523865582,
            -4.8833830211393094e-18,
            -0.2013148407689942,
            -0.46898114044097017,
            5.586550407438566e-19,
            -0.03626293629249272,
            -4.714210479743335e-19,
            -0.3984016111292472,
            -0.40272428165561786,
            -2.856179100539869e-20,
            0.10574429748329983,
            -5.793307618077637e-20
        ],
        [
            -0.1651465211069399,
            -0.20339947892091526,
            1.3604890445913112e-17,
            -0.09092099295538257,
            -1.5508706736046025e-17,
            -0.34634707002499776,
            -0.3255902117684353,
            6.513594793643585e-18,
            -0.06896212344332953,
            -5.734836717193786e-18,
            -0.46898114044097017,
            -0.381508722305433,
            6.478041075272948e-19,
            -0.025926422113385555,
            -5.076391482394462e-19,
            -0.3692332853657298,
            -0.32448533630597,
            1.7977421731167202e-20,
            0.12093774474566765,
            -2.6714933181279206e-19
        ],
        [
            2.812866499364474e-19,
            3.955481016625581e-19,
            -0.007569143626621028,
            1.8352411005164012e-19,
            7.984359804900095e-35,
            5.3970149186475775e-19,
            6.175597268725083e-19,
            0.06476088076750391,
            6.277039445243563e-20,
            9.967810122110267e-36,
            5.586550407438566e-19,
            6.478041075272948e-19,
            1.468082280791277,
            6.841936270910619e-20,
            -1.364851967958971e-35,
            4.387573138365261e-19,
            4.928146720673388e-19,
            0.06562450743787879,
            -2.0082583806434997e-19,
            -1.0118937364966393e-36
        ],
        [
            0.10951326779117741,
            0.11029583034725428,
            5.258783510145682e-19,
            0.09889981027502154,
            -4.61841464851208e-18,
            0.08858752386558255,
            0.06896212344332925,
            1.9019827706218968e-19,
            -0.5909810827268119,
            3.3164741293267747e-19,
            -0.03626293629249272,
            -0.025926422113385555,
            6.841936270910619e-20,
            1.2439390399214232,
            8.599217846078237e-19,
            -0.10136087273164973,
            -0.08945293512082586,
            -8.796646835261323e-20,
            -0.5520549778675887,
            -2.5512652007365043e-19
        ],
        [
            -6.493963541823533e-19,
            -7.8270451093485755e-19,
            -5.439823991256235e-35,
            -2.1855224129358827e-19,
            -0.007569143626621028,
            -7.781916150447841e-19,
            -9.759674030912848e-19,
            -3.816436879705896e-35,
            -1.3668059767411905e-19,
            0.06476088076750391,
            -4.714210479743335e-19,
            -5.076391482394462e-19,
            -1.364851967958971e-35,
            8.599217846078237e-19,
            1.4680822807912768,
            7.264218250891056e-19,
            2.3929835347567807e-19,
            -4.548957845257013e-37,
            -9.061437455631412e-20,
            0.06562450743787879
        ],
        [
            0.024251487128104952,
            -0.01547733255016593,
            9.605215710925331e-18,
            0.00028193269844292316,
            -1.5555408502786644e-17,
            -0.06572556990360957,
            -0.16514652110694006,
            4.54060563913047e-18,
            -0.1095132677911775,
            -3.2840443407540283e-18,
            -0.3984016111292472,
            -0.3692332853657298,
            4.387573138365261e-19,
            -0.10136087273164973,
            7.264218250891056e-19,
            -0.11934336951195834,
            -0.3895375791336775,
            -6.079856009944e-20,
            0.13324343807038339,
            -4.564347087335575e-19
        ],
        [
            -0.015477332550165937,
            -0.0652675752659813,
            1.1500137667972965e-17,
            -0.026370559341500597,
            -1.7038702534437382e-17,
            -0.15143874459179157,
            -0.20339947892091542,
            5.435186795299954e-18,
            -0.11029583034725421,
            -4.1331828124814045e-18,
            -0.40272428165561786,
            -0.32448533630597,
            4.928146720673388e-19,
            -0.08945293512082586,
            2.3929835347567807e-19,
            -0.3895375791336775,
            -0.2763835735575999,
            -4.471779059937979e-20,
            0.14020278214744697,
            -3.790064383973951e-19
        ],
        [
            1.4558653791577864e-19,
            1.5561850770657625e-19,
            0.00034596816179226745,
            5.185974766698175e-20,
            -3.482181774945734e-36,
            1.2999075468944277e-19,
            1.3362896700042435e-19,
            -0.007569143626621052,
            -4.676595954557126e-20,
            -7.918475710897026e-37,
            -2.856179100539869e-20,
            1.7977421731167202e-20,
            0.06562450743787879,
            -8.796646835261323e-20,
            -4.548957845257013e-37,
            -6.079856009944e-20,
            -4.471779059937979e-20,
            1.4980536310555623,
            3.2827418583657686e-20,
            -1.3121003281693304e-36
        ],
        [
            -0.00028193269844290706,
            0.026370559341500732,
            -4.0473399290176376e-18,
            0.003722616594795107,
            6.012281002408341e-18,
            0.0708513846607882,
            0.0909209929553828,
            -2.087734669358779e-18,
            0.0988998102750218,
            1.3077259238920357e-18,
            0.10574429748329983,
            0.12093774474566765,
            -2.0082583806434997e-19,
            -0.5520549778675887,
            -9.061437455631412e-20,
            0.13324343807038339,
            0.14020278214744697,
            3.2827418583657686e-20,
            1.384042591912418,
            1.3863093588231735e-19
        ],
        [
            -2.2279000331719713e-19,
            -2.0245383558416304e-19,
            -5.5519948278712545e-36,
            -5.862395619913683e-20,
            0.00034596816179226745,
            -7.140149130323068e-20,
            -1.8130182573549361e-19,
            -2.8693401192679204e-36,
            1.5523621045188353e-19,
            -0.007569143626621052,
            -5.793307618077637e-20,
            -2.6714933181279206e-19,
            -1.0118937364966393e-36,
            -2.5512652007365043e-19,
            0.06562450743787879,
            -4.564347087335575e-19,
            -3.790064383973951e-19,
            -1.3121003281693304e-36,
            1.3863093588231735e-19,
            1.498053631055562
        ]
    ]
}